Time,LXpix,LYpix,RXpix,RYpix,LXhref,LYhref,RXhref,RYhref,LP,RP
517132,454.34,287.625,458.98,290.1,-660,2491,-614,2521,1649,1451
517134,454.26,287.55,459.06,291.15,-661,2491,-614,2532,1649,1450
517136,454.1,287.55,458.58,291.45,-663,2490,-620,2535,1651,1451
517138,454.58,288.75,459.22,291.3,-658,2503,-613,2534,1649,1458
517140,454.58,288.45,459.94,290.55,-659,2500,-605,2527,1649,1459
517142,454.9,290.175,459.06,290.85,-657,2520,-615,2529,1651,1462
517144,454.98,290.775,459.54,291.9,-656,2526,-610,2541,1650,1458
517146,454.58,291.225,459.46,292.35,-660,2531,-611,2546,1654,1462
517148,455.22,291.6,459.78,292.875,-654,2535,-609,2552,1658,1458
517150,455.7,292.275,460.9,291.6,-650,2544,-596,2539,1659,1466
517152,455.14,292.425,461.3,292.5,-656,2545,-593,2549,1655,1464
517154,455.38,292.35,460.42,292.425,-653,2545,-602,2548,1657,1462
517156,455.78,293.475,461.86,292.275,-649,2557,-587,2548,1659,1461
517158,455.94,292.575,461.7,293.1,-647,2548,-588,2557,1658,1466
517160,456.42,294.075,461.62,292.65,-643,2565,-588,2553,1658,1466
517162,456.02,294.675,461.94,292.35,-647,2571,-585,2549,1660,1466
517164,456.5,294.525,461.62,292.125,-642,2570,-587,2547,1658,1465
517166,456.82,294.75,462.42,293.175,-638,2573,-580,2559,1659,1464
517168,456.74,294.6,462.98,291.6,-639,2572,-572,2543,1660,1468
517170,456.82,293.625,461.7,291.9,-637,2561,-586,2546,1665,1472
517172,456.58,294.75,462.58,291.75,-639,2574,-576,2545,1665,1470
517174,457.14,294.075,461.7,291.45,-633,2567,-584,2542,1662,1470
517176,456.82,294,462.42,291.15,-635,2567,-576,2539,1666,1472
517178,456.74,294.225,462.98,291.675,-636,2569,-570,2545,1669,1471
517180,457.78,293.4,462.18,291.075,-624,2562,-577,2538,1670,1472
517182,457.46,292.5,461.3,288.825,-626,2552,-584,2514,1668,1480
517184,457.22,294,462.1,290.25,-628,2567,-576,2530,1668,1479
517186,457.54,292.875,462.26,289.875,-624,2555,-573,2526,1673,1475
517188,457.06,292.95,462.26,289.575,-627,2557,-571,2523,1668,1477
517190,457.54,291.225,462.42,289.725,-621,2538,-570,2525,1673,1477
517192,457.38,291.675,461.78,289.425,-621,2543,-574,2521,1671,1477
517194,456.98,291.225,460.66,287.925,-624,2538,-585,2505,1671,1479
517196,456.98,292.125,461.86,288.975,-623,2548,-571,2516,1672,1474
517198,456.9,292.5,462.58,289.425,-624,2552,-564,2522,1670,1480
517200,456.98,291.45,461.7,288.225,-621,2540,-571,2508,1672,1479
517202,457.3,292.725,461.06,288,-618,2554,-576,2505,1670,1483
517204,457.14,291.825,461.22,289.725,-617,2544,-574,2523,1672,1475
517206,457.3,290.55,460.58,287.25,-615,2531,-580,2497,1667,1484
517208,457.14,291.9,460.42,288.675,-616,2544,-580,2511,1669,1484
517210,458.26,291.525,461.54,290.1,-604,2541,-569,2527,1669,1480
517212,459.46,293.25,462.18,290.25,-591,2560,-561,2529,1669,1482
517214,460.74,295.125,462.5,294.15,-579,2581,-561,2572,1669,1483
517216,462.1,297.225,462.82,295.125,-565,2605,-556,2582,1670,1484
517218,463.22,298.875,462.58,296.175,-555,2623,-559,2593,1669,1484
517220,462.98,298.125,462.18,297.675,-555,2615,-563,2609,1671,1483
517222,462.74,297.975,463.38,295.95,-557,2613,-550,2591,1670,1484
517224,462.26,298.725,462.82,296.1,-561,2620,-554,2592,1672,1484
517226,461.22,296.925,462.58,295.05,-571,2600,-555,2580,1677,1486
517228,461.06,296.625,462.26,295.65,-570,2597,-557,2587,1673,1485
517230,461.7,297.075,462.42,294.15,-564,2601,-555,2570,1674,1482
517232,461.06,296.7,462.82,294.3,-568,2597,-549,2572,1671,1482
517234,461.38,298.2,462.18,294.525,-566,2613,-555,2574,1674,1482
517236,461.94,299.475,462.66,295.65,-559,2628,-549,2587,1674,1485
517238,461.86,298.575,462.02,295.2,-559,2618,-555,2581,1675,1486
517240,461.62,298.275,461.7,296.1,-559,2615,-558,2591,1673,1485
517242,462.02,298.95,463.46,295.65,-556,2622,-539,2587,1673,1487
517244,461.86,298.425,462.1,296.025,-556,2617,-551,2590,1672,1486
517246,461.86,297.375,462.42,295.725,-555,2605,-548,2587,1680,1490
517248,462.02,298.125,462.1,294.6,-552,2614,-549,2575,1679,1487
517250,461.78,297.525,462.34,295.5,-554,2607,-547,2585,1676,1488
517252,462.34,296.55,463.22,294.9,-546,2597,-536,2580,1678,1486
517254,461.94,297.225,462.42,295.125,-550,2604,-545,2581,1677,1487
517256,461.86,297.675,462.9,294.525,-550,2609,-537,2576,1676,1488
517258,462.18,297.225,462.42,294.975,-546,2605,-543,2580,1679,1488
517260,462.1,297.225,461.78,295.2,-546,2605,-547,2583,1679,1487
517262,461.78,296.625,462.74,293.775,-548,2599,-537,2568,1679,1489
517264,462.26,296.1,462.02,294.6,-541,2594,-543,2577,1680,1487
517266,461.62,296.25,461.94,294.975,-548,2595,-543,2581,1680,1490
517268,462.58,295.875,462.26,293.7,-536,2591,-538,2567,1682,1488
517270,462.66,295.65,463.14,293.325,-535,2589,-528,2564,1683,1493
517272,462.98,295.2,462.02,294.375,-530,2584,-539,2575,1683,1489
517274,462.98,295.5,461.94,292.5,-530,2588,-539,2554,1686,1493
517276,462.5,295.275,461.7,293.475,-534,2585,-541,2565,1683,1489
517278,462.98,294.675,461.94,292.875,-528,2579,-537,2559,1684,1488
517280,463.38,295.5,461.62,291.975,-523,2588,-539,2549,1688,1488
517282,463.62,294.3,461.46,293.1,-520,2575,-541,2561,1685,1484
517284,463.78,294.675,461.94,293.625,-518,2580,-536,2568,1683,1485
517286,463.38,294.75,460.5,294.45,-522,2581,-551,2575,1679,1481
517288,463.38,294.525,461.06,294.15,-521,2578,-545,2573,1683,1485
517290,463.46,294.6,461.54,293.325,-520,2579,-539,2564,1684,1475
517292,463.3,294.675,460.82,294,-521,2581,-546,2572,1684,1484
517294,463.46,294.375,461.14,293.925,-519,2577,-542,2571,1683,1483
517296,462.9,295.125,460.9,293.475,-525,2586,-544,2566,1686,1481
517298,462.82,296.175,460.74,294.525,-526,2596,-546,2578,1682,1484
517300,462.74,295.125,461.22,294.6,-525,2586,-540,2579,1687,1480
517302,462.42,296.25,460.9,294.225,-529,2598,-543,2574,1683,1475
517304,462.74,296.25,459.54,295.65,-525,2598,-558,2590,1683,1477
517306,463.06,297.525,459.78,295.725,-523,2612,-555,2591,1681,1476
517308,462.18,296.4,460.66,295.575,-531,2600,-545,2590,1680,1471
517310,462.58,297.225,460.26,294.45,-527,2609,-549,2577,1679,1474
517312,462.26,298.5,459.54,295.575,-531,2623,-557,2590,1677,1474
517314,462.42,297.975,459.38,295.725,-529,2617,-558,2591,1678,1475
517316,462.98,297,459.54,296.4,-522,2607,-557,2599,1681,1474
517318,463.22,298.425,459.22,297.075,-521,2623,-561,2606,1681,1473
517320,463.62,299.175,459.7,298.875,-517,2632,-556,2627,1682,1470
517322,462.26,298.725,459.3,297.225,-530,2627,-560,2609,1677,1468
517324,462.5,299.325,459.7,297.75,-528,2634,-556,2615,1680,1470
517326,463.22,299.7,459.14,298.35,-521,2639,-562,2621,1684,1466
517328,462.1,299.025,458.66,298.425,-532,2631,-568,2622,1678,1465
517330,460.5,299.25,457.22,296.625,-549,2632,-580,2602,1674,1461
517332,457.94,299.175,453.38,295.05,-576,2631,-619,2583,1676,1455
517334,448.5,294.75,445.06,290.325,-669,2577,-701,2527,1681,1461
517336,438.26,288.975,433.78,279.75,-770,2509,-809,2406,1682,1461
517338,426.5,278.625,419.62,269.175,-883,2389,-947,2283,1672,1459
517340,410.98,268.05,404.66,255.975,-1034,2266,-1090,2132,1661,1455
517342,397.22,255.375,388.42,241.95,-1166,2121,-1245,1971,1671,1459
517344,383.38,241.95,372.82,231.075,-1298,1968,-1398,1844,1660,1445
517346,372.66,230.625,359.3,219.075,-1399,1839,-1526,1707,1646,1436
517348,362.66,221.025,346.58,208.425,-1495,1730,-1649,1585,1630,1422
517350,352.98,211.575,332.02,201,-1586,1622,-1792,1496,1616,1418
517352,344.26,204.3,318.9,195.825,-1671,1539,-1924,1432,1602,1405
517354,337.14,197.1,306.66,189.6,-1738,1457,-2044,1357,1586,1392
517356,332.02,195.675,296.42,187.35,-1790,1439,-2148,1327,1578,1388
517358,327.22,194.925,289.14,185.775,-1839,1428,-2222,1305,1577,1386
517360,324.5,195.525,282.74,186.225,-1868,1432,-2290,1305,1573,1381
517362,324.82,195.75,280.34,185.775,-1866,1434,-2314,1298,1575,1383
517364,324.98,195.375,280.82,186.6,-1865,1430,-2311,1307,1576,1382
517366,324.82,194.925,281.62,186.6,-1867,1425,-2303,1308,1576,1382
517368,324.5,193.8,282.9,186.3,-1871,1412,-2291,1304,1587,1383
517370,324.42,193.275,284.98,185.025,-1871,1406,-2269,1293,1591,1388
517372,322.74,190.65,284.9,183.15,-1888,1377,-2270,1271,1593,1386
517374,322.58,191.025,284.5,183.375,-1890,1381,-2274,1274,1596,1380
517376,321.3,190.65,285.06,183.9,-1905,1375,-2271,1278,1597,1382
517378,321.14,192.825,283.54,184.125,-1908,1398,-2287,1280,1599,1386
517380,320.58,191.775,284.1,185.325,-1915,1386,-2284,1292,1596,1381
517382,320.66,193.65,283.7,185.25,-1916,1406,-2288,1291,1593,1378
517384,320.9,194.1,283.46,186.075,-1916,1409,-2294,1300,1591,1380
517386,320.1,193.725,284.82,186.6,-1924,1405,-2280,1306,1594,1378
517388,319.62,192.9,284.74,186.9,-1931,1396,-2283,1308,1589,1379
517390,319.86,192.9,284.98,187.425,-1928,1396,-2281,1314,1585,1373
517392,319.3,193.95,284.26,187.65,-1937,1406,-2291,1315,1585,1371
517394,318.02,193.425,284.5,187.35,-1950,1399,-2288,1312,1579,1374
517396,318.34,193.875,283.94,187.35,-1949,1403,-2297,1311,1582,1371
517398,316.9,193.875,283.38,187.05,-1964,1403,-2302,1308,1577,1370
517400,316.9,193.5,284.26,186.825,-1966,1398,-2295,1306,1574,1367
517402,316.9,193.725,283.94,187.725,-1966,1401,-2299,1315,1573,1368
517404,316.58,192.75,284.42,186.675,-1971,1390,-2296,1304,1576,1366
517406,317.38,193.35,284.9,187.2,-1963,1397,-2292,1309,1574,1365
517408,316.74,194.175,284.42,187.05,-1973,1404,-2299,1307,1573,1367
517410,317.06,194.1,284.58,186.6,-1970,1404,-2296,1302,1570,1371
517412,315.94,193.8,285.38,186.6,-1984,1399,-2291,1302,1573,1365
517414,316.58,193.35,285.78,186.975,-1977,1395,-2287,1307,1572,1363
517416,316.58,194.625,286.58,186.075,-1980,1408,-2281,1297,1571,1365
517418,316.82,193.65,286.58,186.3,-1977,1398,-2281,1300,1572,1360
517420,316.34,194.025,286.58,186.675,-1985,1402,-2284,1304,1573,1357
517422,316.5,193.2,287.22,185.775,-1982,1393,-2276,1295,1574,1359
517424,316.26,192.3,286.66,185.625,-1986,1383,-2285,1292,1575,1359
517426,316.58,192.15,286.58,185.925,-1983,1382,-2286,1295,1574,1357
517428,316.66,191.925,286.74,185.025,-1985,1379,-2286,1285,1570,1356
517430,316.9,192.825,286.5,185.175,-1983,1389,-2288,1287,1570,1354
517432,316.5,191.625,285.7,184.575,-1988,1375,-2299,1279,1572,1352
517434,316.42,191.325,286.42,183.825,-1989,1372,-2291,1272,1570,1353
517436,316.26,191.7,286.34,184.725,-1993,1375,-2294,1281,1569,1353
517438,316.42,192,286.18,184.575,-1992,1379,-2295,1279,1568,1352
517440,316.26,191.625,286.02,184.725,-1994,1373,-2299,1280,1566,1351
517442,316.26,190.875,286.18,184.35,-1995,1366,-2298,1276,1569,1352
517444,315.7,191.625,286.5,184.35,-2002,1372,-2296,1275,1569,1351
517446,315.38,190.725,285.94,184.5,-2005,1363,-2302,1276,1571,1350
517448,315.7,191.475,285.3,183.6,-2004,1370,-2309,1266,1571,1350
517450,315.62,191.325,285.54,184.95,-2005,1368,-2309,1280,1566,1349
517452,315.22,191.325,285.78,185.175,-2010,1367,-2308,1282,1567,1345
517454,314.5,191.7,284.82,184.95,-2018,1371,-2317,1279,1567,1345
517456,314.98,191.025,285.06,184.125,-2014,1362,-2315,1269,1563,1343
517458,314.34,192.075,285.38,185.475,-2022,1374,-2313,1284,1562,1347
517460,314.42,191.175,285.7,184.875,-2021,1363,-2311,1277,1559,1345
517462,314.18,191.025,284.98,183.975,-2024,1361,-2317,1266,1561,1346
517464,314.34,190.875,284.9,183.9,-2023,1359,-2320,1264,1561,1344
517466,313.78,190.725,285.38,184.875,-2028,1357,-2315,1276,1563,1343
517468,314.18,190.65,285.46,184.5,-2026,1355,-2315,1270,1562,1344
517470,314.58,191.1,285.14,183.225,-2021,1360,-2317,1257,1555,1335
517472,314.5,191.325,285.86,185.1,-2024,1361,-2313,1275,1559,1339
517474,314.26,191.7,286.5,183.975,-2026,1365,-2305,1264,1555,1336
517476,314.18,190.425,285.86,184.65,-2027,1350,-2313,1270,1559,1334
517478,314.42,190.275,286.58,183.75,-2025,1349,-2305,1261,1554,1332
517480,314.1,191.775,285.46,183.375,-2030,1363,-2317,1255,1553,1336
517482,314.02,190.05,285.78,183.975,-2030,1345,-2314,1261,1553,1329
517484,314.26,190.05,285.7,183.525,-2028,1344,-2316,1255,1550,1329
517486,315.22,190.575,286.18,183.9,-2019,1350,-2312,1260,1549,1330
517488,314.42,190.575,286.34,184.5,-2028,1349,-2312,1265,1549,1329
517490,314.58,190.125,286.18,184.875,-2026,1344,-2313,1269,1545,1328
517492,315.3,191.025,287.06,183.675,-2020,1353,-2304,1255,1541,1327
517494,315.46,190.425,286.74,183.525,-2018,1347,-2308,1254,1546,1320
517496,315.3,190.425,288.02,183.75,-2021,1345,-2295,1256,1543,1323
517498,315.14,190.8,287.7,184.125,-2023,1349,-2299,1260,1541,1323
517500,315.06,190.575,286.1,183.45,-2024,1346,-2315,1249,1542,1317
517502,315.46,191.175,287.14,183.375,-2020,1352,-2304,1249,1540,1317
517504,315.22,190.95,286.82,182.55,-2023,1348,-2308,1239,1538,1312
517506,314.98,190.8,286.9,182.1,-2026,1347,-2306,1235,1539,1309
517508,315.46,190.05,287.7,181.725,-2020,1337,-2299,1230,1538,1306
517510,314.5,190.65,287.22,181.95,-2031,1343,-2303,1232,1537,1305
517512,315.94,191.625,287.62,183.9,-2017,1353,-2301,1252,1533,1302
517514,315.54,190.5,287.14,181.95,-2021,1341,-2305,1231,1536,1297
517516,316.02,190.8,287.3,183.3,-2016,1343,-2304,1244,1534,1303
517518,315.22,190.65,286.5,183.15,-2024,1341,-2313,1241,1529,1301
517520,315.38,190.275,287.22,182.7,-2022,1336,-2305,1236,1532,1303
517522,315.14,190.275,286.42,182.625,-2025,1336,-2314,1234,1531,1300
517524,314.9,191.325,286.34,182.4,-2029,1345,-2314,1231,1526,1291
517526,315.14,190.35,286.66,182.475,-2025,1335,-2311,1232,1530,1294
517528,315.46,190.35,286.82,183.975,-2022,1334,-2311,1246,1523,1290
517530,315.06,191.025,286.82,183.75,-2027,1341,-2310,1244,1520,1287
517532,314.82,189.75,286.74,182.7,-2027,1326,-2310,1232,1524,1287
517534,314.9,190.8,286.58,181.95,-2028,1337,-2311,1223,1521,1287
517536,315.22,191.1,287.46,182.7,-2025,1340,-2302,1231,1518,1286
517538,315.38,191.925,286.98,182.85,-2024,1348,-2308,1232,1517,1284
517540,314.9,191.4,286.9,183.45,-2028,1342,-2309,1237,1519,1280
517542,315.06,192.375,286.82,184.275,-2027,1352,-2310,1246,1515,1278
517544,314.58,193.275,286.82,183.75,-2033,1360,-2310,1240,1513,1283
517546,314.66,192,285.62,182.85,-2031,1347,-2321,1229,1518,1287
517548,314.1,191.85,286.74,183.375,-2037,1344,-2310,1235,1516,1278
517550,312.98,190.725,284.5,181.8,-2047,1331,-2332,1216,1514,1275
517552,310.42,189,282.34,179.4,-2072,1310,-2352,1188,1509,1276
517554,308.42,186.3,277.94,177.45,-2090,1279,-2395,1165,1506,1273
517556,305.62,182.025,274.58,175.125,-2115,1232,-2428,1137,1499,1270
517558,304.9,180.3,273.06,173.4,-2121,1213,-2442,1117,1492,1264
517560,305.7,178.875,272.98,173.775,-2111,1197,-2443,1121,1486,1263
517562,307.86,179.4,273.22,173.85,-2090,1205,-2440,1122,1484,1261
517564,309.22,180,274.18,173.325,-2076,1212,-2430,1116,1481,1261
517566,308.82,179.475,274.98,174.9,-2080,1206,-2424,1133,1478,1259
517568,309.78,180.6,274.82,176.625,-2071,1217,-2427,1151,1478,1254
517570,309.54,180.45,275.78,175.575,-2073,1216,-2415,1141,1477,1254
517572,308.74,181.8,274.74,175.2,-2083,1229,-2426,1135,1477,1252
517574,308.98,181.425,274.58,175.125,-2080,1225,-2428,1134,1478,1255
517576,308.34,181.575,274.42,174.525,-2086,1227,-2429,1128,1474,1250
517578,308.66,181.875,274.26,174.975,-2084,1230,-2431,1133,1472,1249
517580,308.74,181.575,274.26,175.725,-2082,1227,-2431,1141,1473,1246
517582,307.94,182.175,274.66,176.025,-2091,1233,-2428,1144,1470,1250
517584,307.62,182.25,274.66,175.2,-2094,1233,-2427,1135,1464,1246
517586,307.94,182.325,274.74,176.625,-2091,1234,-2427,1151,1464,1243
517588,307.46,182.25,275.14,177.225,-2097,1233,-2424,1157,1463,1239
517590,307.62,181.875,274.74,176.175,-2095,1229,-2427,1146,1464,1230
517592,306.98,182.25,274.58,175.8,-2102,1233,-2429,1142,1459,1227
517594,307.06,181.875,274.98,174.975,-2101,1229,-2424,1134,1461,1225
517596,307.3,182.475,274.34,175.275,-2099,1236,-2431,1137,1452,1226
517598,306.66,181.575,274.02,174.45,-2105,1226,-2434,1128,1453,1222
517600,306.58,181.575,274.9,175.35,-2106,1226,-2426,1138,1449,1219
517602,306.02,181.5,274.26,175.2,-2111,1225,-2432,1136,1452,1217
517604,306.66,182.475,275.06,175.275,-2106,1236,-2424,1137,1449,1218
517606,307.46,182.475,274.42,175.875,-2097,1237,-2431,1144,1445,1216
517608,306.74,183.15,273.54,175.725,-2106,1243,-2441,1142,1441,1216
517610,307.3,182.7,273.78,174.975,-2100,1239,-2437,1134,1444,1215
517612,307.22,182.775,274.18,175.425,-2100,1240,-2434,1139,1441,1212
517614,307.38,183.6,273.7,176.25,-2099,1249,-2440,1147,1439,1212
517616,307.06,184.2,274.42,176.55,-2104,1256,-2433,1152,1436,1208
517618,306.74,183.825,274.18,176.1,-2106,1251,-2434,1147,1437,1206
517620,306.74,184.725,274.18,175.725,-2107,1261,-2434,1143,1434,1207
517622,307.14,183.675,273.22,175.35,-2102,1251,-2444,1139,1434,1202
517624,306.1,184.35,273.46,176.1,-2114,1258,-2442,1147,1433,1202
517626,306.58,186,272.74,178.5,-2110,1276,-2452,1172,1429,1197
517628,306.98,185.7,273.86,176.325,-2106,1273,-2438,1150,1426,1198
517630,306.66,186.75,273.3,175.425,-2110,1284,-2443,1140,1424,1192
517632,306.42,185.775,273.06,177.45,-2112,1274,-2447,1163,1422,1189
517634,307.38,187.35,273.78,175.575,-2104,1291,-2439,1143,1413,1193
517636,307.78,187.125,272.9,175.2,-2099,1290,-2447,1139,1405,1189
517638,306.82,186.75,272.9,176.625,-2109,1286,-2449,1155,1411,1189
517640,307.86,186.825,272.74,175.65,-2098,1288,-2449,1144,1405,1183
517642,307.46,186.45,272.34,174.975,-2102,1283,-2452,1137,1409,1188
517644,308.58,186.975,272.18,176.4,-2090,1290,-2455,1152,1403,1183
517646,308.66,187.2,272.58,174.675,-2090,1292,-2450,1135,1399,1180
517648,308.42,187.65,272.74,174.975,-2093,1297,-2448,1138,1397,1182
517650,308.74,187.95,272.34,175.575,-2089,1301,-2453,1145,1393,1174
517652,309.22,187.425,272.02,174,-2085,1296,-2455,1128,1395,1174
517654,308.66,187.875,271.86,174.675,-2091,1301,-2457,1135,1392,1172
517656,308.26,188.025,271.94,175.125,-2094,1302,-2456,1140,1389,1166
517658,308.02,188.625,271.14,174.6,-2097,1308,-2464,1134,1389,1169
517660,308.18,188.7,271.3,175.95,-2095,1310,-2463,1149,1387,1162
517662,307.7,188.85,271.22,175.65,-2101,1311,-2464,1146,1388,1167
517664,308.34,188.475,271.22,174.975,-2094,1308,-2463,1139,1387,1166
517666,308.02,188.625,271.22,175.425,-2097,1309,-2464,1143,1385,1165
517668,308.02,188.325,270.5,174.525,-2096,1306,-2469,1134,1385,1165
517670,308.34,188.55,271.3,174.825,-2093,1309,-2462,1138,1384,1161
517672,308.26,188.7,270.5,176.175,-2094,1311,-2471,1152,1382,1162
517674,307.86,188.4,271.22,175.35,-2097,1307,-2462,1143,1379,1156
517676,309.3,188.925,271.54,175.425,-2083,1314,-2460,1145,1375,1156
517678,308.1,187.95,271.22,176.025,-2095,1303,-2463,1150,1375,1158
517680,307.78,187.875,271.38,175.05,-2097,1302,-2460,1140,1374,1157
517682,308.1,187.875,270.74,175.95,-2095,1302,-2467,1149,1371,1142
517684,307.7,188.475,271.54,175.5,-2099,1308,-2459,1146,1368,1148
517686,308.42,188.025,271.22,175.125,-2091,1303,-2462,1141,1369,1143
517688,308.02,188.25,272.42,175.125,-2094,1305,-2449,1141,1366,1140
517690,308.58,187.65,270.82,176.55,-2089,1299,-2467,1156,1360,1135
517692,309.22,187.575,271.7,175.725,-2081,1299,-2457,1147,1359,1136
517694,308.58,187.275,272.9,175.5,-2088,1295,-2444,1145,1358,1137
517696,309.3,187.575,272.02,175.875,-2080,1299,-2453,1149,1355,1134
517698,310.1,187.2,270.82,174.9,-2072,1295,-2465,1138,1352,1138
517700,310.5,187.725,270.9,175.95,-2067,1300,-2464,1148,1350,1132
517702,310.82,187.275,270.5,174.975,-2063,1295,-2467,1137,1347,1132
517704,310.02,186.825,271.3,174.75,-2071,1290,-2458,1135,1349,1130
517706,310.66,187.5,271.62,174.75,-2065,1297,-2455,1135,1345,1126
517708,311.06,187.425,271.54,173.625,-2060,1296,-2454,1123,1341,1128
517710,310.74,186.9,271.46,173.925,-2063,1290,-2455,1126,1343,1124
517712,310.9,187.275,272.02,174.15,-2061,1293,-2449,1127,1342,1124
517714,310.02,186.975,271.14,174.3,-2070,1290,-2458,1128,1335,1122
517716,307.38,188.325,268.18,174.225,-2097,1301,-2488,1125,1334,1119
517718,301.3,189.15,261.7,175.35,-2161,1306,-2555,1132,1338,1121
517720,293.94,192.675,253.46,177.45,-2239,1338,-2642,1148,1334,1117
517722,283.06,194.175,241.7,178.8,-2352,1346,-2764,1155,1330,1112
517724,270.58,195.6,228.42,178.725,-2481,1352,-2901,1144,1331,1113
517726,259.06,195.45,213.7,179.925,-2600,1342,-3054,1146,1324,1110
517728,245.62,196.2,198.82,182.025,-2739,1341,-3209,1157,1321,1103
517730,233.06,196.05,186.58,180.975,-2868,1331,-3335,1138,1314,1104
517732,221.78,197.1,173.62,182.325,-2985,1333,-3470,1143,1305,1100
517734,209.86,196.575,160.02,184.275,-3109,1320,-3614,1155,1299,1095
517736,199.78,199.875,148.9,184.65,-3216,1347,-3729,1150,1288,1089
517738,191.86,201.6,138.74,185.175,-3299,1360,-3835,1149,1277,1090
517740,187.3,203.475,130.98,186.675,-3349,1376,-3918,1158,1276,1088
517742,185.46,206.85,126.9,188.925,-3371,1412,-3963,1180,1286,1086
517744,185.3,208.275,125.78,189.9,-3374,1426,-3975,1188,1283,1089
517746,186.26,209.475,127.7,190.65,-3365,1439,-3956,1198,1281,1085
517748,187.14,210,128.26,191.1,-3356,1444,-3949,1202,1283,1083
517750,187.78,209.4,130.18,190.725,-3348,1438,-3929,1199,1281,1089
517752,187.78,208.95,131.94,190.35,-3347,1433,-3910,1196,1281,1084
517754,188.02,208.95,132.1,190.125,-3345,1433,-3908,1193,1288,1085
517756,186.82,209.7,131.54,189.15,-3358,1439,-3912,1181,1285,1084
517758,185.86,209.1,131.38,187.875,-3367,1432,-3913,1168,1287,1084
517760,185.22,208.875,129.46,188.1,-3373,1429,-3933,1168,1284,1084
517762,185.78,208.95,130.18,188.85,-3368,1430,-3926,1177,1280,1077
517764,185.94,208.95,130.18,189.375,-3366,1430,-3927,1182,1276,1081
517766,185.54,209.175,130.98,190.425,-3370,1432,-3920,1193,1276,1075
517768,185.94,207.9,130.18,191.1,-3365,1417,-3929,1200,1265,1072
517770,184.82,207.9,130.66,190.875,-3377,1417,-3924,1198,1268,1072
517772,185.14,208.65,131.3,191.85,-3374,1425,-3918,1209,1265,1070
517774,185.62,206.4,131.54,190.5,-3367,1401,-3914,1194,1260,1069
517776,184.98,207.3,131.3,190.5,-3375,1410,-3917,1193,1257,1070
517778,184.9,207,131.14,190.2,-3376,1406,-3919,1190,1259,1068
517780,184.18,207.45,130.5,190.125,-3384,1410,-3925,1188,1260,1068
517782,185.22,207.6,131.22,189.75,-3373,1413,-3917,1185,1256,1065
517784,184.82,205.8,131.14,190.05,-3376,1393,-3919,1188,1255,1065
517786,184.9,206.325,131.22,189.6,-3376,1398,-3918,1183,1250,1064
517788,184.9,206.775,131.22,190.2,-3376,1403,-3919,1189,1251,1066
517790,184.82,205.875,131.3,189.3,-3377,1393,-3917,1179,1252,1064
517792,184.5,205.8,131.62,189.45,-3380,1392,-3915,1180,1250,1062
517794,184.82,206.1,129.94,189,-3377,1395,-3931,1175,1247,1063
517796,184.66,206.4,130.34,189.075,-3380,1398,-3928,1175,1247,1059
517798,184.18,206.1,130.58,189.825,-3385,1394,-3926,1184,1244,1059
517800,184.5,206.175,131.06,189,-3382,1394,-3921,1174,1245,1060
517802,184.02,206.1,130.98,188.55,-3387,1393,-3922,1169,1244,1060
517804,184.18,206.175,130.34,189.675,-3386,1394,-3930,1181,1244,1055
517806,184.34,206.85,130.66,189.45,-3385,1402,-3927,1178,1242,1058
517808,184.18,206.7,130.5,190.05,-3388,1399,-3930,1184,1241,1054
517810,183.78,206.85,129.78,190.35,-3392,1401,-3938,1187,1239,1054
517812,183.7,208.125,130.58,190.5,-3395,1414,-3930,1189,1240,1052
517814,183.62,207.075,130.42,190.125,-3394,1403,-3932,1185,1240,1053
517816,183.62,207.45,131.06,190.275,-3396,1407,-3926,1187,1238,1053
517818,183.38,207.675,130.74,191.175,-3399,1409,-3930,1196,1235,1052
517820,183.3,207.375,131.14,190.8,-3400,1405,-3927,1191,1236,1053
517822,183.14,207.675,130.02,190.275,-3402,1408,-3938,1185,1236,1050
517824,182.98,207.9,129.86,191.625,-3405,1410,-3943,1199,1235,1047
517826,182.74,208.575,130.1,190.875,-3409,1417,-3939,1191,1232,1050
517828,183.86,208.125,130.02,191.4,-3397,1412,-3941,1196,1231,1048
517830,182.9,208.35,130.02,191.025,-3407,1414,-3941,1192,1232,1045
517832,183.86,208.875,130.18,190.875,-3399,1420,-3940,1190,1232,1046
517834,183.22,208.8,130.34,190.575,-3406,1419,-3938,1187,1232,1042
517836,183.06,207.525,130.66,190.575,-3407,1404,-3936,1186,1232,1047
517838,182.82,207.9,130.9,189.675,-3410,1408,-3932,1177,1230,1048
517840,182.66,208.5,130.66,189.675,-3413,1413,-3935,1176,1228,1047
517842,182.98,207.9,130.98,190.125,-3409,1407,-3933,1181,1230,1041
517844,182.58,208.05,131.22,189.825,-3415,1408,-3931,1177,1229,1042
517846,182.66,208.125,131.14,189.375,-3414,1408,-3931,1172,1227,1045
517848,182.74,208.425,131.3,189.975,-3414,1411,-3931,1178,1225,1040
517850,182.66,207.6,130.98,188.85,-3414,1401,-3934,1166,1227,1042
517852,183.06,206.475,131.14,188.25,-3409,1389,-3932,1158,1226,1045
517854,182.02,207.225,130.74,189.525,-3421,1396,-3937,1171,1227,1039
517856,182.9,206.625,130.74,189.075,-3412,1389,-3938,1165,1227,1037
517858,181.86,206.775,131.22,186.525,-3423,1390,-3930,1138,1229,1040
517860,182.82,207,131.7,186.975,-3414,1391,-3926,1142,1228,1041
517862,181.94,207.15,131.46,187.125,-3423,1392,-3929,1143,1227,1043
517864,182.34,206.7,130.66,187.2,-3419,1385,-3937,1141,1226,1034
517866,181.86,206.625,131.38,187.2,-3424,1384,-3930,1141,1222,1036
517868,181.78,206.1,130.58,186.9,-3425,1376,-3939,1135,1221,1030
517870,181.7,205.875,129.86,185.325,-3426,1374,-3945,1118,1219,1029
517872,181.54,206.1,129.94,186.225,-3428,1373,-3945,1126,1218,1034
517874,181.62,205.95,130.26,185.775,-3427,1372,-3941,1121,1217,1027
517876,181.38,206.325,131.38,186.075,-3431,1373,-3931,1122,1217,1030
517878,181.86,205.725,129.38,185.4,-3425,1367,-3951,1114,1216,1029
517880,181.3,205.875,130.18,185.775,-3432,1366,-3944,1116,1215,1025
517882,180.66,205.875,130.02,185.925,-3439,1366,-3946,1117,1211,1028
517884,180.82,205.725,129.62,185.55,-3438,1361,-3950,1110,1214,1027
517886,180.9,205.8,129.3,184.275,-3437,1363,-3952,1096,1210,1025
517888,180.18,205.5,128.74,184.875,-3444,1356,-3959,1100,1211,1025
517890,180.82,205.575,129.94,183.6,-3437,1357,-3945,1087,1213,1025
517892,181.06,206.25,130.18,185.025,-3436,1362,-3945,1099,1211,1024
517894,182.9,204.3,133.46,185.1,-3415,1342,-3911,1103,1210,1024
517896,186.66,205.5,139.3,187.275,-3377,1355,-3852,1127,1212,1027
517898,196.5,206.85,148.18,190.35,-3276,1376,-3763,1167,1212,1032
517900,210.02,209.4,164.1,194.775,-3139,1410,-3602,1222,1214,1036
517902,226.5,213.825,182.02,201.75,-2972,1469,-3422,1309,1216,1034
517904,249.38,219,204.34,211.65,-2740,1536,-3201,1428,1219,1026
517906,273.46,224.85,229.22,217.875,-2496,1616,-2948,1511,1223,1038
517908,300.58,232.5,254.9,226.275,-2223,1714,-2690,1616,1228,1046
517910,326.9,238.875,280.1,230.7,-1957,1800,-2433,1681,1234,1058
517912,355.22,248.925,308.82,235.65,-1674,1924,-2141,1750,1238,1055
517914,384.66,255.3,334.42,239.25,-1376,2011,-1880,1807,1247,1056
517916,411.7,260.175,359.54,246.975,-1102,2079,-1627,1903,1252,1060
517918,439.14,262.125,385.06,251.775,-823,2117,-1369,1972,1262,1055
517920,467.22,264.45,410.9,254.925,-537,2159,-1106,2020,1262,1054
517922,491.86,264.675,435.3,257.55,-286,2177,-859,2065,1263,1059
517924,518.02,267.375,459.14,263.325,-22,2221,-619,2140,1265,1065
517926,541.78,269.925,479.86,267.825,217,2263,-411,2201,1268,1065
517928,563.86,272.025,497.46,272.175,440,2298,-234,2258,1271,1060
517930,580.5,273.825,511.78,273.525,607,2328,-89,2282,1276,1056
517932,592.98,275.325,520.66,274.425,733,2350,0,2296,1272,1060
517934,600.5,275.25,524.66,275.475,809,2354,39,2309,1278,1057
517936,602.34,274.65,524.82,274.35,828,2348,42,2296,1275,1058
517938,601.86,272.1,524.74,272.775,825,2321,43,2280,1282,1059
517940,599.46,270.675,524.42,272.4,802,2302,40,2274,1281,1060
517942,598.58,269.475,524.66,271.35,794,2290,43,2263,1278,1067
517944,599.54,270.225,526.02,272.25,803,2297,56,2273,1274,1064
517946,600.42,270.375,526.98,273.3,812,2300,66,2285,1271,1067
517948,601.7,271.575,528.58,273.525,825,2313,82,2289,1272,1063
517950,601.78,272.925,529.62,275.7,824,2328,91,2312,1273,1063
517952,602.42,274.725,529.3,275.55,830,2347,88,2310,1271,1066
517954,602.58,275.775,529.86,275.175,831,2359,94,2307,1273,1066
517956,601.94,276,528.66,275.175,825,2360,82,2306,1270,1066
517958,600.42,277.275,527.94,274.575,808,2373,75,2299,1271,1064
517960,600.34,278.175,528.5,274.8,808,2383,81,2301,1269,1064
517962,600.66,277.875,528.02,275.325,811,2380,76,2307,1268,1066
517964,600.18,276.675,528.02,275.025,807,2367,76,2304,1273,1066
517966,599.7,277.575,528.42,274.65,801,2376,80,2300,1271,1060
517968,599.7,276.3,527.94,274.725,803,2363,76,2301,1276,1062
517970,599.62,276.075,528.58,274.725,802,2360,83,2301,1273,1060
517972,599.7,276.375,528.34,274.725,803,2364,81,2302,1274,1062
517974,600.02,277.95,528.5,275.25,805,2381,82,2307,1269,1060
517976,599.22,276,529.22,275.4,799,2361,90,2310,1273,1059
517978,599.78,276.225,529.14,275.325,805,2363,89,2309,1272,1063
517980,599.38,275.25,528.9,275.475,801,2353,87,2311,1275,1062
517982,599.06,275.25,530.42,276.225,799,2353,102,2320,1275,1063
517984,599.06,275.85,530.26,275.4,798,2360,101,2312,1273,1062
517986,598.42,275.7,529.62,274.875,792,2358,95,2306,1272,1065
517988,599.38,275.4,529.78,275.1,802,2356,97,2309,1274,1062
517990,599.38,275.775,531.22,275.1,802,2360,112,2310,1273,1062
517992,599.22,275.1,531.38,275.25,801,2353,114,2312,1273,1067
517994,599.14,275.025,531.22,275.4,801,2352,112,2313,1275,1061
517996,598.9,275.1,530.58,274.65,799,2353,106,2305,1275,1064
517998,598.82,274.8,531.06,274.875,798,2350,111,2309,1274,1065
518000,597.86,275.325,531.78,274.95,789,2355,119,2310,1272,1061
518002,598.9,273.825,532.74,274.725,800,2340,129,2308,1273,1066
518004,598.82,273.975,531.94,274.425,799,2342,121,2305,1276,1062
518006,598.58,274.35,531.62,273.825,797,2346,118,2298,1273,1064
518008,598.9,273.3,532.5,274.35,801,2335,128,2304,1274,1063
518010,598.98,273.525,532.42,273.75,801,2338,127,2298,1279,1063
518012,598.58,274.05,532.34,274.35,798,2343,126,2305,1271,1066
518014,598.82,271.95,532.98,273.675,801,2321,133,2298,1276,1063
518016,599.14,272.025,532.66,272.85,805,2322,131,2289,1276,1066
518018,599.22,271.125,533.54,272.25,806,2313,140,2283,1275,1069
518020,599.3,270.6,533.54,271.725,808,2306,140,2277,1273,1066
518022,599.62,270.75,533.38,271.875,811,2308,139,2279,1273,1068
518024,599.54,269.475,533.46,272.55,811,2294,140,2286,1271,1069
518026,599.46,270.375,533.78,271.65,810,2304,143,2277,1274,1069
518028,599.62,270.225,532.34,271.05,812,2302,129,2268,1271,1068
518030,598.9,268.425,533.78,271.2,805,2282,144,2271,1273,1070
518032,598.98,268.65,533.46,271.05,807,2285,141,2269,1274,1070
518034,599.54,268.5,534.1,270.675,812,2283,148,2265,1274,1074
518036,598.9,268.125,534.42,270.45,806,2279,152,2262,1274,1074
518038,598.82,268.35,533.22,270.825,806,2281,139,2266,1277,1072
518040,598.9,268.875,533.54,270.6,806,2286,143,2263,1274,1073
518042,599.06,268.35,533.22,270.75,808,2281,139,2265,1275,1076
518044,597.86,268.425,534.34,270.525,796,2280,152,2262,1278,1076
518046,598.26,267.825,533.78,269.925,801,2274,147,2256,1277,1076
518048,597.38,268.8,532.9,271.2,792,2283,137,2269,1279,1073
518050,597.38,268.8,533.54,270.75,792,2283,144,2264,1278,1077
518052,596.9,268.95,533.3,270.675,787,2284,142,2262,1277,1076
518054,597.14,269.25,533.78,271.35,789,2287,146,2270,1282,1078
518056,596.58,268.2,532.82,271.2,784,2275,137,2267,1282,1080
518058,596.82,268.575,532.98,271.125,786,2279,138,2266,1283,1083
518060,596.5,269.1,532.66,271.5,783,2285,135,2270,1284,1080
518062,596.74,268.5,533.46,270.825,786,2278,143,2263,1282,1077
518064,596.26,268.275,533.46,270.975,781,2275,143,2264,1284,1077
518066,596.26,268.125,533.06,269.775,781,2273,140,2251,1283,1080
518068,596.34,268.275,532.9,270.9,782,2274,138,2263,1282,1083
518070,596.26,268.95,533.46,270.975,781,2282,144,2263,1285,1079
518072,595.94,268.8,533.06,270.45,778,2280,140,2258,1284,1080
518074,595.62,268.8,532.98,270.9,774,2280,139,2262,1286,1084
518076,596.26,268.725,532.58,270.9,781,2279,135,2262,1284,1080
518078,595.62,267.975,532.58,270.9,775,2270,135,2262,1287,1082
518080,596.18,268.2,533.22,270.375,781,2273,141,2257,1285,1085
518082,596.18,269.025,533.94,271.275,781,2282,149,2266,1287,1085
518084,596.18,268.425,533.14,270.3,781,2275,141,2255,1283,1084
518086,596.5,268.95,534.5,269.4,784,2282,155,2246,1283,1087
518088,596.42,269.1,533.62,270.225,783,2282,146,2255,1285,1084
518090,596.98,268.8,532.66,270.375,789,2280,136,2256,1281,1087
518092,596.74,270.3,532.5,271.425,786,2296,134,2267,1287,1090
518094,596.9,271.35,533.14,276,787,2307,138,2316,1283,1101
518096,597.86,277.425,530.9,282,793,2372,111,2379,1288,1102
518098,599.7,286.8,529.54,289.575,805,2474,92,2460,1284,1110
518100,600.58,294.9,526.66,298.35,809,2562,56,2553,1290,1108
518102,601.06,304.5,525.86,309.3,808,2665,40,2671,1290,1106
518104,602.74,309.225,524.02,318.75,822,2717,15,2772,1297,1116
518106,603.86,312.225,525.22,320.7,832,2750,26,2794,1301,1120
518108,605.22,313.275,524.9,320.925,845,2762,23,2796,1306,1121
518110,604.82,312.75,524.5,320.7,841,2756,18,2793,1310,1126
518112,604.18,311.85,524.1,319.575,835,2746,15,2780,1310,1125
518114,604.34,311.925,524.34,317.175,836,2746,19,2754,1311,1130
518116,604.26,310.875,524.74,318.3,835,2735,22,2767,1308,1127
518118,603.86,310.275,526.02,316.5,832,2729,36,2748,1309,1130
518120,603.06,310.8,525.62,317.175,823,2733,32,2755,1308,1129
518122,602.18,310.275,525.7,317.85,815,2727,32,2763,1310,1123
518124,601.14,311.325,527.38,317.4,803,2738,49,2758,1311,1126
518126,600.58,311.625,526.98,317.325,797,2740,45,2757,1309,1123
518128,600.18,311.475,526.82,318.3,793,2738,42,2767,1310,1125
518130,599.94,311.475,527.78,318.75,791,2738,51,2773,1312,1123
518132,599.54,312.225,526.5,319.575,786,2745,37,2781,1312,1129
518134,600.34,312.375,526.9,319.875,794,2748,42,2784,1315,1130
518136,599.94,312.375,525.86,320.1,789,2747,30,2786,1311,1130
518138,599.86,312.375,526.5,319.725,788,2747,37,2782,1313,1133
518140,600.58,312.075,526.82,318.6,795,2744,40,2770,1316,1135
518142,600.02,312.45,526.58,318.6,790,2748,37,2769,1313,1135
518144,600.02,312.225,527.78,318.45,789,2745,50,2768,1315,1135
518146,599.7,311.475,527.54,318,787,2736,48,2763,1314,1138
518148,599.54,310.95,528.02,317.175,785,2730,53,2754,1314,1140
518150,599.7,311.4,527.94,317.55,786,2735,52,2758,1316,1140
518152,599.3,310.65,528.42,315.975,783,2727,58,2742,1317,1143
518154,599.54,310.875,528.34,315.9,785,2729,57,2740,1318,1146
518156,599.7,310.5,528.5,316.425,787,2725,58,2746,1318,1146
518158,599.54,309.975,528.1,315.975,785,2719,55,2741,1319,1144
518160,600.02,311.25,528.9,317.025,789,2733,61,2752,1321,1144
518162,599.62,310.575,528.18,316.875,785,2726,54,2750,1320,1142
518164,599.38,310.65,528.42,315.9,782,2726,57,2739,1320,1145
518166,599.54,310.875,528.74,315.9,784,2728,61,2740,1322,1149
518168,599.46,311.1,529.38,316.875,783,2730,66,2750,1321,1147
518170,599.46,311.4,529.22,316.05,783,2733,65,2741,1323,1149
518172,598.98,311.325,528.34,316.65,778,2732,56,2746,1324,1148
518174,598.82,311.1,529.14,317.925,776,2729,63,2761,1322,1147
518176,600.66,310.05,530.18,315.9,795,2719,74,2739,1324,1149
518178,606.58,306.15,534.02,311.625,857,2681,117,2695,1327,1154
518180,610.42,300.6,540.58,306.375,900,2623,187,2643,1326,1153
518182,619.22,291.675,548.18,295.95,994,2533,271,2535,1320,1158
518184,630.02,277.05,558.18,286.5,1112,2382,379,2439,1309,1152
518186,640.34,264.825,566.9,276.375,1222,2257,474,2336,1316,1147
518188,652.82,254.475,574.98,265.8,1353,2155,562,2227,1304,1145
518190,661.3,241.875,581.38,249.6,1445,2026,637,2058,1289,1137
518192,669.94,232.65,585.86,239.4,1537,1933,688,1952,1289,1131
518194,675.54,223.2,589.3,231.9,1597,1837,727,1874,1283,1117
518196,681.78,215.85,590.82,226.275,1663,1763,746,1816,1273,1105
518198,686.58,208.35,593.7,219.825,1715,1687,779,1749,1265,1100
518200,690.98,204.15,595.06,215.175,1761,1646,795,1701,1262,1098
518202,693.06,203.475,596.1,216.3,1781,1640,805,1713,1259,1095
518204,694.34,203.475,597.38,216.6,1794,1641,817,1717,1261,1091
518206,694.34,203.55,596.34,217.35,1794,1642,806,1725,1261,1089
518208,694.18,205.2,597.22,219.525,1792,1659,814,1749,1261,1094
518210,693.3,203.325,597.06,218.775,1784,1639,813,1741,1267,1101
518212,693.3,202.95,595.7,217.2,1784,1635,800,1723,1265,1107
518214,691.86,202.725,598.18,214.65,1770,1632,827,1697,1269,1110
518216,691.54,201.3,598.42,213.45,1767,1616,829,1685,1274,1111
518218,691.14,200.925,598.5,212.7,1764,1612,831,1678,1270,1114
518220,690.74,200.775,600.42,213.975,1759,1611,850,1692,1268,1118
518222,691.06,200.775,600.58,215.625,1762,1611,850,1710,1269,1112
518224,690.58,201.075,600.66,213,1758,1614,852,1682,1270,1111
518226,690.26,202.05,601.3,214.05,1754,1624,858,1693,1268,1115
518228,690.02,202.35,600.66,213.75,1751,1626,852,1690,1270,1113
518230,689.62,202.575,601.06,213.45,1747,1629,856,1687,1268,1113
518232,689.22,202.2,602.1,212.175,1744,1624,867,1674,1264,1113
518234,688.98,201.3,601.78,210.45,1742,1615,865,1655,1268,1111
518236,689.14,202.35,602.02,212.625,1743,1625,866,1679,1265,1111
518238,687.22,200.25,602.66,211.05,1725,1602,874,1662,1267,1120
518240,687.54,200.85,602.98,210.075,1727,1609,877,1652,1265,1123
518242,687.3,200.1,603.06,210.825,1726,1601,878,1660,1265,1116
518244,687.62,201,602.98,210.75,1728,1610,876,1659,1266,1115
518246,686.82,199.875,603.06,210.3,1720,1597,877,1654,1267,1114
518248,686.5,199.725,603.46,209.625,1717,1595,881,1647,1268,1111
518250,687.3,199.95,602.98,209.925,1725,1599,877,1649,1269,1119
518252,686.42,200.25,604.26,211.875,1716,1601,888,1671,1265,1113
518254,685.7,200.325,604.98,209.55,1709,1601,897,1647,1267,1115
518256,686.1,200.1,603.94,209.325,1713,1599,886,1643,1264,1111
518258,685.78,199.95,604.1,209.1,1710,1597,889,1641,1265,1117
518260,684.98,199.275,605.14,209.4,1702,1589,898,1644,1265,1110
518262,684.66,198.825,605.54,207.75,1699,1584,904,1627,1268,1115
518264,684.42,199.35,605.78,209.025,1696,1589,905,1641,1268,1108
518266,684.42,199.275,605.38,208.125,1696,1588,901,1631,1265,1114
518268,684.34,199.125,605.46,207.3,1695,1586,902,1622,1267,1111
518270,684.02,199.2,606.98,207.825,1692,1587,917,1628,1268,1111
518272,683.86,198.45,606.98,208.125,1690,1578,917,1631,1269,1112
518274,684.9,198.525,606.1,208.05,1701,1580,908,1629,1264,1110
518276,684.34,198.45,606.1,206.775,1695,1578,909,1616,1268,1116
518278,684.1,199.275,606.26,207.6,1692,1587,909,1624,1264,1113
518280,684.5,198.75,605.86,207.975,1697,1581,905,1628,1267,1109
518282,683.78,198.825,605.78,206.775,1690,1582,905,1615,1264,1113
518284,683.94,198.975,607.3,208.35,1691,1583,919,1632,1264,1111
518286,683.54,197.85,607.38,208.05,1688,1570,920,1629,1264,1106
518288,683.06,199.575,606.34,208.275,1682,1588,910,1631,1266,1107
518290,683.22,198.225,606.34,206.475,1684,1574,911,1612,1265,1111
518292,683.54,197.7,607.14,208.275,1687,1568,918,1631,1264,1111
518294,683.14,197.625,607.22,208.35,1683,1567,919,1631,1264,1108
518296,683.86,198.075,608.34,207.825,1691,1572,930,1626,1263,1107
518298,683.06,198.375,608.1,210.45,1683,1575,927,1654,1262,1102
518300,683.14,197.325,608.5,207.825,1684,1563,932,1626,1265,1101
518302,683.3,198.15,608.82,209.4,1685,1572,934,1643,1263,1100
518304,684.1,198.525,608.82,208.725,1693,1576,934,1636,1263,1104
518306,683.22,197.85,608.74,208.8,1684,1569,933,1636,1262,1107
518308,682.18,198.675,608.5,207.15,1673,1577,933,1619,1261,1106
518310,682.9,198,609.22,209.025,1681,1570,939,1639,1262,1105
518312,682.34,198,609.78,207.75,1676,1569,945,1626,1261,1104
518314,682.66,197.7,608.5,207.75,1679,1566,933,1625,1260,1107
518316,682.9,198.15,610.18,209.025,1681,1572,948,1640,1259,1106
518318,682.18,198.375,610.66,207.45,1674,1573,954,1623,1260,1107
518320,682.26,197.925,609.46,207.075,1675,1569,942,1618,1259,1112
518322,682.26,197.925,609.78,209.1,1675,1569,944,1640,1261,1101
518324,682.34,198,610.74,208.65,1676,1570,954,1636,1261,1103
518326,682.66,197.925,611.14,206.85,1679,1570,959,1618,1260,1106
518328,682.74,197.475,610.74,209.025,1679,1565,954,1640,1259,1099
518330,682.74,197.175,610.9,207.6,1680,1561,956,1625,1258,1104
518332,682.5,197.7,611.14,207.225,1677,1567,959,1622,1260,1107
518334,682.26,197.85,610.42,207.3,1675,1569,951,1623,1259,1108
518336,682.02,197.7,610.42,207.3,1672,1567,951,1623,1258,1111
518338,682.18,198,611.7,206.325,1673,1570,964,1613,1260,1108
518340,682.02,196.575,611.46,207.15,1672,1556,961,1622,1259,1105
518342,681.78,197.625,610.58,206.25,1669,1567,953,1612,1259,1111
518344,682.18,197.175,611.7,208.05,1674,1563,963,1632,1259,1107
518346,682.26,196.725,611.62,206.025,1675,1558,964,1610,1257,1115
518348,682.1,196.575,612.02,204.9,1673,1557,968,1599,1257,1114
518350,682.74,196.5,612.5,205.575,1680,1557,973,1607,1256,1116
518352,682.58,196.725,613.22,206.175,1678,1559,980,1614,1257,1112
518354,682.26,196.875,612.9,204.675,1675,1560,977,1598,1256,1113
518356,682.74,195.975,613.3,206.25,1679,1551,980,1615,1256,1108
518358,682.74,195.75,612.74,205.275,1680,1549,975,1604,1256,1116
518360,682.34,196.275,613.3,204.45,1676,1555,981,1597,1253,1110
518362,682.02,196.275,613.46,204.6,1672,1555,983,1598,1255,1113
518364,682.98,195.675,614.18,205.725,1682,1550,990,1611,1256,1110
518366,682.58,196.35,613.54,205.2,1677,1556,983,1605,1253,1104
518368,681.94,196.05,614.26,205.65,1672,1553,991,1610,1251,1103
518370,682.82,195.375,613.62,206.175,1681,1546,984,1616,1254,1110
518372,682.26,196.2,613.54,205.65,1675,1555,983,1610,1250,1105
518374,681.86,195.75,613.38,206.775,1672,1550,981,1622,1252,1100
518376,681.86,195.225,614.66,205.8,1672,1545,994,1613,1249,1105
518378,681.94,195.6,613.78,205.8,1673,1549,986,1612,1249,1107
518380,680.74,195.525,613.54,205.35,1660,1548,984,1608,1247,1104
518382,677.3,196.65,611.14,207.675,1626,1557,958,1631,1247,1096
518384,670.5,197.925,604.26,205.8,1558,1567,891,1607,1248,1109
518386,659.7,199.5,593.3,205.425,1449,1576,781,1596,1248,1106
518388,644.66,201,579.06,206.175,1298,1583,638,1595,1246,1111
518390,625.7,201.75,561.54,204.15,1108,1578,463,1562,1246,1115
518392,605.54,202.425,541.06,203.325,906,1573,257,1541,1248,1108
518394,584.42,200.775,520.82,202.95,695,1541,52,1524,1239,1108
518396,563.46,199.8,500.34,201,485,1518,-152,1490,1239,1102
518398,544.1,201.225,481.86,201.3,289,1521,-339,1481,1237,1098
518400,523.78,202.725,461.78,202.425,83,1523,-544,1480,1233,1100
518402,501.86,202.2,439.54,199.275,-137,1504,-767,1432,1230,1109
518404,481.06,204.975,419.06,197.7,-350,1520,-974,1402,1225,1112
518406,459.3,205.125,396.18,194.4,-571,1507,-1205,1352,1230,1107
518408,440.34,206.625,372.74,193.875,-764,1511,-1444,1331,1222,1102
518410,418.66,208.2,352.26,192.45,-986,1514,-1652,1302,1215,1095
518412,403.14,209.55,331.78,193.35,-1146,1519,-1862,1299,1209,1096
518414,389.78,210.075,315.3,194.7,-1283,1516,-2033,1302,1208,1087
518416,379.86,210.75,301.86,195.525,-1384,1517,-2172,1303,1205,1089
518418,375.46,210.3,294.42,194.325,-1429,1509,-2247,1285,1197,1091
518420,373.54,209.55,292.02,193.65,-1448,1500,-2272,1277,1195,1089
518422,374.58,208.125,291.94,192.825,-1436,1486,-2272,1268,1203,1091
518424,374.74,204.9,293.78,191.925,-1431,1453,-2252,1260,1206,1090
518426,376.42,203.85,295.78,190.05,-1413,1442,-2229,1242,1208,1087
518428,375.7,203.85,296.42,190.35,-1420,1442,-2222,1246,1204,1092
518430,374.82,202.725,296.02,189.9,-1429,1430,-2226,1241,1209,1092
518432,373.14,205.5,294.02,189.3,-1448,1459,-2246,1234,1205,1088
518434,372.74,205.875,292.66,190.425,-1452,1462,-2261,1245,1206,1085
518436,371.7,207.15,292.9,192.225,-1463,1476,-2260,1265,1210,1084
518438,371.86,206.4,292.58,190.05,-1461,1468,-2261,1241,1207,1090
518440,370.9,206.7,292.5,190.8,-1471,1471,-2263,1249,1208,1088
518442,370.9,205.5,293.14,191.925,-1470,1458,-2257,1262,1211,1087
518444,370.66,205.35,293.06,191.475,-1473,1457,-2258,1257,1210,1088
518446,370.9,205.2,293.46,190.575,-1470,1455,-2252,1248,1207,1092
518448,369.78,204.825,293.78,192.15,-1481,1451,-2251,1265,1207,1087
518450,369.94,204.825,294.02,191.1,-1479,1452,-2247,1254,1205,1090
518452,370.74,205.275,294.5,192.75,-1471,1457,-2243,1273,1204,1089
518454,369.62,205.95,294.9,192.15,-1484,1464,-2238,1267,1202,1090
518456,369.78,205.95,294.82,192,-1482,1464,-2240,1266,1203,1090
518458,369.62,206.1,294.5,192.15,-1484,1466,-2243,1267,1201,1092
518460,368.82,205.575,295.38,192,-1492,1460,-2234,1266,1199,1091
518462,369.38,206.25,294.98,192,-1487,1467,-2238,1265,1201,1088
518464,369.46,206.55,295.06,191.925,-1486,1471,-2238,1265,1200,1088
518466,369.62,205.95,295.06,191.475,-1484,1465,-2238,1260,1200,1088
518468,369.22,205.425,296.18,191.175,-1488,1459,-2226,1259,1203,1085
518470,368.98,205.275,295.86,191.55,-1491,1457,-2229,1262,1203,1082
518472,369.14,205.65,294.9,190.65,-1490,1461,-2239,1252,1203,1088
518474,368.82,205.275,295.06,190.875,-1493,1457,-2237,1254,1202,1085
518476,368.5,204.15,295.78,191.925,-1496,1444,-2231,1266,1202,1080
518478,368.34,204.9,296.18,190.5,-1498,1452,-2226,1251,1199,1083
518480,368.5,204.6,296.18,190.575,-1497,1450,-2227,1252,1198,1084
518482,367.38,204.075,296.5,190.725,-1507,1443,-2224,1254,1195,1084
518484,367.86,203.1,296.82,190.35,-1502,1433,-2221,1250,1199,1081
518486,366.82,201.375,296.26,190.575,-1511,1414,-2226,1252,1200,1083
518488,367.22,201.825,297.14,190.275,-1508,1418,-2217,1249,1201,1083
518490,366.5,202.125,296.82,189.075,-1516,1421,-2220,1236,1197,1084
518492,366.02,201.15,297.06,188.55,-1521,1410,-2217,1230,1199,1083
518494,365.62,202.35,296.5,188.1,-1526,1422,-2223,1225,1195,1081
518496,365.94,200.4,297.46,189.15,-1521,1401,-2215,1236,1199,1079
518498,365.7,201.375,297.46,187.8,-1525,1411,-2214,1222,1194,1083
518500,365.94,200.7,296.5,187.8,-1523,1404,-2225,1220,1197,1081
518502,365.22,201,296.66,187.2,-1531,1406,-2222,1214,1195,1085
518504,364.98,200.175,296.34,186.15,-1533,1396,-2225,1201,1196,1089
518506,365.06,199.8,297.46,186.15,-1531,1392,-2214,1202,1193,1083
518508,364.58,198.9,296.98,187.275,-1537,1381,-2221,1213,1196,1085
518510,364.1,199.875,297.62,186.525,-1543,1391,-2213,1205,1193,1086
518512,363.78,199.725,296.98,186.675,-1546,1388,-2221,1205,1193,1083
518514,363.7,199.05,295.86,185.475,-1547,1381,-2232,1191,1193,1089
518516,364.1,199.95,296.34,186.45,-1545,1389,-2229,1200,1195,1087
518518,364.02,199.8,296.42,186.3,-1545,1387,-2228,1199,1195,1086
518520,363.46,198.525,296.34,186.675,-1551,1372,-2230,1202,1192,1085
518522,363.62,197.325,296.1,185.775,-1548,1359,-2231,1191,1192,1088
518524,363.54,199.725,296.18,186.45,-1552,1383,-2232,1197,1191,1084
518526,363.54,198.45,296.34,185.1,-1551,1369,-2230,1183,1195,1088
518528,363.46,198.9,296.1,186.375,-1553,1373,-2234,1195,1190,1088
518530,362.98,200.175,296.1,186.225,-1559,1387,-2234,1193,1193,1087
518532,362.82,199.5,296.1,187.125,-1561,1378,-2236,1202,1193,1085
518534,362.66,199.2,296.66,186.6,-1563,1374,-2230,1196,1196,1089
518536,362.18,198.675,296.98,186,-1568,1366,-2227,1188,1196,1086
518538,363.06,198.525,296.42,186.45,-1559,1365,-2233,1193,1196,1085
518540,361.78,198.75,296.18,186.525,-1573,1366,-2236,1192,1198,1085
518542,362.02,199.875,296.02,186.375,-1572,1378,-2238,1191,1199,1086
518544,362.5,198.225,296.74,186.3,-1567,1360,-2232,1188,1197,1085
518546,361.62,197.7,296.74,186.6,-1575,1353,-2232,1192,1199,1087
518548,362.98,198.3,296.42,186.15,-1563,1359,-2236,1186,1196,1089
518550,362.42,198,297.94,185.925,-1569,1356,-2221,1184,1203,1090
518552,361.38,197.55,296.74,186.075,-1580,1349,-2234,1184,1201,1088
518554,361.3,196.875,296.18,186.675,-1580,1342,-2240,1190,1202,1089
518556,361.94,197.325,297.38,185.625,-1575,1346,-2227,1178,1202,1089
518558,362.18,198.225,297.14,185.475,-1573,1356,-2230,1177,1201,1090
518560,362.34,198.225,297.46,185.925,-1572,1355,-2228,1180,1199,1092
518562,362.02,197.85,296.66,186.9,-1575,1350,-2237,1191,1202,1088
518564,362.66,197.175,297.46,185.175,-1569,1343,-2228,1172,1202,1093
518566,362.34,196.8,297.62,185.25,-1572,1338,-2227,1173,1200,1094
518568,361.62,197.1,297.62,185.25,-1580,1340,-2227,1172,1202,1091
518570,362.18,196.875,297.06,184.95,-1574,1338,-2232,1168,1204,1093
518572,362.02,196.425,298.26,184.8,-1576,1333,-2221,1167,1205,1092
518574,362.42,197.325,298.34,184.5,-1573,1343,-2220,1163,1200,1092
518576,362.9,197.55,298.1,185.025,-1569,1345,-2224,1168,1198,1094
518578,363.86,198.225,298.26,185.55,-1559,1352,-2222,1174,1196,1094
518580,362.74,197.625,298.18,184.65,-1572,1345,-2223,1163,1199,1098
518582,359.7,197.025,296.58,182.7,-1602,1336,-2237,1142,1202,1099
518584,356.1,196.5,292.34,184.125,-1639,1327,-2283,1153,1197,1093
518586,351.62,197.025,286.26,180.15,-1686,1330,-2342,1106,1195,1096
518588,342.9,195.225,277.46,176.475,-1773,1305,-2429,1061,1196,1102
518590,334.9,192.45,268.02,172.725,-1853,1270,-2523,1015,1199,1102
518592,328.1,192.15,260.18,171.225,-1922,1261,-2603,993,1192,1097
518594,322.5,189.6,254.18,170.625,-1978,1231,-2664,982,1196,1091
518596,320.26,187.425,251.62,170.55,-1999,1206,-2691,980,1190,1084
518598,320.66,186.9,250.58,170.475,-1994,1201,-2701,978,1189,1092
518600,321.46,186.975,252.74,166.95,-1987,1201,-2676,942,1184,1090
518602,323.7,185.85,254.1,170.25,-1963,1191,-2664,978,1184,1094
518604,326.02,185.7,257.22,169.575,-1939,1191,-2632,973,1183,1099
518606,326.74,186.75,257.3,168.375,-1932,1202,-2630,960,1185,1096
518608,326.34,186.225,257.78,167.7,-1936,1197,-2624,953,1185,1101
518610,324.66,186.975,257.94,168.15,-1954,1203,-2623,958,1194,1100
518612,324.1,188.025,257.94,166.8,-1960,1214,-2622,943,1192,1099
518614,323.78,187.8,255.86,168.975,-1963,1211,-2645,965,1193,1103
518616,323.94,187.125,255.7,168.45,-1961,1205,-2646,960,1195,1104
518618,323.38,187.725,256.26,168.9,-1967,1211,-2640,964,1198,1102
518620,323.94,188.325,256.5,169.425,-1962,1217,-2638,970,1194,1104
518622,324.1,186.975,256.5,169.05,-1958,1203,-2638,967,1199,1109
518624,323.86,186,256.66,169.425,-1960,1193,-2636,971,1197,1107
518626,323.78,185.4,256.74,169.35,-1960,1186,-2636,970,1200,1104
518628,323.46,186.3,257.62,168.3,-1964,1196,-2625,960,1197,1107
518630,323.78,185.925,256.9,168.375,-1960,1193,-2632,960,1197,1112
518632,323.62,185.7,257.22,167.625,-1962,1190,-2628,952,1198,1112
518634,323.54,185.475,258.02,169.05,-1962,1188,-2621,969,1197,1107
518636,323.62,185.025,257.3,168.15,-1961,1183,-2627,959,1202,1109
518638,323.62,185.625,257.7,168.75,-1961,1190,-2623,966,1205,1108
518640,323.3,185.1,257.3,168.15,-1963,1184,-2626,959,1203,1107
518642,322.98,186.6,258.34,168.675,-1968,1200,-2616,965,1203,1109
518644,323.06,185.775,257.7,169.275,-1966,1192,-2622,971,1203,1106
518646,323.62,186,257.54,168.675,-1960,1194,-2623,965,1206,1119
518648,323.7,186.525,258.66,168.6,-1959,1200,-2612,966,1206,1121
518650,324.02,186.6,258.34,169.725,-1956,1201,-2616,977,1206,1113
518652,323.22,186.825,258.02,169.5,-1964,1203,-2619,974,1205,1113
518654,323.06,186.3,257.86,169.575,-1965,1197,-2620,975,1210,1116
518656,323.38,185.7,258.26,169.65,-1961,1192,-2616,977,1208,1116
518658,322.74,186.15,259.3,169.8,-1968,1196,-2606,979,1206,1116
518660,322.5,185.7,259.06,170.1,-1969,1191,-2608,982,1209,1115
518662,322.98,186.975,259.86,169.875,-1966,1206,-2599,980,1209,1118
518664,322.58,186.675,259.06,168.3,-1969,1202,-2606,963,1207,1120
518666,322.9,185.475,258.66,168.75,-1965,1190,-2610,968,1212,1119
518668,322.5,185.775,258.9,169.575,-1969,1193,-2609,977,1211,1120
518670,322.98,184.65,259.22,168.825,-1963,1181,-2605,968,1207,1121
518672,322.42,184.95,258.74,170.4,-1969,1183,-2611,986,1210,1120
518674,322.5,185.475,258.74,169.875,-1969,1189,-2610,980,1207,1121
518676,323.06,185.1,258.82,169.2,-1962,1186,-2608,972,1207,1125
518678,322.18,184.875,258.9,169.875,-1971,1182,-2608,979,1208,1119
518680,322.18,185.25,257.78,169.05,-1971,1186,-2619,970,1210,1122
518682,321.86,185.775,258.34,169.425,-1975,1192,-2613,974,1210,1120
518684,321.3,184.5,258.58,169.05,-1980,1177,-2611,970,1207,1124
518686,321.54,185.025,258.02,167.85,-1978,1183,-2615,957,1209,1127
518688,321.14,184.8,257.38,168.975,-1982,1179,-2623,967,1209,1123
518690,320.98,184.35,258.1,168.3,-1983,1175,-2615,961,1207,1123
518692,320.9,184.425,258.02,168.75,-1984,1174,-2617,965,1205,1124
518694,320.42,183.975,258.02,169.725,-1988,1169,-2617,975,1205,1123
518696,320.66,182.85,258.18,167.1,-1985,1156,-2614,946,1205,1126
518698,321.06,182.7,257.46,167.925,-1981,1155,-2622,955,1206,1125
518700,320.5,182.625,257.86,166.275,-1987,1153,-2616,936,1206,1133
518702,319.94,181.575,257.3,166.35,-1992,1142,-2622,937,1209,1126
518704,320.42,180.525,258.26,165.225,-1987,1130,-2612,924,1207,1127
518706,319.78,178.65,258.02,165.375,-1991,1110,-2614,925,1205,1131
518708,319.86,179.325,258.26,163.875,-1991,1115,-2610,908,1207,1128
518710,320.42,179.1,257.94,164.4,-1986,1113,-2615,914,1210,1129
518712,319.54,176.1,258.1,164.325,-1992,1079,-2613,912,1203,1130
518714,320.1,176.85,257.78,164.4,-1987,1088,-2616,913,1208,1128
518716,320.34,177,257.54,164.625,-1985,1088,-2619,913,1208,1127
518718,320.18,177.525,258.58,163.65,-1988,1093,-2607,903,1206,1130
518720,320.18,178.35,258.82,163.05,-1989,1100,-2605,895,1210,1128
518722,320.42,177.525,258.74,163.575,-1985,1092,-2607,901,1208,1128
518724,319.54,178.65,258.82,163.575,-1996,1101,-2606,900,1209,1129
518726,319.54,178.2,258.66,163.95,-1995,1097,-2608,903,1208,1128
518728,319.38,178.875,258.82,163.725,-1998,1102,-2607,899,1210,1130
518730,319.46,179.55,259.22,164.1,-1998,1110,-2603,903,1216,1135
518732,319.46,180,259.86,163.275,-1999,1112,-2596,894,1213,1133
518734,319.54,181.05,258.9,164.175,-1999,1124,-2606,903,1216,1134
518736,319.14,180.975,258.58,164.4,-2003,1121,-2611,904,1217,1134
518738,319.3,182.025,259.06,165.9,-2003,1133,-2607,919,1218,1135
518740,319.14,182.4,259.14,166.35,-2004,1135,-2606,924,1220,1133
518742,317.86,182.85,259.3,166.275,-2018,1139,-2605,922,1220,1132
518744,314.5,184.275,256.98,165.75,-2055,1151,-2629,914,1220,1131
518746,310.66,183.225,250.58,163.05,-2092,1137,-2692,881,1218,1136
518748,301.14,180.225,240.98,157.725,-2188,1097,-2786,816,1220,1131
518750,289.06,172.8,229.62,151.2,-2305,1010,-2897,739,1208,1130
518752,276.98,166.05,216.1,139.8,-2424,929,-3025,608,1206,1135
518754,264.1,157.8,200.18,127.2,-2548,832,-3177,464,1204,1128
518756,252.02,145.05,186.82,117.3,-2661,688,-3305,348,1207,1116
518758,240.42,130.725,174.58,108.15,-2766,529,-3422,243,1184,1109
518760,229.38,121.8,162.18,91.65,-2872,425,-3533,59,1175,1100
518762,219.94,112.725,151.38,84,-2960,323,-3637,-28,1165,1091
518764,212.42,101.25,141.22,76.575,-3026,196,-3734,-114,1148,1086
518766,205.3,94.65,130.42,69.825,-3092,122,-3838,-193,1133,1072
518768,199.86,90.525,122.1,67.05,-3144,73,-3921,-229,1129,1071
518770,194.9,90.525,114.82,63.9,-3195,69,-3993,-267,1119,1062
518772,191.14,91.875,108.98,64.875,-3235,80,-4054,-263,1120,1056
518774,190.02,94.35,105.38,68.55,-3249,105,-4095,-228,1117,1065
518776,188.98,94.65,104.58,70.575,-3260,106,-4106,-208,1120,1072
518778,188.74,95.1,104.9,72.15,-3263,110,-4105,-191,1125,1075
518780,189.7,94.65,104.9,72.375,-3253,105,-4105,-190,1126,1080
518782,190.02,93.825,106.34,70.875,-3248,96,-4088,-205,1133,1081
518784,190.82,89.925,108.42,67.65,-3236,55,-4062,-240,1143,1085
518786,189.94,88.35,108.66,66.45,-3244,38,-4059,-252,1147,1081
518788,188.74,86.475,109.78,65.625,-3254,15,-4047,-261,1146,1081
518790,187.3,86.25,108.5,63.9,-3269,12,-4058,-280,1150,1082
518792,186.74,85.425,108.42,62.7,-3273,1,-4056,-295,1151,1077
518794,186.18,84.825,107.54,62.25,-3279,-5,-4066,-300,1149,1069
518796,185.7,83.925,107.94,63.225,-3282,-17,-4062,-291,1148,1074
518798,184.74,83.775,109.14,63.3,-3292,-19,-4050,-290,1147,1079
518800,185.06,84.075,109.14,62.475,-3289,-18,-4049,-301,1146,1080
518802,185.94,82.95,110.26,63.9,-3279,-29,-4039,-285,1152,1078
518804,184.74,83.4,109.62,62.775,-3292,-28,-4045,-300,1152,1079
518806,184.66,81.15,110.02,63,-3291,-51,-4041,-297,1146,1077
518808,184.58,81.675,110.82,61.8,-3292,-48,-4031,-312,1150,1079
518810,183.94,81.6,111.22,61.5,-3298,-50,-4026,-315,1151,1076
518812,184.18,81.3,111.46,62.925,-3295,-54,-4025,-302,1148,1077
518814,183.94,81.15,110.98,61.8,-3298,-56,-4029,-313,1149,1074
518816,183.14,81.45,111.14,62.925,-3306,-56,-4029,-303,1154,1080
518818,184.18,81.45,112.02,63.225,-3296,-55,-4020,-300,1146,1082
518820,182.74,82.575,111.94,62.925,-3311,-46,-4021,-305,1146,1076
518822,182.9,83.1,111.38,62.475,-3310,-41,-4026,-310,1147,1079
518824,182.66,82.875,113.14,63.825,-3312,-45,-4010,-296,1147,1077
518826,183.7,82.8,112.42,64.425,-3302,-45,-4017,-291,1151,1082
518828,182.18,83.7,112.5,65.925,-3318,-38,-4018,-276,1150,1083
518830,182.18,84.375,113.86,65.7,-3319,-31,-4004,-278,1152,1079
518832,181.62,84.075,112.82,66.15,-3325,-35,-4015,-274,1152,1082
518834,181.14,83.925,112.9,65.925,-3330,-38,-4014,-277,1152,1082
518836,181.46,84.675,113.22,66.9,-3327,-30,-4013,-268,1156,1080
518838,180.42,84.6,112.5,67.125,-3338,-32,-4021,-266,1153,1086
518840,180.9,85.5,112.02,67.125,-3334,-23,-4026,-267,1149,1089
518842,179.7,85.125,111.86,68.1,-3347,-27,-4029,-256,1154,1090
518844,179.54,84.75,112.58,68.4,-3348,-32,-4022,-254,1153,1085
518846,180.02,85.05,112.02,69.075,-3344,-29,-4028,-246,1155,1099
518848,179.22,84.825,112.26,67.275,-3352,-32,-4025,-266,1154,1099
518850,178.98,84.45,112.5,67.35,-3354,-35,-4022,-265,1153,1090
518852,179.3,85.5,112.18,68.4,-3353,-24,-4027,-253,1156,1097
518854,178.9,84.675,112.02,69.075,-3356,-33,-4029,-247,1154,1090
518856,179.38,85.575,112.42,68.775,-3352,-23,-4026,-249,1157,1090
518858,179.54,84.3,112.98,68.25,-3349,-37,-4019,-254,1156,1093
518860,178.02,84.375,112.26,69.075,-3365,-36,-4028,-246,1158,1094
518862,179.06,83.85,112.18,67.5,-3354,-41,-4027,-262,1158,1091
518864,178.26,83.85,111.62,67.35,-3363,-42,-4034,-265,1157,1091
518866,177.54,84,111.86,67.5,-3370,-40,-4031,-263,1158,1089
518868,177.22,83.25,111.78,67.275,-3374,-48,-4032,-265,1159,1090
518870,177.62,84.225,112.5,67.575,-3371,-38,-4025,-261,1156,1093
518872,177.86,83.85,112.74,65.85,-3369,-42,-4022,-279,1157,1095
518874,176.98,83.175,112.74,66.3,-3378,-49,-4023,-274,1158,1090
518876,176.82,84,112.34,66.825,-3380,-41,-4028,-269,1157,1094
518878,176.58,82.2,111.94,67.2,-3381,-60,-4032,-265,1159,1090
518880,176.9,81.525,111.94,65.85,-3378,-67,-4032,-280,1159,1093
518882,176.18,81.45,111.86,65.775,-3385,-68,-4032,-281,1163,1094
518884,176.42,80.925,111.78,65.925,-3383,-74,-4034,-280,1162,1092
518886,176.18,80.85,111.78,64.575,-3385,-75,-4033,-294,1163,1093
518888,175.7,80.175,112.98,66,-3390,-83,-4023,-279,1160,1093
518890,176.1,80.55,111.78,66.3,-3386,-79,-4035,-277,1161,1092
518892,176.5,80.1,112.58,64.875,-3383,-84,-4026,-292,1162,1096
518894,176.74,80.175,113.7,65.7,-3380,-83,-4015,-283,1164,1093
518896,176.34,80.025,111.78,63.75,-3384,-86,-4034,-305,1164,1100
518898,175.62,80.85,111.78,63.375,-3393,-78,-4033,-309,1165,1101
518900,175.7,79.8,112.1,65.25,-3392,-90,-4033,-290,1165,1094
518902,174.82,79.275,112.1,63.225,-3401,-96,-4030,-312,1171,1101
518904,175.7,79.275,112.5,63.3,-3392,-96,-4027,-311,1164,1098
518906,174.9,78.3,111.78,64.425,-3399,-107,-4036,-300,1170,1099
518908,175.38,79.275,112.9,61.65,-3396,-98,-4021,-330,1171,1101
518910,174.42,78.75,112.58,62.475,-3405,-105,-4026,-322,1170,1105
518912,175.7,79.875,113.22,64.5,-3394,-93,-4022,-301,1168,1094
518914,175.22,78.3,113.22,63,-3397,-110,-4020,-317,1172,1102
518916,175.38,79.575,113.22,63.45,-3397,-98,-4021,-314,1165,1098
518918,174.1,78,112.98,63.9,-3408,-115,-4024,-310,1169,1094
518920,174.5,77.4,113.7,62.7,-3404,-123,-4016,-322,1171,1100
518922,174.74,77.1,113.54,58.2,-3402,-125,-4012,-370,1172,1107
518924,175.3,76.575,113.86,60.825,-3395,-132,-4012,-343,1170,1102
518926,174.74,76.575,115.14,61.2,-3401,-132,-3999,-339,1171,1103
518928,174.9,76.5,114.02,59.1,-3399,-134,-4009,-363,1169,1105
518930,175.14,76.575,114.98,60.75,-3397,-134,-4001,-345,1173,1104
518932,174.9,77.1,114.5,58.725,-3400,-129,-4004,-367,1172,1104
518934,174.98,76.2,114.42,58.35,-3398,-139,-4004,-371,1171,1111
518936,175.86,76.35,115.22,58.05,-3390,-137,-3996,-375,1173,1108
518938,174.82,75.225,115.3,57.375,-3399,-150,-3994,-382,1173,1109
518940,174.74,76.65,115.14,58.725,-3402,-136,-3998,-369,1169,1109
518942,175.14,75.525,115.38,57.6,-3396,-147,-3994,-380,1175,1109
518944,174.58,75.825,115.3,59.25,-3403,-146,-3997,-365,1175,1104
518946,175.14,75.75,115.3,58.125,-3397,-146,-3995,-376,1174,1116
518948,174.98,75.825,115.06,58.275,-3399,-146,-3998,-376,1175,1110
518950,174.58,77.325,114.82,59.925,-3405,-131,-4003,-358,1174,1115
518952,174.98,79.5,113.86,61.2,-3403,-109,-4014,-347,1178,1117
518954,174.26,81.9,112.66,65.925,-3413,-84,-4032,-298,1177,1117
518956,173.54,84.375,111.3,72.825,-3423,-59,-4054,-228,1177,1109
518958,172.9,88.275,111.06,76.125,-3433,-18,-4060,-193,1182,1111
518960,173.22,95.175,109.22,79.65,-3437,53,-4083,-158,1186,1119
518962,173.06,97.65,108.34,81.9,-3442,78,-4094,-135,1188,1117
518964,173.94,98.25,108.74,84.225,-3434,85,-4093,-111,1194,1115
518966,174.42,98.85,110.5,82.35,-3430,92,-4073,-129,1198,1122
518968,174.02,98.55,111.7,83.025,-3434,88,-4061,-121,1198,1125
518970,174.02,96.6,112.34,80.55,-3431,67,-4052,-147,1196,1126
518972,174.18,94.875,112.82,80.175,-3428,50,-4047,-150,1191,1123
518974,173.78,95.925,112.66,78.9,-3433,60,-4047,-164,1192,1121
518976,173.86,94.8,112.34,78.975,-3432,48,-4051,-163,1194,1121
518978,173.62,94.5,112.02,78.825,-3435,45,-4054,-165,1191,1120
518980,173.06,96.6,112.18,79.425,-3443,66,-4054,-159,1189,1120
518982,173.54,96.3,111.62,81.15,-3438,63,-4061,-141,1195,1120
518984,173.54,96.15,112.18,80.325,-3438,62,-4055,-149,1194,1121
518986,173.7,95.475,112.18,80.175,-3435,55,-4055,-151,1192,1124
518988,173.62,96.225,112.82,80.325,-3437,63,-4049,-149,1192,1125
518990,173.62,96.675,112.82,81.075,-3438,68,-4049,-141,1196,1127
518992,174.02,95.1,112.58,80.475,-3433,52,-4052,-148,1195,1123
518994,173.38,95.7,112.18,79.5,-3440,57,-4055,-158,1199,1124
518996,173.94,96.675,111.54,79.8,-3436,68,-4062,-156,1198,1127
518998,172.5,94.05,112.1,79.8,-3448,39,-4057,-155,1196,1121
519000,172.82,95.625,111.38,79.5,-3447,56,-4064,-159,1202,1126
519002,172.42,95.025,111.54,79.65,-3450,50,-4063,-158,1199,1123
519004,172.74,92.55,111.78,78.225,-3445,24,-4060,-172,1200,1122
519006,172.58,94.35,112.02,78.45,-3448,42,-4057,-170,1202,1123
519008,172.98,94.5,112.02,78.9,-3445,44,-4058,-166,1200,1122
519010,172.66,93.9,112.18,78.675,-3448,37,-4057,-167,1201,1125
519012,172.74,93.15,112.42,78.3,-3447,29,-4054,-172,1195,1123
519014,172.34,91.95,111.62,78.825,-3450,16,-4063,-167,1203,1122
519016,172.66,92.025,112.42,79.125,-3447,17,-4056,-163,1201,1123
519018,173.06,92.4,112.02,77.4,-3444,21,-4058,-182,1197,1124
519020,173.06,92.7,112.1,77.925,-3445,24,-4058,-177,1200,1126
519022,173.06,93,112.34,78.6,-3445,26,-4057,-170,1202,1123
519024,172.42,92.4,111.62,78.375,-3452,19,-4064,-174,1203,1124
519026,172.82,92.4,112.42,77.25,-3448,20,-4055,-185,1202,1124
519028,172.42,92.625,112.26,78,-3452,21,-4059,-177,1204,1126
519030,172.58,92.625,112.5,78.225,-3451,21,-4056,-175,1204,1125
519032,172.98,93.375,112.26,78.75,-3448,29,-4060,-170,1204,1123
519034,172.9,93.375,112.58,78,-3449,29,-4056,-178,1204,1123
519036,171.22,93.75,113.22,78.75,-3467,31,-4051,-170,1209,1127
519038,172.58,94.575,111.94,78.45,-3454,41,-4064,-174,1207,1125
519040,173.06,93,111.62,78.675,-3448,24,-4067,-172,1205,1125
519042,172.42,94.275,112.42,77.55,-3456,37,-4058,-183,1207,1128
519044,172.66,94.125,113.38,78.825,-3453,36,-4050,-170,1208,1126
519046,173.14,94.35,113.3,77.625,-3449,38,-4049,-182,1206,1135
519048,171.54,93.9,113.7,78.6,-3465,32,-4047,-172,1213,1129
519050,173.06,94.05,113.38,77.475,-3450,34,-4049,-184,1209,1131
519052,172.98,94.35,114.5,79.2,-3451,38,-4040,-165,1209,1134
519054,172.42,93.9,113.7,78.45,-3457,33,-4047,-174,1213,1129
519056,172.26,93.45,113.38,78.375,-3458,28,-4050,-175,1213,1130
519058,172.58,93.9,114.34,79.05,-3455,33,-4041,-167,1211,1131
519060,172.02,93,113.38,78.825,-3460,23,-4051,-170,1214,1127
519062,172.82,93.9,113.46,79.125,-3453,33,-4050,-167,1215,1130
519064,172.26,92.4,113.46,77.85,-3457,17,-4049,-180,1215,1132
519066,172.34,93.525,112.82,78.15,-3457,29,-4056,-177,1216,1128
519068,171.94,93.225,113.38,79.125,-3461,26,-4051,-167,1214,1130
519070,172.82,92.85,112.74,78.9,-3452,23,-4058,-169,1209,1128
519072,172.74,93,114.1,79.125,-3453,24,-4044,-166,1212,1130
519074,172.26,93.075,113.38,79.425,-3458,25,-4051,-163,1214,1127
519076,171.78,93.525,113.06,79.575,-3463,30,-4055,-161,1215,1128
519078,172.1,93.225,113.06,78.3,-3460,27,-4053,-175,1215,1129
519080,171.54,92.775,113.22,78.9,-3465,22,-4052,-167,1215,1127
519082,171.46,93.825,113.62,78.15,-3466,33,-4047,-175,1215,1134
519084,172.9,93.3,114.18,78.375,-3451,29,-4041,-172,1212,1131
519086,171.94,91.95,112.58,78,-3459,14,-4058,-177,1216,1131
519088,171.3,91.425,113.78,78.15,-3465,9,-4045,-175,1216,1133
519090,171.3,91.725,113.78,76.5,-3466,11,-4043,-192,1219,1129
519092,171.46,92.4,114.02,78.075,-3465,19,-4042,-175,1216,1130
519094,170.66,90.975,113.38,77.4,-3471,3,-4048,-182,1219,1130
519096,171.22,91.95,112.82,76.2,-3466,15,-4053,-195,1218,1128
519098,170.66,91.725,112.34,76.425,-3472,12,-4058,-193,1221,1128
519100,170.02,91.5,113.46,77.625,-3478,10,-4047,-178,1227,1128
519102,171.14,91.95,114.34,76.875,-3467,15,-4038,-186,1224,1135
519104,170.98,91.65,113.14,78.3,-3468,13,-4051,-171,1224,1131
519106,170.98,92.1,114.02,78.15,-3468,17,-4042,-172,1227,1135
519108,171.86,92.325,114.9,78,-3460,21,-4032,-173,1225,1132
519110,171.38,92.775,113.54,78.525,-3465,26,-4047,-168,1221,1132
519112,171.38,92.625,114.1,78.6,-3464,25,-4041,-166,1225,1131
519114,170.5,93.45,114.74,78,-3474,33,-4033,-171,1222,1136
519116,170.74,93.45,113.78,78.45,-3471,33,-4044,-167,1223,1134
519118,170.82,93.6,113.38,78.45,-3470,35,-4047,-168,1221,1129
519120,171.06,93.675,114.34,78.675,-3468,37,-4037,-163,1224,1135
519122,171.46,94.05,114.1,78.3,-3464,41,-4040,-168,1227,1133
519124,171.62,94.425,114.66,78.6,-3462,46,-4033,-163,1223,1134
519126,172.1,93.75,114.66,78.75,-3456,40,-4033,-161,1226,1134
519128,171.54,94.2,114.26,78.6,-3462,45,-4037,-162,1226,1133
519130,172.34,93.75,115.3,79.95,-3453,40,-4027,-148,1227,1132
519132,172.74,92.7,115.62,78.225,-3447,31,-4021,-165,1230,1134
519134,174.74,89.625,117.3,76.35,-3424,0,-4001,-182,1232,1131
519136,177.7,86.25,119.3,74.325,-3388,-31,-3978,-201,1231,1135
519138,178.74,81.6,121.46,66.3,-3373,-79,-3947,-284,1222,1142
519140,181.94,77.475,123.22,62.7,-3334,-119,-3924,-319,1216,1137
519142,184.02,74.4,123.54,58.425,-3310,-149,-3916,-364,1219,1137
519144,185.22,72.9,122.66,54.3,-3295,-163,-3920,-406,1215,1133
519146,185.62,72.3,122.82,51.525,-3290,-169,-3915,-435,1213,1128
519148,186.74,71.1,122.42,50.25,-3276,-180,-3916,-448,1211,1125
519150,186.42,72.225,121.94,50.1,-3281,-168,-3921,-449,1214,1124
519152,186.98,72.9,121.78,51.975,-3274,-160,-3923,-428,1212,1124
519154,187.3,73.05,120.98,51.825,-3272,-158,-3931,-430,1209,1123
519156,187.38,73.05,121.3,54.15,-3269,-157,-3929,-405,1215,1132
519158,187.06,72.375,122.02,52.575,-3272,-164,-3920,-421,1215,1131
519160,186.82,72.375,121.62,53.175,-3273,-162,-3924,-414,1217,1132
519162,186.82,72.45,121.78,54,-3273,-162,-3923,-405,1215,1133
519164,186.66,72.45,122.34,52.875,-3273,-161,-3914,-415,1215,1130
519166,186.74,72.9,122.34,52.05,-3273,-156,-3914,-424,1213,1130
519168,186.82,72.6,122.1,52.2,-3271,-159,-3915,-422,1214,1130
519170,186.26,72.15,122.26,51.3,-3276,-163,-3912,-431,1214,1135
519172,185.46,72.075,122.58,52.65,-3283,-164,-3909,-416,1214,1128
519174,185.06,71.925,121.78,51.825,-3287,-166,-3917,-425,1216,1133
519176,185.7,73.2,122.58,52.2,-3280,-152,-3907,-419,1215,1133
519178,184.98,72.6,123.22,53.175,-3287,-159,-3902,-409,1216,1127
519180,185.3,72.3,122.5,52.95,-3282,-161,-3908,-411,1216,1126
519182,186.02,72.375,123.22,51.75,-3275,-159,-3899,-423,1218,1128
519184,185.7,72.075,122.82,52.575,-3276,-162,-3903,-414,1218,1123
519186,185.14,71.475,122.58,52.275,-3281,-168,-3905,-417,1216,1128
519188,185.86,72,121.94,52.5,-3273,-162,-3910,-415,1217,1134
519190,185.46,72.075,122.02,51.375,-3277,-162,-3908,-427,1217,1134
519192,184.74,71.025,122.74,51.225,-3282,-172,-3899,-427,1220,1132
519194,186.26,72.3,122.82,53.175,-3268,-158,-3900,-406,1219,1133
519196,184.98,71.85,123.14,51.6,-3279,-163,-3894,-422,1217,1132
519198,184.9,71.775,123.06,52.275,-3281,-164,-3896,-415,1221,1128
519200,185.06,72.15,122.58,52.125,-3278,-159,-3900,-417,1219,1135
519202,185.3,72.225,122.98,51.3,-3276,-158,-3895,-425,1219,1135
519204,185.46,72.075,122.34,51.525,-3273,-159,-3900,-422,1220,1127
519206,185.54,72.075,123.06,52.2,-3272,-158,-3894,-414,1218,1124
519208,185.06,72.075,122.1,49.425,-3276,-158,-3900,-443,1222,1130
519210,185.06,72,122.26,52.425,-3276,-159,-3901,-412,1223,1123
519212,184.74,71.7,121.86,51.675,-3278,-162,-3904,-419,1220,1127
519214,185.3,72.15,122.02,50.025,-3273,-157,-3900,-437,1225,1127
519216,184.34,71.775,122.98,51.825,-3282,-161,-3891,-416,1225,1122
519218,184.58,72,123.14,51.825,-3279,-159,-3890,-416,1221,1130
519220,185.14,71.25,123.3,49.05,-3272,-165,-3884,-444,1224,1125
519222,185.3,70.35,123.3,49.65,-3269,-175,-3885,-438,1226,1129
519224,185.14,71.025,123.14,51.225,-3271,-167,-3888,-421,1228,1131
519226,184.74,69.15,123.54,51.45,-3273,-187,-3884,-419,1227,1132
519228,184.26,70.725,122.66,48.975,-3279,-170,-3890,-444,1229,1130
519230,184.02,70.275,122.9,51.525,-3281,-175,-3890,-418,1229,1125
519232,183.62,71.1,122.34,50.925,-3286,-166,-3895,-424,1226,1127
519234,184.02,71.025,122.74,51.525,-3282,-167,-3891,-417,1229,1127
519236,183.78,69.75,122.02,49.65,-3283,-179,-3896,-436,1230,1132
519238,183.86,69.825,122.74,49.95,-3282,-178,-3890,-433,1227,1128
519240,183.62,69.825,121.86,49.875,-3284,-178,-3899,-434,1230,1133
519242,184.1,70.725,122.5,49.95,-3280,-169,-3892,-432,1229,1135
519244,183.3,70.2,122.98,50.85,-3288,-174,-3888,-422,1228,1126
519246,184.1,69.45,123.14,50.775,-3279,-181,-3886,-423,1231,1136
519248,183.94,69.825,123.7,49.65,-3281,-177,-3879,-434,1229,1132
519250,183.06,69,122.26,49.875,-3289,-186,-3894,-432,1231,1122
519252,183.62,68.4,122.66,49.425,-3283,-191,-3889,-436,1233,1137
519254,182.98,70.05,123.06,48.3,-3291,-175,-3884,-448,1229,1132
519256,183.14,69.45,121.7,50.1,-3288,-180,-3900,-429,1227,1130
519258,182.9,68.55,122.98,50.25,-3290,-190,-3887,-427,1226,1134
519260,182.9,70.05,122.42,49.425,-3292,-174,-3892,-435,1227,1136
519262,182.98,69.6,121.46,50.1,-3290,-178,-3902,-429,1230,1130
519264,182.82,68.175,122.42,49.125,-3290,-193,-3891,-438,1235,1133
519266,183.06,68.7,122.66,49.35,-3288,-187,-3889,-435,1229,1127
519268,182.9,68.4,123.06,50.925,-3290,-189,-3886,-418,1230,1135
519270,182.66,67.8,122.34,49.875,-3292,-196,-3892,-429,1234,1138
519272,182.18,69.075,123.7,50.325,-3298,-182,-3880,-423,1229,1136
519274,182.66,69.825,122.42,49.425,-3293,-174,-3892,-433,1228,1124
519276,183.54,68.85,123.7,50.25,-3283,-183,-3879,-422,1232,1130
519278,182.9,69.675,123.54,50.325,-3291,-175,-3881,-422,1231,1133
519280,183.3,68.25,123.06,50.1,-3285,-189,-3886,-424,1234,1126
519282,182.66,69.375,123.46,51.6,-3293,-177,-3883,-408,1234,1126
519284,183.22,69,123.86,51.375,-3286,-179,-3878,-409,1235,1132
519286,184.66,68.925,126.82,52.725,-3272,-179,-3850,-393,1235,1133
519288,188.74,71.775,131.46,54.45,-3233,-146,-3803,-371,1235,1126
519290,197.06,69.6,141.14,59.775,-3145,-162,-3709,-307,1237,1132
519292,210.58,75.375,155.38,65.775,-3012,-91,-3569,-233,1237,1136
519294,229.94,80.7,174.18,72.825,-2819,-20,-3383,-145,1243,1140
519296,250.5,85.8,198.34,79.5,-2613,47,-3142,-56,1247,1142
519298,276.98,92.4,224.66,86.1,-2349,137,-2878,31,1258,1157
519300,304.9,102.675,251.38,92.85,-2074,265,-2612,123,1274,1168
519302,332.02,108.375,277.78,97.575,-1803,345,-2346,191,1289,1172
519304,360.1,114.15,304.98,100.95,-1522,426,-2071,247,1299,1176
519306,386.98,118.35,332.9,100.425,-1253,490,-1786,263,1305,1180
519308,417.38,121.35,359.78,102.525,-948,544,-1515,305,1309,1177
519310,444.34,121.275,386.74,103.425,-676,562,-1243,334,1313,1179
519312,473.7,121.05,414.9,108.375,-379,582,-963,407,1307,1170
519314,500.58,120.15,442.34,111.675,-109,592,-688,461,1312,1172
519316,527.94,119.175,470.42,112.125,166,601,-405,486,1307,1174
519318,555.94,118.35,494.82,114.375,446,612,-162,527,1311,1172
519320,581.62,119.25,516.58,117,702,641,54,571,1312,1170
519322,602.58,121.35,534.66,119.7,910,677,233,612,1318,1176
519324,621.7,123.225,549.46,120.525,1099,710,381,632,1317,1173
519326,634.34,123.225,557.22,119.775,1225,719,459,629,1315,1179
519328,642.1,121.05,559.94,120.525,1303,703,486,639,1316,1177
519330,643.14,119.025,559.94,117.675,1315,682,488,610,1320,1178
519332,641.94,115.275,557.54,115.8,1306,643,466,588,1324,1183
519334,639.38,112.125,557.14,115.575,1282,609,462,586,1324,1184
519336,637.7,111.75,556.82,115.95,1266,604,459,590,1325,1183
519338,637.78,110.775,557.78,117.225,1267,594,468,604,1322,1188
519340,639.54,111.225,560.5,117.525,1286,600,496,610,1314,1183
519342,642.5,113.25,563.78,119.25,1313,623,527,630,1312,1187
519344,644.02,113.775,565.46,121.725,1329,630,543,657,1313,1186
519346,645.94,115.425,565.3,122.175,1347,649,541,661,1314,1187
519348,646.66,117.15,565.78,123.975,1355,668,546,681,1311,1184
519350,645.06,116.475,564.74,122.85,1339,660,536,669,1312,1184
519352,645.14,117.45,564.42,123.15,1340,670,534,673,1313,1183
519354,644.02,118.425,564.34,122.55,1328,680,532,666,1313,1185
519356,644.02,116.925,564.26,121.35,1329,665,534,654,1316,1187
519358,643.14,117.375,564.66,120.6,1321,669,538,646,1316,1186
519360,644.58,117.45,565.06,122.7,1336,672,542,670,1319,1183
519362,644.58,117.45,565.54,123,1336,671,546,673,1314,1186
519364,644.34,117.075,565.22,121.5,1334,668,545,658,1312,1184
519366,644.26,117.15,565.3,123.675,1334,669,544,681,1314,1181
519368,643.62,115.875,566.66,122.7,1329,655,560,672,1315,1186
519370,643.46,115.35,565.86,121.35,1327,650,553,658,1314,1189
519372,644.42,115.05,567.38,122.625,1339,649,568,673,1316,1183
519374,643.86,114.225,567.22,121.8,1334,640,567,664,1319,1184
519376,644.34,115.575,567.14,120.3,1339,655,568,649,1317,1186
519378,643.62,115.5,567.94,122.925,1331,654,575,677,1314,1178
519380,644.18,114.075,568.02,121.5,1339,639,578,663,1320,1182
519382,644.42,114.525,567.86,120.15,1341,645,577,649,1316,1182
519384,644.26,113.925,567.94,120.6,1341,639,579,654,1322,1183
519386,642.9,113.7,567.94,120.45,1328,636,578,652,1320,1183
519388,643.38,113.1,568.42,121.2,1334,631,584,661,1322,1181
519390,643.86,112.5,568.1,120.15,1340,624,582,650,1325,1187
519392,643.22,113.25,568.82,121.2,1334,632,589,662,1319,1182
519394,643.14,111.975,569.46,121.95,1334,619,595,670,1327,1182
519396,643.78,112.275,568.9,118.95,1341,623,592,640,1325,1186
519398,642.9,112.8,569.86,119.1,1332,628,602,642,1324,1187
519400,643.62,112.2,569.46,119.85,1340,623,599,650,1322,1185
519402,644.1,111.3,569.06,119.175,1346,614,595,642,1325,1185
519404,643.38,111.375,569.22,121.35,1340,614,597,665,1323,1182
519406,643.7,111.75,570.18,119.55,1343,619,607,648,1321,1186
519408,643.94,111,569.7,119.925,1347,611,604,651,1320,1183
519410,643.38,111,570.66,119.925,1342,611,613,652,1318,1180
519412,643.06,110.625,570.58,120.225,1339,607,613,656,1323,1182
519414,642.9,111.075,569.78,118.575,1338,611,606,638,1323,1185
519416,642.1,110.1,570.5,120.15,1331,601,613,654,1319,1182
519418,641.7,109.725,569.94,120.15,1327,597,608,654,1324,1180
519420,641.78,110.1,570.02,119.55,1329,601,610,648,1319,1182
519422,641.7,109.05,570.9,119.1,1329,590,619,644,1322,1187
519424,641.7,109.35,569.78,118.725,1330,593,609,639,1323,1189
519426,642.18,109.425,570.82,119.025,1334,594,619,643,1324,1186
519428,641.62,108.825,570.58,118.95,1330,587,618,642,1322,1187
519430,641.46,108.6,570.34,120.225,1329,585,615,655,1325,1180
519432,642.18,108.6,572.66,119.325,1336,585,639,647,1323,1177
519434,641.62,108,572.18,118.5,1331,579,635,639,1323,1182
519436,641.94,108.525,571.54,118.65,1335,584,630,640,1323,1178
519438,641.7,108.45,571.22,117.6,1333,583,627,628,1322,1186
519440,641.7,107.925,570.58,117.6,1334,577,621,627,1322,1187
519442,640.74,107.925,572.02,117.15,1325,576,636,624,1323,1183
519444,641.46,108.15,570.9,118.5,1332,579,624,637,1321,1188
519446,640.58,106.65,571.62,115.425,1324,563,633,605,1324,1189
519448,641.14,106.725,571.86,116.4,1330,564,636,615,1324,1183
519450,640.9,106.575,573.38,115.725,1328,562,651,609,1320,1189
519452,641.62,106.65,572.42,117.075,1335,563,642,622,1324,1190
519454,641.62,106.95,573.38,116.175,1335,566,652,613,1323,1187
519456,641.22,106.425,572.58,116.1,1332,560,644,612,1322,1189
519458,640.74,106.275,573.22,117.375,1328,558,650,626,1325,1188
519460,640.42,107.7,573.86,114.75,1324,572,659,598,1322,1192
519462,640.58,107.1,574.26,115.95,1326,566,661,611,1321,1187
519464,641.06,106.65,573.54,115.275,1331,561,655,603,1322,1188
519466,640.42,106.125,573.38,115.575,1326,556,653,606,1321,1185
519468,641.22,106.35,574.02,115.575,1334,558,660,606,1318,1186
519470,640.98,105.525,572.82,115.425,1331,549,648,604,1325,1186
519472,641.06,107.1,574.9,114.6,1331,565,670,596,1323,1189
519474,640.9,106.95,574.58,115.5,1330,563,666,605,1318,1189
519476,640.18,106.425,574.34,115.5,1323,557,664,604,1323,1184
519478,640.74,106.65,574.34,114.375,1329,560,665,593,1322,1185
519480,641.06,105.975,573.7,116.1,1333,552,658,610,1319,1187
519482,640.58,106.725,573.7,116.175,1328,560,657,611,1321,1184
519484,639.78,106.425,574.74,116.475,1320,556,668,614,1321,1187
519486,640.02,106.35,574.42,115.05,1322,555,666,599,1321,1186
519488,639.78,105.75,574.66,115.275,1320,549,668,602,1321,1182
519490,639.38,105.525,575.06,115.425,1316,546,671,604,1321,1188
519492,640.26,106.575,574.42,115.2,1325,557,666,601,1321,1188
519494,639.46,107.325,574.98,115.05,1316,564,672,600,1319,1192
519496,639.38,106.65,575.46,115.35,1317,558,676,603,1327,1190
519498,639.94,107.775,575.46,114.825,1322,569,676,597,1324,1190
519500,639.62,106.65,574.98,115.2,1319,557,671,601,1322,1193
519502,639.38,108.3,574.66,115.575,1315,575,669,605,1320,1189
519504,640.02,107.175,574.74,114.525,1323,564,670,594,1322,1188
519506,639.14,106.65,575.62,114.675,1314,558,678,596,1324,1190
519508,639.14,106.725,575.38,116.025,1314,559,675,610,1324,1187
519510,639.22,107.4,574.9,114.825,1315,565,672,597,1325,1185
519512,638.82,106.35,575.3,114.675,1312,555,675,596,1324,1188
519514,639.06,105.6,575.38,115.425,1315,547,676,604,1326,1188
519516,639.14,107.325,575.46,115.425,1314,565,677,604,1323,1188
519518,639.14,106.275,575.7,113.475,1315,554,681,584,1322,1194
519520,639.14,105.375,575.54,114.375,1315,545,678,593,1328,1193
519522,638.98,105.675,574.58,113.175,1314,548,670,580,1324,1191
519524,638.5,105.975,576.18,114.45,1309,550,685,595,1326,1192
519526,638.98,106.425,575.54,113.175,1314,555,679,581,1323,1190
519528,639.22,105.525,575.86,114.9,1317,547,682,599,1325,1191
519530,638.74,105.675,576.02,112.95,1312,548,685,579,1324,1192
519532,639.54,106.125,576.5,113.475,1320,553,689,585,1322,1193
519534,639.7,105.15,575.86,114,1322,543,682,590,1324,1190
519536,638.9,105.225,576.42,113.55,1314,544,689,586,1326,1194
519538,639.06,105,576.66,113.325,1316,541,691,583,1327,1193
519540,638.34,105.075,576.5,113.85,1309,542,689,589,1324,1190
519542,638.98,104.925,575.06,112.875,1316,541,675,578,1325,1192
519544,638.98,105.525,576.1,111.975,1315,547,687,570,1329,1189
519546,638.9,105.6,576.26,112.65,1315,548,688,576,1323,1195
519548,639.38,105.45,575.78,111.9,1319,547,685,569,1324,1195
519550,638.98,106.35,576.18,112.35,1315,556,688,573,1320,1190
519552,638.74,106.35,576.34,112.725,1314,555,690,577,1322,1191
519554,639.22,104.925,576.34,113.925,1319,541,689,590,1326,1191
519556,639.38,106.35,576.18,113.775,1320,556,687,588,1326,1190
519558,639.38,106.05,576.34,112.5,1320,553,690,575,1322,1194
519560,639.06,105.9,575.7,113.025,1317,551,683,580,1323,1195
519562,639.06,107.4,575.78,112.8,1317,566,685,578,1322,1193
519564,638.98,105.15,576.58,113.175,1317,544,693,583,1326,1192
519566,639.46,105.75,577.46,112.275,1322,550,702,574,1322,1195
519568,638.82,106.425,576.34,112.425,1315,557,691,575,1323,1190
519570,638.66,105.825,577.38,112.8,1314,551,702,580,1321,1189
519572,639.22,107.1,576.66,113.475,1320,564,694,586,1322,1191
519574,639.78,106.425,576.66,112.275,1325,558,695,574,1321,1191
519576,639.3,106.2,576.42,112.95,1321,555,693,581,1320,1190
519578,638.74,106.875,577.38,113.1,1316,562,702,583,1323,1191
519580,639.3,106.275,576.58,111.825,1322,556,695,570,1321,1190
519582,640.02,105.825,576.42,111.825,1329,552,694,570,1321,1189
519584,639.54,105.525,577.38,111.825,1325,550,704,571,1319,1187
519586,639.22,105,577.22,112.725,1322,544,701,580,1322,1192
519588,639.3,106.425,577.38,111.9,1322,559,704,572,1319,1189
519590,638.66,105.45,577.14,111.975,1316,548,702,572,1321,1189
519592,637.62,104.55,576.74,112.05,1307,539,698,573,1326,1191
519594,638.5,105.75,577.86,110.925,1315,552,710,562,1326,1191
519596,640.58,104.85,579.14,112.875,1337,544,721,584,1323,1188
519598,643.06,106.125,579.7,113.325,1360,559,727,589,1326,1187
519600,646.1,107.925,583.86,115.05,1390,580,768,611,1324,1186
519602,649.22,108.6,586.74,118.125,1421,589,794,645,1324,1177
519604,652.42,109.875,588.34,120.3,1452,606,809,669,1323,1178
519606,653.14,110.85,588.9,118.95,1458,616,816,655,1330,1179
519608,653.22,111.675,589.38,118.95,1459,625,822,656,1327,1183
519610,652.82,109.875,589.86,116.775,1456,606,827,634,1328,1181
519612,651.38,109.05,588.58,115.95,1443,597,816,625,1329,1180
519614,649.94,107.475,587.54,115.2,1430,579,806,616,1329,1180
519616,649.54,108.525,587.54,115.425,1426,590,807,619,1330,1181
519618,650.02,107.775,587.22,114.975,1431,583,804,614,1328,1184
519620,650.1,106.95,587.62,115.425,1433,575,808,619,1329,1187
519622,650.34,105.75,588.26,116.1,1436,563,814,626,1328,1181
519624,649.54,107.775,587.22,117.375,1428,583,803,640,1326,1175
519626,650.02,108.375,588.1,117.75,1432,590,812,644,1326,1174
519628,649.54,108.075,588.74,116.475,1428,587,820,632,1326,1177
519630,649.7,108.6,587.22,117.3,1429,592,804,639,1328,1176
519632,650.26,108.525,588.34,118.35,1436,592,815,651,1328,1171
519634,650.1,108.6,588.98,116.4,1434,593,823,631,1329,1175
519636,650.02,109.125,588.34,117.225,1434,599,817,640,1325,1171
519638,650.58,108.375,589.06,115.65,1440,591,825,624,1327,1181
519640,650.34,110.175,588.9,114.9,1438,611,825,616,1327,1182
519642,650.1,108.9,588.74,117.675,1436,597,822,645,1326,1177
519644,650.1,109.5,588.42,115.725,1436,604,820,625,1327,1179
519646,650.26,109.875,588.74,114.3,1438,608,824,610,1326,1184
519648,650.26,109.725,589.38,117,1438,607,830,639,1329,1180
519650,649.86,108.6,589.06,116.175,1435,595,827,631,1327,1175
519652,650.42,110.325,588.58,115.125,1440,613,823,620,1327,1177
519654,649.94,110.925,590.18,117.3,1435,619,838,643,1326,1176
519656,650.26,110.25,589.7,115.875,1439,613,835,628,1328,1176
519658,650.5,110.4,588.26,114.45,1441,614,821,613,1329,1184
519660,649.7,111.15,588.98,117.45,1434,622,828,645,1326,1176
519662,649.86,110.1,589.38,116.25,1436,611,832,633,1333,1177
519664,650.42,110.25,588.9,118.575,1442,614,826,657,1331,1169
519666,649.94,110.55,589.38,116.7,1437,617,832,638,1324,1176
519668,650.1,111,590.02,117.45,1439,622,839,647,1327,1170
519670,650.5,112.5,588.74,116.55,1442,638,826,637,1326,1175
519672,650.02,110.925,589.7,117.9,1438,622,835,652,1326,1170
519674,650.26,111.45,588.82,116.55,1441,627,828,637,1328,1172
519676,649.94,110.55,589.22,114.75,1438,618,833,619,1326,1177
519678,649.86,111.225,589.14,115.5,1437,625,832,627,1325,1177
519680,649.86,110.25,589.38,115.8,1438,615,835,631,1327,1173
519682,649.86,109.575,589.78,116.7,1438,609,838,641,1328,1162
519684,650.34,109.5,590.58,116.025,1444,608,847,634,1328,1168
519686,649.38,108.975,590.74,116.1,1435,603,849,636,1326,1167
519688,649.46,108.45,591.06,115.95,1436,598,852,635,1325,1162
519690,649.7,108.75,590.1,114,1439,601,844,614,1325,1176
519692,649.46,108.525,590.18,115.125,1437,599,844,626,1324,1170
519694,649.38,107.4,590.66,113.775,1437,588,851,612,1329,1174
519696,650.02,108.3,590.02,113.1,1443,598,845,605,1324,1169
519698,648.98,107.55,591.06,114.525,1433,589,854,621,1327,1168
519700,649.7,107.7,591.06,115.875,1441,592,853,636,1335,1166
519702,649.46,108.075,591.7,114,1438,595,861,616,1333,1168
519704,649.78,109.2,591.22,115.275,1441,608,856,630,1331,1166
519706,649.06,107.625,591.54,115.5,1434,591,859,632,1333,1165
519708,648.58,109.35,591.62,114.975,1429,609,860,627,1330,1162
519710,648.66,108.9,589.94,116.55,1430,605,843,643,1333,1166
519712,649.06,109.5,589.94,117.225,1434,611,843,650,1332,1164
519714,648.42,109.8,591.14,115.05,1428,614,856,629,1329,1164
519716,648.1,110.475,589.94,116.7,1425,622,843,646,1330,1165
519718,648.34,109.8,589.78,117.675,1428,615,841,655,1332,1171
519720,648.42,111.15,590.26,117.225,1428,629,847,652,1335,1165
519722,647.86,111.675,588.82,117.9,1422,635,832,658,1335,1168
519724,648.58,111.3,590.26,118.5,1429,631,846,666,1334,1166
519726,647.94,111.6,590.42,117.975,1423,635,848,660,1336,1165
519728,648.26,112.725,590.1,118.05,1426,647,845,662,1332,1166
519730,648.98,112.2,590.34,117.975,1433,642,848,661,1335,1168
519732,648.02,111.525,590.66,118.425,1424,635,851,666,1336,1161
519734,647.78,112.5,590.34,117.825,1421,645,848,660,1334,1167
519736,647.46,111.75,589.94,118.575,1419,637,844,668,1334,1165
519738,647.3,112.275,590.18,117.825,1417,643,847,660,1336,1162
519740,647.46,112.425,590.66,117.3,1419,645,852,655,1338,1166
519742,648.02,112.05,590.82,115.8,1425,641,854,640,1336,1167
519744,651.14,112.5,594.42,117.75,1455,649,889,663,1332,1168
519746,657.94,113.925,599.78,118.875,1522,668,942,678,1336,1168
519748,668.1,116.25,608.26,122.1,1621,699,1025,718,1330,1170
519750,681.7,119.55,619.78,127.2,1754,743,1136,779,1322,1177
519752,696.26,123.45,631.22,135.6,1896,793,1246,874,1330,1174
519754,712.82,129.525,645.46,142.425,2056,868,1383,956,1338,1167
519756,728.58,133.575,659.94,147.45,2210,920,1524,1018,1343,1180
519758,743.7,138.975,673.22,150.225,2356,987,1654,1056,1335,1175
519760,757.38,139.875,685.46,149.55,2491,1005,1776,1057,1335,1186
519762,770.82,141.375,696.98,150,2622,1030,1890,1069,1342,1181
519764,782.98,143.4,707.06,150.45,2741,1058,1990,1080,1348,1177
519766,791.86,144.675,716.82,154.425,2828,1077,2084,1128,1348,1172
519768,799.7,147.9,721.86,161.175,2904,1116,2131,1201,1345,1175
519770,804.9,150.75,724.34,164.85,2954,1149,2154,1241,1347,1176
519772,805.62,153.675,724.98,171.075,2960,1179,2158,1306,1347,1173
519774,806.82,155.85,724.02,173.775,2971,1202,2147,1333,1350,1174
519776,805.86,156.75,723.06,175.35,2961,1210,2137,1349,1353,1177
519778,804.1,156.525,723.7,175.875,2944,1207,2142,1355,1355,1175
519780,802.98,155.025,722.9,174.675,2934,1189,2135,1340,1355,1178
519782,802.58,153.825,722.18,174.3,2930,1176,2129,1336,1356,1180
519784,802.26,152.7,725.06,172.5,2928,1163,2158,1318,1356,1186
519786,802.98,152.7,724.74,171.675,2935,1163,2156,1309,1353,1182
519788,802.98,152.325,726.1,171.6,2935,1158,2169,1308,1353,1185
519790,802.98,153.3,726.42,171.825,2935,1168,2172,1310,1352,1187
519792,802.42,154.725,726.58,172.125,2929,1181,2174,1312,1351,1182
519794,802.1,155.55,727.46,171.975,2925,1190,2183,1311,1350,1185
519796,801.94,156.3,726.18,172.125,2923,1196,2170,1311,1348,1186
519798,802.1,156.975,726.1,172.35,2924,1204,2169,1313,1350,1183
519800,801.78,156,727.7,173.175,2922,1192,2184,1321,1353,1185
519802,801.86,156.75,727.22,172.5,2922,1200,2180,1314,1349,1183
519804,801.78,155.925,726.74,172.725,2922,1190,2175,1315,1350,1181
519806,801.78,156.15,727.54,172.5,2922,1192,2183,1313,1353,1179
519808,802.02,155.175,726.98,171.75,2924,1182,2178,1304,1351,1181
519810,801.7,156.825,727.3,173.7,2921,1199,2180,1325,1353,1181
519812,801.54,155.7,728.74,173.325,2920,1186,2194,1321,1351,1184
519814,801.14,155.7,727.46,173.025,2916,1186,2182,1317,1348,1180
519816,801.46,156.45,729.46,172.875,2919,1194,2202,1316,1350,1185
519818,801.06,156.6,728.74,172.575,2915,1195,2195,1313,1354,1188
519820,800.66,156.975,728.82,172.8,2911,1198,2196,1315,1354,1185
519822,800.42,156.75,729.94,172.8,2909,1196,2206,1315,1350,1187
519824,799.62,156.75,729.46,173.1,2900,1195,2202,1318,1354,1188
519826,799.38,157.05,728.98,172.35,2898,1197,2197,1310,1349,1191
519828,800.58,156.3,730.26,173.475,2909,1191,2209,1323,1352,1187
519830,799.22,156.525,730.42,172.725,2896,1192,2211,1315,1356,1190
519832,799.06,157.575,730.02,173.25,2894,1202,2206,1320,1353,1190
519834,800.1,156.15,731.7,172.8,2905,1189,2223,1316,1354,1186
519836,799.54,156.675,730.74,172.125,2899,1193,2214,1309,1352,1188
519838,800.18,156.525,731.22,172.125,2906,1193,2219,1309,1354,1190
519840,800.02,156.525,732.1,171.525,2903,1192,2228,1303,1354,1189
519842,799.7,157.8,731.86,173.175,2900,1205,2225,1321,1351,1193
519844,798.9,157.2,732.58,172.65,2892,1199,2232,1315,1353,1190
519846,799.62,156.6,731.46,171.975,2900,1193,2221,1307,1356,1191
519848,799.06,156.825,731.62,172.35,2894,1195,2223,1312,1353,1188
519850,799.46,155.775,732.18,171.975,2898,1184,2228,1308,1358,1188
519852,798.98,156.15,732.26,171.675,2893,1188,2229,1305,1357,1190
519854,799.7,156.075,732.66,171.525,2900,1188,2232,1304,1356,1187
519856,799.22,156.375,732.82,172.95,2895,1190,2234,1319,1353,1185
519858,798.34,155.55,732.82,171.225,2887,1181,2235,1301,1352,1192
519860,798.5,156.675,733.62,172.725,2888,1194,2242,1317,1353,1190
519862,799.46,156.45,732.66,172.125,2897,1192,2233,1310,1355,1191
519864,799.3,156.45,734.1,172.05,2896,1192,2247,1311,1353,1196
519866,799.62,156.3,732.9,171.975,2899,1191,2235,1310,1353,1188
519868,799.62,156.525,734.1,171.45,2899,1193,2247,1305,1354,1190
519870,798.42,154.95,734.18,171.075,2887,1176,2248,1302,1355,1192
519872,798.26,156.825,733.7,171.75,2885,1196,2243,1308,1356,1193
519874,797.94,155.7,733.7,171.375,2883,1184,2243,1304,1354,1195
519876,797.86,155.7,734.42,172.125,2882,1184,2249,1313,1356,1193
519878,798.34,156.375,733.78,171.45,2887,1192,2243,1306,1353,1189
519880,798.18,156.3,734.66,171.675,2885,1191,2252,1308,1358,1188
519882,797.78,156.525,734.18,171.45,2881,1193,2248,1306,1359,1183
519884,798.02,156.525,735.7,170.925,2883,1194,2263,1302,1359,1194
519886,797.3,156.375,736.02,171.075,2876,1192,2266,1304,1355,1193
519888,798.9,155.175,735.62,170.4,2892,1181,2262,1297,1355,1189
519890,796.74,155.925,736.1,171.225,2870,1187,2266,1306,1360,1197
519892,797.78,156.75,736.34,171.6,2880,1197,2269,1311,1356,1194
519894,797.3,156.525,735.86,172.05,2875,1195,2263,1315,1360,1194
519896,796.9,156.675,736.02,171.525,2872,1197,2265,1310,1359,1196
519898,798.26,156.375,736.5,171.075,2885,1194,2270,1306,1360,1196
519900,798.42,156.225,735.86,171.375,2886,1193,2263,1309,1360,1196
519902,797.3,156.6,736.58,171.075,2875,1196,2271,1307,1358,1197
519904,798.34,155.7,735.62,171.975,2886,1189,2261,1316,1355,1191
519906,797.46,156.75,736.18,172.275,2877,1199,2266,1320,1357,1193
519908,796.9,156.3,736.58,171.45,2872,1194,2270,1312,1355,1193
519910,796.74,156.825,736.18,170.925,2869,1200,2266,1305,1359,1196
519912,797.62,155.925,735.38,171.675,2878,1191,2258,1314,1360,1194
519914,796.5,156.075,736.98,171.15,2868,1192,2274,1309,1363,1200
519916,798.1,155.85,737.38,171.075,2884,1191,2278,1309,1360,1200
519918,798.02,155.7,737.38,171,2883,1189,2279,1308,1362,1199
519920,798.34,156.225,737.54,170.775,2885,1195,2280,1307,1362,1200
519922,797.7,157.2,737.62,169.8,2879,1205,2281,1296,1361,1203
519924,796.74,155.4,737.78,169.725,2870,1186,2283,1296,1364,1204
519926,797.22,155.475,737.7,169.575,2875,1188,2282,1294,1360,1202
519928,797.94,156,738.9,169.275,2882,1194,2294,1292,1363,1201
519930,798.58,155.175,738.74,169.8,2888,1186,2292,1297,1365,1202
519932,798.34,155.025,738.42,169.125,2886,1184,2289,1290,1360,1205
519934,797.46,155.25,738.18,168.9,2877,1186,2287,1288,1361,1202
519936,796.5,154.425,738.42,169.275,2868,1177,2290,1292,1362,1203
519938,798.02,154.95,738.5,169.275,2883,1183,2291,1292,1360,1206
519940,797.78,153.825,738.1,169.275,2881,1172,2286,1292,1365,1206
519942,796.98,154.425,737.7,168.9,2873,1177,2283,1288,1366,1205
519944,798.18,155.1,738.5,167.775,2885,1185,2291,1277,1364,1205
519946,797.14,153.6,738.5,169.95,2874,1168,2290,1300,1365,1203
519948,796.18,154.125,737.14,170.475,2865,1174,2277,1304,1365,1202
519950,796.02,154.125,738.58,168.6,2864,1173,2291,1285,1366,1208
519952,795.78,154.95,738.66,169.575,2861,1182,2292,1295,1365,1207
519954,794.9,155.25,737.78,169.125,2853,1184,2284,1290,1363,1205
519956,795.3,154.725,738.5,168.75,2857,1179,2291,1287,1365,1209
519958,795.7,154.95,738.34,168.825,2860,1181,2289,1287,1363,1209
519960,794.98,154.875,738.42,168.9,2853,1180,2290,1288,1364,1207
519962,794.82,155.1,737.3,170.475,2851,1182,2278,1304,1362,1212
519964,795.3,155.4,737.46,170.025,2856,1186,2280,1299,1363,1210
519966,794.34,155.325,736.1,170.625,2847,1184,2266,1304,1363,1208
519968,794.42,155.7,737.46,171,2848,1189,2279,1309,1361,1211
519970,794.9,154.65,737.78,170.625,2853,1178,2283,1306,1363,1212
519972,794.18,155.025,736.66,170.175,2845,1182,2272,1300,1362,1212
519974,794.74,155.475,736.26,170.4,2851,1187,2268,1303,1363,1216
519976,795.3,154.65,737.78,170.325,2857,1178,2283,1302,1365,1214
519978,794.9,154.95,737.22,170.25,2852,1181,2278,1302,1365,1213
519980,794.34,155.325,736.98,169.65,2847,1184,2276,1295,1363,1210
519982,796.02,154.35,738.82,169.95,2864,1175,2294,1299,1368,1211
519984,798.9,154.275,741.06,171.375,2892,1177,2315,1316,1368,1211
519986,803.46,152.775,743.78,169.2,2938,1164,2343,1295,1363,1213
519988,811.22,151.5,750.58,171.225,3015,1156,2410,1321,1361,1220
519990,818.9,148.725,759.54,170.85,3091,1132,2498,1323,1367,1221
519992,830.42,145.575,766.98,169.875,3205,1108,2573,1317,1367,1227
519994,841.94,144.15,776.58,169.35,3318,1101,2667,1319,1365,1223
519996,851.94,142.8,785.46,167.325,3416,1093,2755,1303,1362,1225
519998,860.82,139.95,792.82,164.325,3504,1070,2829,1277,1360,1214
520000,867.38,141.075,797.3,162.675,3568,1086,2874,1263,1362,1215
520002,871.86,138.975,800.02,161.775,3612,1068,2900,1256,1355,1208
520004,875.3,138,802.1,159.525,3646,1060,2922,1233,1358,1206
520006,875.94,136.575,802.5,159.9,3652,1046,2926,1237,1355,1201
520008,876.5,134.625,802.74,159.9,3659,1026,2928,1238,1349,1205
520010,875.54,132.45,802.26,159.525,3650,1002,2924,1233,1355,1203
520012,873.78,132.225,802.74,161.175,3633,999,2928,1251,1353,1204
520014,871.94,134.025,801.86,160.125,3614,1016,2920,1240,1355,1212
520016,871.7,134.4,802.26,160.875,3612,1020,2923,1247,1356,1212
520018,872.18,134.925,802.18,160.5,3616,1025,2923,1243,1358,1217
520020,871.54,135,801.54,159.825,3610,1026,2916,1236,1357,1218
520022,871.14,135.375,802.9,160.725,3606,1030,2929,1246,1356,1218
520024,871.14,135.75,803.46,161.325,3606,1033,2934,1252,1353,1219
520026,870.58,136.8,801.62,162.525,3600,1043,2916,1264,1354,1217
520028,869.94,138.825,802.74,162.15,3593,1064,2926,1261,1361,1217
520030,870.74,136.725,804.26,161.4,3601,1043,2942,1254,1358,1223
520032,869.7,138.6,803.7,160.725,3590,1061,2936,1246,1362,1224
520034,870.26,136.5,803.3,160.275,3597,1040,2933,1242,1355,1229
520036,869.86,136.875,803.78,159.825,3592,1044,2937,1236,1359,1222
520038,869.46,137.475,803.78,160.575,3588,1049,2936,1244,1359,1224
520040,869.3,136.95,803.94,160.35,3586,1044,2938,1242,1354,1222
520042,868.5,136.35,803.3,160.2,3578,1037,2932,1240,1356,1226
520044,868.98,136.125,803.14,159.225,3582,1034,2930,1230,1357,1224
520046,868.82,135.9,803.06,160.125,3581,1032,2929,1239,1361,1223
520048,868.1,135.825,803.62,159.975,3573,1030,2934,1237,1356,1223
520050,868.26,135.825,803.94,159.525,3575,1030,2937,1233,1358,1228
520052,868.26,135.825,804.42,159.675,3574,1030,2941,1235,1358,1227
520054,868.1,136.5,804.02,160.425,3573,1037,2937,1242,1358,1225
520056,868.1,137.625,804.9,159.375,3571,1048,2945,1231,1361,1227
520058,868.42,135.675,805.06,159.075,3576,1029,2947,1228,1357,1229
520060,867.78,136.2,804.42,159.225,3568,1033,2940,1229,1358,1228
520062,867.94,135.675,804.5,158.025,3570,1028,2941,1217,1357,1231
520064,866.9,135.6,804.66,158.4,3559,1026,2942,1220,1360,1229
520066,868.26,136.725,804.02,159.75,3572,1038,2935,1234,1360,1228
520068,868.26,135.825,804.9,157.95,3572,1029,2944,1216,1357,1229
520070,868.1,135.15,805.78,158.25,3570,1022,2952,1219,1358,1228
520072,867.86,135.675,805.62,158.325,3567,1027,2950,1219,1362,1232
520074,868.74,135.675,806.42,157.425,3576,1027,2958,1211,1358,1227
520076,868.02,135.375,805.22,158.925,3568,1023,2946,1225,1360,1224
520078,868.9,135.975,805.62,159.225,3577,1030,2950,1229,1360,1224
520080,867.94,134.85,805.54,159,3568,1017,2948,1225,1359,1228
520082,867.86,134.325,806.58,157.425,3567,1012,2959,1210,1360,1233
520084,867.38,134.625,805.86,158.175,3561,1015,2951,1217,1362,1231
520086,866.9,135.375,806.34,157.65,3557,1022,2956,1212,1364,1235
520088,868.42,135.825,805.7,158.025,3571,1027,2949,1215,1362,1233
520090,868.18,136.05,805.94,158.4,3568,1030,2951,1219,1363,1233
520092,867.94,135.6,805.62,158.325,3565,1024,2948,1218,1361,1233
520094,867.54,135.525,807.86,157.35,3562,1023,2970,1209,1362,1235
520096,867.46,136.725,806.18,157.5,3561,1035,2953,1209,1369,1233
520098,866.82,135.75,806.18,157.5,3554,1025,2953,1210,1365,1232
520100,867.22,134.925,806.42,158.175,3559,1016,2955,1216,1364,1228
520102,866.66,134.85,806.82,158.4,3553,1015,2959,1219,1368,1228
520104,866.66,135.225,806.74,158.175,3553,1019,2958,1216,1362,1231
520106,867.62,135,807.3,158.25,3562,1018,2963,1217,1366,1230
520108,867.7,136.725,806.26,158.625,3562,1035,2953,1220,1369,1226
520110,866.26,135.45,807.54,157.5,3548,1020,2966,1209,1367,1237
520112,867.06,135.75,808.18,158.025,3555,1024,2972,1215,1366,1234
520114,866.26,137.1,806.74,158.7,3547,1037,2957,1221,1369,1236
520116,866.42,136.05,807.62,157.65,3549,1027,2966,1211,1368,1232
520118,867.14,135.975,806.66,157.425,3556,1027,2956,1208,1368,1233
520120,865.94,135.075,808.26,157.575,3544,1017,2971,1210,1372,1239
520122,866.26,135.075,807.14,157.125,3547,1017,2961,1205,1369,1236
520124,866.26,133.95,806.74,157.725,3547,1005,2957,1211,1365,1236
520126,866.34,134.925,809.14,156.75,3547,1015,2980,1202,1366,1240
520128,866.26,134.1,807.94,156.675,3547,1006,2969,1201,1366,1236
520130,866.5,134.025,807.54,157.275,3550,1005,2965,1207,1371,1237
520132,866.98,134.1,808.58,155.775,3554,1006,2975,1192,1369,1240
520134,866.66,134.175,808.82,155.925,3550,1008,2977,1193,1372,1243
520136,865.62,134.4,807.86,155.025,3541,1009,2968,1184,1367,1243
520138,862.42,135.6,804.34,154.725,3509,1019,2934,1178,1369,1245
520140,856.82,137.1,797.22,157.425,3455,1031,2863,1201,1368,1239
520142,846.5,140.85,787.86,156.825,3352,1062,2772,1188,1367,1242
520144,834.66,144.3,776.02,158.325,3236,1090,2656,1196,1376,1242
520146,822.34,149.325,763.22,156.75,3113,1133,2530,1171,1378,1239
520148,812.42,151.425,753.7,159.075,3015,1148,2435,1188,1382,1248
520150,805.86,152.85,746.34,161.1,2951,1159,2362,1204,1378,1247
520152,801.22,152.7,743.7,161.775,2905,1154,2336,1210,1382,1246
520154,801.62,152.55,742.98,161.7,2909,1153,2328,1208,1377,1244
520156,805.54,150.15,744.58,162.3,2949,1130,2344,1215,1377,1242
520158,808.5,149.1,746.74,160.275,2979,1121,2366,1196,1377,1249
520160,810.58,147.975,746.66,160.275,2999,1110,2366,1195,1379,1247
520162,811.54,148.8,747.78,159.825,3009,1120,2377,1191,1376,1248
520164,811.86,148.95,746.9,160.125,3012,1122,2368,1193,1376,1243
520166,810.5,150.675,746.42,161.025,2998,1138,2363,1202,1374,1243
520168,809.22,151.5,745.54,161.1,2985,1146,2355,1203,1370,1239
520170,808.02,151.65,745.62,160.725,2974,1147,2355,1199,1374,1234
520172,807.38,151.8,745.22,161.4,2967,1148,2351,1206,1374,1234
520174,807.14,151.875,745.22,161.775,2965,1148,2352,1209,1373,1235
520176,808.1,150.675,744.5,161.625,2975,1136,2344,1207,1372,1233
520178,808.42,150,745.06,161.925,2978,1129,2350,1211,1375,1234
520180,807.94,151.575,744.9,163.425,2973,1145,2348,1226,1370,1237
520182,807.46,150.6,745.94,163.275,2969,1135,2358,1225,1374,1235
520184,806.82,151.275,744.74,163.5,2963,1141,2347,1227,1373,1234
520186,806.58,151.575,744.98,161.775,2960,1145,2349,1209,1374,1239
520188,806.9,151.95,745.94,162.3,2962,1149,2358,1215,1373,1239
520190,806.66,151.425,745.78,162.6,2961,1143,2357,1218,1373,1240
520192,806.58,151.05,745.78,162.45,2960,1139,2356,1217,1373,1237
520194,806.98,151.275,745.46,161.625,2964,1142,2354,1208,1374,1234
520196,806.66,151.425,745.78,162.075,2961,1143,2357,1213,1373,1233
520198,806.9,151.275,745.22,162,2963,1142,2352,1212,1370,1236
520200,806.66,151.35,745.46,161.325,2961,1142,2354,1205,1375,1233
520202,806.34,151.35,745.22,161.1,2957,1143,2352,1203,1372,1232
520204,806.82,151.65,745.62,162.3,2962,1146,2355,1215,1372,1236
520206,806.34,151.425,746.98,160.65,2958,1144,2369,1199,1374,1236
520208,806.58,151.05,746.42,160.65,2960,1140,2365,1199,1375,1232
520210,806.42,150.9,745.7,160.95,2959,1138,2357,1202,1373,1237
520212,806.98,150.525,746.02,161.775,2965,1135,2360,1211,1374,1232
520214,806.5,151.05,746.58,159.9,2960,1140,2366,1191,1373,1236
520216,806.34,150.3,746.82,160.575,2958,1132,2369,1199,1372,1235
520218,806.26,150.675,746.42,160.05,2958,1136,2365,1193,1371,1238
520220,806.66,151.05,746.66,160.575,2961,1140,2367,1199,1372,1239
520222,806.42,150.3,747.46,159.6,2959,1132,2375,1189,1372,1240
520224,806.02,150.75,746.74,159.75,2955,1136,2368,1190,1370,1234
520226,806.58,150.825,746.82,159.975,2961,1138,2368,1193,1374,1237
520228,805.38,150.45,746.26,160.125,2949,1133,2363,1194,1373,1235
520230,805.22,150.75,747.06,157.725,2947,1136,2372,1169,1375,1240
520232,805.54,150.225,747.46,159.3,2951,1131,2375,1186,1375,1241
520234,805.86,150.45,747.86,159.375,2954,1133,2379,1187,1374,1245
520236,806.02,150.825,746.9,158.775,2955,1137,2370,1181,1372,1239
520238,806.1,150.225,746.5,159.825,2957,1131,2367,1191,1375,1236
520240,805.94,151.125,747.22,159.6,2955,1141,2374,1189,1371,1238
520242,805.06,150.15,746.74,159.375,2947,1130,2369,1186,1370,1239
520244,805.14,150.45,747.46,159.9,2948,1133,2376,1192,1371,1237
520246,805.54,150.225,748.1,158.625,2952,1130,2383,1180,1373,1244
520248,805.06,149.85,746.9,159.15,2947,1126,2372,1184,1372,1236
520250,804.58,150.375,747.46,158.325,2943,1131,2377,1176,1371,1240
520252,804.74,149.925,748.58,158.1,2945,1127,2389,1174,1370,1241
520254,805.3,150.225,747.3,159.075,2950,1131,2376,1183,1372,1237
520256,804.58,150.075,747.3,158.85,2943,1129,2376,1181,1372,1239
520258,804.18,149.85,746.82,159.45,2939,1126,2371,1188,1370,1238
520260,804.82,150.525,746.98,159,2945,1134,2373,1182,1370,1239
520262,804.5,150.975,747.06,158.7,2942,1138,2374,1179,1370,1237
520264,804.74,151.2,747.94,158.925,2945,1141,2383,1183,1372,1241
520266,804.98,151.2,747.7,159.6,2947,1140,2380,1190,1370,1231
520268,804.1,150.45,747.22,158.625,2939,1132,2376,1179,1368,1235
520270,804.58,150.6,747.86,158.4,2943,1134,2382,1177,1371,1233
520272,804.74,150.15,748.42,159.15,2946,1129,2388,1185,1369,1230
520274,804.18,150.825,748.02,158.625,2940,1136,2384,1179,1371,1234
520276,804.26,151.2,746.9,160.65,2941,1140,2373,1200,1370,1229
520278,804.18,150.75,748.26,158.4,2940,1135,2387,1177,1370,1239
520280,804.98,151.125,746.9,159,2949,1140,2374,1183,1369,1231
520282,804.82,151.35,748.74,159.075,2947,1142,2392,1184,1369,1229
520284,805.14,151.35,748.26,159.3,2950,1142,2387,1187,1370,1234
520286,805.38,150.6,748.26,158.25,2953,1135,2387,1176,1373,1235
520288,804.82,151.425,748.42,157.575,2947,1143,2390,1169,1373,1233
520290,804.74,150.75,748.34,156.525,2947,1136,2389,1158,1373,1239
520292,805.06,151.125,748.1,157.5,2950,1140,2386,1168,1371,1239
520294,804.66,151.875,749.14,158.175,2946,1147,2396,1176,1371,1229
520296,804.82,150.825,749.46,157.8,2947,1137,2400,1173,1371,1232
520298,806.02,146.85,749.62,153.675,2960,1097,2403,1130,1370,1234
520300,806.18,144.075,748.98,149.55,2964,1068,2399,1086,1369,1238
520302,807.86,132.6,749.06,143.7,2985,951,2403,1026,1377,1237
520304,806.9,120.525,748.66,130.35,2980,825,2405,887,1379,1229
520306,808.18,108.825,748.58,117.225,2997,705,2410,751,1367,1230
520308,810.98,99,748.18,107.7,3029,606,2411,652,1360,1230
520310,813.46,87.3,748.18,95.325,3057,487,2416,525,1340,1209
520312,815.46,74.4,748.34,87.825,3083,357,2422,448,1340,1207
520314,818.02,66.9,747.62,78.375,3110,282,2419,350,1332,1205
520316,820.82,59.85,746.42,72.6,3140,212,2410,290,1323,1194
520318,822.26,54.075,744.02,65.1,3157,154,2390,212,1314,1194
520320,823.14,51.45,744.02,63.525,3166,128,2391,196,1307,1191
520322,823.7,52.2,744.18,65.625,3171,137,2391,217,1305,1178
520324,824.66,54.225,742.02,69.6,3179,158,2369,257,1308,1180
520326,824.5,57.6,740.98,70.35,3177,193,2357,264,1314,1180
520328,825.06,62.1,742.02,73.95,3181,240,2366,303,1313,1182
520330,823.78,61.35,741.46,74.85,3169,231,2360,311,1319,1204
520332,823.14,62.1,742.98,76.5,3162,239,2374,330,1324,1207
520334,822.58,61.2,744.42,75.375,3157,229,2389,319,1328,1206
520336,822.5,60.375,745.78,72.975,3157,221,2403,297,1327,1209
520338,820.66,60.675,746.26,72.6,3139,223,2408,293,1327,1211
520340,820.18,60.975,745.54,71.7,3134,226,2402,284,1329,1208
520342,820.5,59.925,745.38,71.7,3137,216,2400,283,1323,1205
520344,819.46,60.375,746.98,72.225,3127,220,2415,291,1330,1200
520346,819.3,62.4,747.22,71.4,3124,240,2418,282,1326,1204
520348,819.22,62.85,746.82,73.425,3124,246,2413,303,1326,1205
520350,819.54,61.875,746.98,73.5,3127,236,2415,304,1326,1199
520352,818.82,62.1,747.78,72.075,3120,238,2423,291,1325,1203
520354,819.06,62.25,748.18,71.85,3122,240,2427,289,1324,1197
520356,818.66,59.925,748.74,71.4,3119,216,2433,285,1327,1194
520358,819.86,61.05,748.66,69.075,3130,229,2433,261,1322,1191
520360,819.38,60.9,749.62,69,3125,227,2442,261,1327,1192
520362,818.18,60.6,749.54,70.8,3114,223,2441,279,1329,1194
520364,817.86,59.55,748.26,68.325,3111,212,2429,253,1326,1190
520366,819.14,59.625,749.22,66.6,3123,214,2439,236,1325,1198
520368,818.34,59.025,749.14,66.375,3116,207,2439,233,1325,1189
520370,817.3,59.175,749.46,64.8,3106,208,2443,218,1321,1193
520372,817.54,58.125,749.3,64.35,3108,196,2441,212,1329,1188
520374,817.46,58.125,750.5,62.925,3107,196,2454,199,1325,1196
520376,817.14,58.425,750.34,64.275,3104,198,2450,212,1325,1188
520378,817.78,57.15,751.3,63.6,3111,186,2460,206,1325,1190
520380,816.18,58.35,751.14,62.4,3094,197,2459,192,1326,1192
520382,816.98,57.675,750.98,61.35,3103,190,2458,181,1325,1193
520384,816.5,55.95,751.62,61.65,3098,171,2463,184,1321,1195
520386,816.1,57.075,751.22,60.15,3093,183,2460,169,1327,1199
520388,815.7,57.15,751.38,61.875,3089,181,2461,185,1324,1187
520390,815.14,56.175,750.9,60.375,3085,171,2457,169,1327,1194
520392,815.62,56.625,751.46,60.675,3089,175,2463,171,1326,1197
520394,815.46,55.35,752.74,61.125,3088,162,2474,177,1327,1194
520396,815.3,55.5,751.14,60.3,3086,162,2460,166,1327,1197
520398,814.98,56.1,751.78,60,3083,168,2466,163,1326,1201
520400,814.58,55.8,751.94,61.875,3079,164,2466,182,1327,1193
520402,814.26,55.275,751.46,61.2,3076,158,2462,175,1328,1195
520404,813.62,55.65,750.74,60.9,3069,160,2455,169,1327,1195
520406,814.1,55.275,751.78,62.775,3074,156,2464,189,1330,1195
520408,813.54,55.575,751.94,61.2,3068,157,2466,171,1326,1195
520410,813.3,56.475,751.78,60.6,3065,166,2465,165,1325,1199
520412,813.46,56.4,751.54,62.7,3067,164,2461,186,1324,1194
520414,812.66,56.1,752.1,59.925,3060,161,2468,157,1326,1202
520416,812.42,56.85,752.42,60.9,3056,167,2470,166,1328,1199
520418,812.58,56.325,751.06,60,3058,162,2457,156,1323,1197
520420,812.82,57.45,752.26,61.875,3060,172,2467,175,1326,1197
520422,812.34,56.775,752.34,62.1,3055,166,2468,178,1328,1198
520424,813.14,57.075,752.82,61.8,3062,169,2473,174,1326,1197
520426,813.06,57.375,752.74,60.675,3062,171,2473,163,1327,1206
520428,812.5,56.1,752.9,61.5,3057,157,2474,171,1329,1201
520430,812.66,57.525,752.9,60.15,3057,172,2474,157,1328,1209
520432,812.58,57.45,753.06,61.05,3057,171,2476,166,1327,1206
520434,812.58,56.325,754.74,61.725,3057,159,2492,174,1327,1208
520436,812.34,58.05,752.66,60.975,3054,176,2471,165,1325,1203
520438,811.86,56.925,752.9,61.575,3050,164,2474,171,1325,1202
520440,812.1,57.3,753.7,61.125,3052,168,2482,167,1328,1205
520442,811.94,56.85,753.86,60.75,3050,164,2483,163,1327,1207
520444,811.94,57.225,753.54,60.9,3050,168,2479,164,1329,1205
520446,812.02,57.3,754.5,59.7,3051,168,2490,152,1328,1207
520448,811.38,56.7,754.26,59.775,3044,161,2487,153,1323,1203
520450,812.02,57.6,754.1,61.575,3051,171,2484,171,1329,1203
520452,811.62,56.475,755.3,61.95,3047,160,2496,176,1327,1201
520454,811.7,56.775,754.02,60.15,3047,163,2485,157,1326,1201
520456,811.94,57,753.78,60.75,3050,166,2482,163,1326,1202
520458,812.1,56.625,755.3,61.2,3052,162,2496,168,1328,1201
520460,811.86,57.45,754.02,61.2,3049,170,2484,168,1324,1202
520462,812.9,57.825,753.86,60.525,3060,175,2483,161,1324,1202
520464,811.46,56.175,755.14,60,3046,157,2496,157,1328,1205
520466,811.54,56.85,753.06,61.575,3047,164,2475,172,1322,1200
520468,811.46,57.3,753.14,60.975,3046,169,2476,166,1326,1204
520470,811.86,56.7,753.46,61.725,3050,163,2479,173,1325,1205
520472,810.82,57.3,754.1,60.375,3040,169,2486,161,1322,1206
520474,811.06,57.3,754.42,60.3,3042,169,2489,160,1326,1205
520476,811.3,57.525,754.02,60.825,3045,172,2485,166,1327,1204
520478,810.9,57,755.54,60.225,3041,166,2501,160,1326,1206
520480,810.18,57.15,754.66,61.125,3034,168,2492,170,1323,1205
520482,811.38,57.3,754.26,62.25,3046,170,2487,181,1327,1209
520484,811.22,57.525,754.58,61.05,3045,172,2491,169,1321,1203
520486,811.06,57.075,755.14,61.125,3043,168,2496,170,1326,1205
520488,810.74,57.675,754.42,60.825,3040,174,2490,167,1326,1210
520490,810.66,57.3,754.98,61.125,3039,170,2495,171,1327,1202
520492,809.94,58.275,755.3,62.25,3033,181,2498,183,1328,1204
520494,810.74,57.9,754.18,62.775,3040,178,2487,188,1328,1208
520496,810.74,57.075,754.98,60.825,3041,170,2497,169,1327,1204
520498,811.38,57.3,754.66,61.05,3048,173,2493,171,1330,1204
520500,811.78,57.45,754.58,61.5,3052,175,2493,177,1330,1212
520502,811.38,57.75,755.3,60.675,3048,178,2500,168,1327,1208
520504,811.14,57.225,755.62,60.825,3046,173,2504,171,1328,1203
520506,810.42,58.125,754.66,61.125,3039,182,2494,173,1325,1204
520508,810.82,57.375,755.86,61.8,3043,175,2506,182,1324,1210
520510,810.9,58.2,754.98,62.475,3044,184,2497,188,1330,1209
520512,810.82,57.9,755.7,62.175,3043,181,2505,186,1327,1208
520514,810.82,58.35,756.02,61.5,3044,186,2508,179,1333,1216
520516,811.46,58.2,755.38,61.5,3050,186,2502,180,1332,1214
520518,811.14,58.575,755.54,62.85,3047,190,2503,194,1331,1217
520520,810.98,58.65,754.74,61.875,3045,191,2497,184,1333,1212
520522,811.22,57.9,755.94,62.625,3049,183,2507,193,1331,1209
520524,811.62,56.925,755.78,63.6,3053,174,2506,203,1331,1212
520526,811.54,58.05,756.26,61.425,3052,186,2512,181,1332,1209
520528,812.02,58.425,755.7,61.575,3057,191,2507,183,1332,1221
520530,812.18,57.75,755.78,61.125,3058,184,2508,179,1334,1221
520532,811.46,57.525,755.94,61.35,3052,182,2510,181,1331,1224
520534,811.78,58.05,756.42,60.75,3055,187,2515,176,1333,1222
520536,812.02,57.975,757.06,60.975,3058,187,2521,179,1334,1218
520538,812.26,57.675,755.22,61.275,3061,184,2503,181,1332,1212
520540,812.26,58.275,755.86,62.175,3061,190,2510,190,1332,1218
520542,812.5,58.575,756.74,63.15,3063,193,2518,201,1333,1216
520544,813.62,61.875,756.02,66.825,3073,228,2509,239,1337,1211
520546,814.74,68.325,755.3,74.4,3081,295,2499,316,1331,1221
520548,816.1,80.325,754.34,87.15,3090,419,2484,446,1325,1215
520550,820.02,91.425,751.62,98.175,3124,535,2453,558,1334,1221
520552,821.7,106.05,748.26,117.075,3136,687,2412,750,1345,1228
520554,825.3,125.1,744.98,133.875,3164,886,2372,922,1349,1228
520556,826.42,138.3,743.06,147.375,3170,1023,2347,1061,1363,1250
520558,827.14,145.35,738.34,156.225,3174,1097,2297,1150,1373,1251
520560,828.58,155.775,734.82,166.2,3185,1205,2258,1252,1390,1259
520562,827.78,161.4,733.94,172.05,3175,1263,2247,1312,1395,1267
520564,827.94,165.675,733.14,178.8,3175,1308,2235,1383,1398,1263
520566,828.1,169.8,731.78,182.175,3175,1351,2221,1417,1402,1263
520568,828.5,171.675,731.46,184.725,3178,1371,2216,1444,1402,1265
520570,828.02,171.9,730.98,185.175,3173,1373,2211,1448,1399,1266
520572,827.62,170.25,732.5,184.575,3170,1355,2226,1442,1404,1266
520574,827.14,169.65,732.9,182.775,3166,1349,2231,1424,1401,1264
520576,826.58,166.8,734.18,181.65,3161,1318,2245,1412,1404,1268
520578,825.62,166.8,735.54,180.75,3152,1318,2259,1404,1399,1262
520580,824.66,166.125,736.26,180.3,3143,1310,2266,1399,1395,1258
520582,823.38,167.175,736.74,180.15,3130,1320,2271,1398,1391,1258
520584,822.98,169.8,737.54,181.125,3125,1347,2278,1409,1386,1257
520586,821.62,171.15,737.06,183.9,3111,1361,2272,1438,1388,1252
520588,821.38,173.925,737.54,185.25,3107,1389,2276,1452,1385,1254
520590,821.78,175.05,738.18,184.425,3111,1401,2283,1444,1383,1259
520592,821.38,174.6,738.18,186,3107,1396,2282,1461,1384,1256
520594,821.38,175.65,737.94,186.075,3107,1407,2280,1461,1389,1255
520596,821.78,173.4,738.98,184.95,3112,1384,2291,1450,1392,1259
520598,819.46,174.9,738.18,183.9,3088,1398,2284,1439,1393,1258
520600,820.18,175.275,739.3,184.575,3095,1402,2294,1446,1392,1261
520602,818.74,174.6,739.06,183.375,3081,1394,2292,1434,1389,1260
520604,819.38,174.825,739.14,184.425,3087,1396,2292,1445,1391,1257
520606,818.42,175.725,740.5,183.075,3078,1405,2306,1431,1391,1262
520608,819.06,174.9,740.02,183.3,3084,1397,2301,1433,1394,1258
520610,817.94,174.825,741.94,182.925,3073,1396,2320,1430,1396,1264
520612,818.5,175.35,742.34,184.275,3078,1402,2324,1445,1394,1267
520614,817.54,173.925,741.54,184.35,3069,1387,2316,1445,1396,1261
520616,817.46,175.425,742.82,183.375,3068,1402,2329,1436,1393,1262
520618,816.9,175.725,743.06,183.525,3062,1405,2331,1438,1393,1262
520620,816.58,176.25,742.5,183.6,3059,1410,2326,1438,1397,1256
520622,817.3,175.65,743.7,183.45,3066,1404,2337,1437,1394,1257
520624,817.06,175.95,743.14,184.05,3064,1407,2332,1444,1393,1259
520626,816.18,174.45,743.14,183.3,3056,1391,2332,1436,1401,1265
520628,816.42,175.425,743.38,183.975,3058,1402,2334,1443,1395,1264
520630,815.86,177.15,743.78,183.975,3051,1419,2338,1444,1394,1265
520632,815.54,175.35,743.38,183.675,3050,1401,2334,1440,1400,1265
520634,815.38,174.6,742.82,184.05,3048,1393,2329,1444,1399,1265
520636,815.62,175.8,743.94,184.5,3050,1405,2340,1449,1399,1267
520638,815.06,175.05,743.3,183.15,3045,1398,2334,1434,1402,1268
520640,814.82,176.475,743.94,183.45,3042,1412,2340,1439,1396,1265
520642,814.42,175.8,745.54,183.975,3038,1405,2356,1445,1399,1269
520644,814.42,174.975,744.18,183.3,3038,1396,2343,1437,1403,1266
520646,813.78,174.525,744.98,183.675,3033,1391,2351,1441,1400,1262
520648,814.58,174.75,744.34,182.925,3041,1394,2345,1433,1401,1265
520650,813.38,175.35,745.06,181.65,3029,1399,2352,1421,1401,1266
520652,813.38,174.15,743.94,183.3,3029,1387,2341,1437,1403,1268
520654,814.02,173.55,744.42,182.325,3036,1381,2346,1428,1400,1264
520656,812.9,173.55,745.62,181.875,3024,1380,2358,1424,1400,1269
520658,813.3,174.3,744.9,182.775,3028,1389,2350,1432,1401,1260
520660,813.06,173.85,744.74,182.1,3026,1383,2349,1425,1403,1260
520662,812.26,173.925,744.9,181.575,3018,1384,2351,1419,1403,1265
520664,812.5,173.1,745.3,182.625,3021,1375,2354,1430,1403,1263
520666,812.5,173.175,745.62,182.025,3021,1376,2358,1424,1403,1264
520668,811.62,173.025,745.06,181.725,3012,1374,2352,1421,1406,1265
520670,811.7,172.725,746.42,180.3,3013,1371,2367,1407,1405,1267
520672,811.06,172.125,745.86,180.825,3007,1363,2360,1412,1407,1265
520674,811.38,172.425,746.74,181.5,3010,1367,2369,1419,1409,1261
520676,810.82,172.875,745.86,180.75,3004,1371,2360,1411,1409,1265
520678,810.98,172.275,745.86,181.5,3006,1365,2360,1419,1408,1263
520680,811.7,173.25,746.58,180.15,3013,1375,2368,1405,1406,1264
520682,810.98,172.05,746.18,180.45,3006,1362,2363,1407,1410,1267
520684,810.1,172.5,747.3,180.075,2997,1366,2375,1405,1410,1268
520686,810.58,171.975,747.14,180.75,3002,1362,2373,1411,1411,1263
520688,810.18,172.575,747.06,180.3,2998,1367,2372,1406,1411,1267
520690,810.02,172.875,746.66,180.525,2996,1370,2368,1409,1410,1266
520692,810.1,173.775,747.62,179.625,2996,1380,2378,1400,1412,1264
520694,810.58,172.65,747.38,180.6,3001,1368,2375,1410,1411,1269
520696,810.82,172.125,747.94,181.2,3004,1363,2380,1417,1412,1268
520698,811.14,173.025,747.46,181.125,3006,1372,2375,1415,1407,1266
520700,809.86,173.4,748.66,180.9,2994,1376,2387,1414,1411,1269
520702,809.86,173.55,748.9,181.2,2994,1377,2389,1417,1409,1272
520704,810.5,172.95,748.5,180.6,3000,1371,2385,1410,1410,1270
520706,809.86,173.1,748.34,181.05,2993,1372,2383,1415,1412,1268
520708,809.54,173.85,748.18,181.8,2989,1381,2381,1423,1411,1276
520710,809.14,173.625,747.7,180.975,2985,1378,2377,1414,1418,1277
520712,809.7,173.4,748.42,181.65,2990,1376,2384,1422,1415,1275
520714,809.06,174.75,749.78,180.525,2984,1390,2397,1411,1414,1279
520716,808.66,174.375,749.46,181.575,2980,1386,2393,1422,1417,1280
520718,808.18,174.975,748.66,181.95,2975,1392,2385,1426,1414,1276
520720,808.42,174.825,749.14,180.825,2977,1391,2390,1415,1417,1282
520722,807.7,174.6,749.06,180.9,2970,1388,2390,1415,1415,1278
520724,807.86,174.6,749.86,180.825,2972,1388,2398,1415,1416,1282
520726,808.42,173.25,749.06,180.75,2978,1375,2390,1414,1423,1286
520728,807.86,173.775,748.26,181.275,2972,1380,2381,1420,1417,1284
520730,807.54,173.775,749.3,180.9,2969,1380,2391,1416,1417,1279
520732,808.1,174.375,750.18,180.9,2974,1387,2400,1417,1419,1278
520734,807.86,173.625,749.38,180.45,2972,1379,2393,1412,1419,1279
520736,807.54,173.4,750.34,180.225,2969,1376,2402,1410,1420,1283
520738,808.18,172.8,750.58,180.075,2975,1371,2405,1409,1419,1283
520740,807.94,171.6,749.14,180.15,2973,1358,2390,1409,1423,1277
520742,807.14,173.55,750.82,179.775,2965,1378,2407,1406,1420,1282
520744,808.5,173.1,750.74,180.45,2978,1374,2405,1413,1419,1280
520746,807.06,172.875,750.58,180.075,2964,1371,2404,1409,1421,1277
520748,807.54,173.475,750.5,179.475,2969,1377,2404,1403,1422,1284
520750,807.38,172.875,749.78,179.775,2967,1372,2397,1406,1423,1281
520752,806.66,172.95,750.1,180.3,2960,1371,2400,1411,1423,1278
520754,807.54,172.2,750.34,179.7,2969,1364,2402,1405,1424,1284
520756,806.98,172.125,750.98,179.475,2963,1363,2409,1403,1423,1282
520758,807.14,172.125,749.78,178.8,2965,1363,2397,1395,1423,1278
520760,807.7,172.875,750.9,179.55,2970,1371,2407,1404,1421,1278
520762,806.98,172.65,750.82,179.4,2963,1368,2407,1402,1419,1277
520764,806.98,172.5,749.94,179.625,2963,1366,2398,1403,1422,1278
520766,807.38,172.425,750.1,179.625,2967,1366,2400,1403,1424,1280
520768,806.66,171.825,749.86,178.875,2960,1359,2397,1395,1423,1280
520770,807.06,172.275,750.66,179.625,2964,1364,2405,1404,1423,1278
520772,806.9,172.8,750.1,179.4,2962,1369,2399,1400,1425,1280
520774,806.58,172.95,749.46,179.925,2959,1370,2392,1406,1425,1282
520776,807.7,172.65,750.58,179.925,2970,1368,2403,1406,1425,1280
520778,806.74,173.175,749.46,178.875,2960,1372,2393,1394,1427,1284
520780,806.5,172.8,749.78,180.075,2958,1368,2395,1407,1425,1279
520782,806.42,173.7,750.42,180.225,2957,1377,2402,1409,1426,1290
520784,806.74,172.95,750.1,178.8,2960,1370,2399,1394,1426,1288
520786,806.1,172.5,748.98,180.375,2953,1365,2387,1409,1428,1283
520788,807.06,172.575,750.42,180,2963,1366,2402,1406,1429,1281
520790,806.5,173.1,749.78,179.625,2957,1371,2396,1402,1432,1283
520792,806.26,173.25,750.58,180.675,2954,1373,2402,1413,1426,1286
520794,806.02,172.5,750.5,179.7,2953,1364,2402,1403,1429,1279
520796,807.14,172.2,749.7,180.75,2963,1362,2393,1413,1429,1281
520798,806.18,172.275,749.78,180.3,2953,1362,2395,1409,1425,1285
520800,806.5,173.55,750.58,180.45,2956,1375,2402,1411,1424,1284
520802,806.5,172.65,749.86,180.6,2956,1366,2395,1412,1431,1283
520804,806.18,173.4,749.78,181.275,2952,1374,2393,1419,1429,1287
520806,806.02,173.55,750.82,180.675,2951,1375,2404,1414,1430,1285
520808,805.38,173.775,749.06,181.95,2944,1378,2386,1426,1431,1286
520810,805.86,173.325,750.02,179.4,2949,1373,2396,1400,1431,1296
520812,805.54,173.7,750.34,180.525,2945,1377,2398,1412,1430,1294
520814,805.86,173.85,750.1,180.6,2949,1379,2396,1412,1432,1292
520816,805.94,174.225,750.5,181.725,2949,1383,2399,1425,1431,1291
520818,806.1,173.775,749.3,180.825,2951,1378,2388,1415,1436,1292
520820,805.3,174.225,749.7,181.2,2943,1383,2392,1420,1435,1291
520822,805.22,173.85,750.02,181.425,2942,1379,2395,1422,1435,1295
520824,805.86,173.325,750.1,180.45,2948,1375,2396,1413,1435,1294
520826,805.7,174.75,749.86,180.9,2946,1389,2393,1417,1435,1296
520828,805.54,174.975,750.02,180.9,2944,1392,2394,1417,1434,1296
520830,805.94,174.075,749.7,181.35,2948,1383,2391,1422,1437,1291
520832,805.94,174.075,749.94,181.275,2948,1383,2393,1422,1440,1293
520834,806.18,174.15,749.86,180.9,2950,1384,2393,1418,1435,1297
520836,806.02,173.325,749.86,180.825,2949,1375,2392,1417,1438,1294
520838,806.5,173.475,749.78,180.975,2954,1378,2391,1419,1436,1294
520840,806.66,173.7,750.1,181.875,2955,1380,2395,1428,1439,1293
520842,806.18,173.775,750.66,180.975,2951,1381,2400,1419,1438,1296
520844,806.18,175.65,750.18,180.375,2950,1400,2396,1413,1436,1299
520846,806.34,174.375,750.02,180.6,2952,1387,2394,1415,1435,1295
520848,805.78,173.625,749.14,180,2947,1379,2386,1408,1443,1294
520850,803.06,172.35,746.58,178.425,2920,1364,2362,1390,1439,1297
520852,798.58,171.6,742.82,174.375,2877,1353,2326,1345,1440,1300
520854,794.66,170.85,738.1,173.325,2839,1342,2280,1332,1438,1302
520856,789.46,169.65,731.54,170.85,2789,1326,2216,1301,1439,1303
520858,785.38,168,728.66,168.6,2749,1307,2189,1276,1437,1298
520860,782.82,168,723.86,168.15,2723,1305,2142,1268,1434,1296
520862,782.58,167.175,722.42,166.875,2722,1297,2128,1253,1436,1299
520864,783.78,166.2,722.98,166.875,2734,1287,2133,1254,1434,1296
520866,785.62,165.825,725.62,167.325,2752,1284,2159,1260,1432,1296
520868,788.26,164.85,725.94,167.775,2779,1275,2163,1265,1431,1290
520870,789.54,166.125,727.38,167.625,2791,1290,2176,1264,1435,1295
520872,790.02,166.275,728.5,168.825,2795,1291,2187,1277,1431,1292
520874,789.94,166.725,727.62,168.45,2794,1296,2179,1273,1431,1295
520876,789.94,167.175,727.78,169.35,2794,1300,2180,1282,1433,1291
520878,789.14,168.15,726.82,168.375,2786,1310,2171,1271,1437,1298
520880,788.82,167.85,726.74,170.625,2783,1306,2170,1295,1435,1290
520882,788.34,168.375,725.94,168.9,2778,1312,2163,1276,1436,1300
520884,788.82,167.925,726.5,170.7,2784,1308,2168,1295,1436,1292
520886,788.02,168.525,727.06,169.8,2775,1313,2173,1286,1438,1293
520888,788.1,168.075,727.62,170.85,2776,1309,2179,1297,1437,1297
520890,787.94,167.625,727.78,171,2775,1304,2180,1299,1438,1299
520892,787.06,167.7,727.62,169.35,2767,1304,2179,1282,1442,1297
520894,787.78,168.3,727.06,171.3,2773,1311,2173,1302,1439,1297
520896,787.7,168.825,728.58,170.625,2773,1317,2188,1296,1435,1295
520898,787.62,168.675,727.7,171,2771,1314,2179,1299,1436,1299
520900,787.22,168.9,727.46,171.15,2768,1317,2178,1301,1438,1299
520902,787.46,168.9,727.3,170.625,2770,1317,2176,1295,1438,1298
520904,787.38,168.375,727.22,171.225,2770,1311,2175,1301,1440,1297
520906,787.14,168.675,728.18,171.375,2767,1315,2185,1304,1437,1300
520908,787.94,169.2,728.9,170.175,2775,1320,2193,1292,1439,1303
520910,787.78,168.3,727.7,170.325,2775,1311,2181,1292,1441,1311
520912,788.18,168.225,728.42,170.25,2779,1310,2188,1292,1443,1302
520914,787.14,167.775,728.58,170.175,2769,1305,2190,1291,1438,1301
520916,786.5,168.6,727.86,170.85,2763,1314,2183,1298,1436,1298
520918,787.3,167.85,728.34,169.2,2771,1306,2188,1282,1441,1305
520920,787.14,167.55,728.9,170.4,2770,1303,2194,1295,1441,1306
520922,787.14,167.175,728.82,168.225,2770,1300,2194,1272,1443,1313
520924,787.78,167.4,727.86,168.75,2776,1303,2185,1277,1439,1313
520926,786.66,167.1,729.14,166.8,2766,1299,2198,1257,1443,1316
520928,787.38,167.25,728.9,167.925,2772,1300,2195,1269,1439,1312
520930,787.46,166.8,729.3,167.775,2773,1296,2199,1268,1441,1315
520932,786.5,167.25,728.1,168.975,2763,1300,2187,1280,1442,1311
520934,786.02,166.65,728.02,167.55,2759,1294,2187,1264,1442,1310
520936,786.42,166.95,728.74,168.75,2764,1297,2193,1277,1439,1302
520938,785.78,166.35,728.1,168.3,2757,1290,2188,1273,1439,1307
520940,785.38,166.05,729.06,168.075,2754,1287,2198,1271,1439,1313
520942,784.98,165.825,728.66,168.825,2750,1285,2193,1278,1440,1308
520944,784.98,166.425,728.58,169.275,2750,1291,2193,1283,1442,1311
520946,785.3,166.425,728.98,167.85,2753,1291,2197,1269,1437,1310
520948,785.22,166.725,728.26,169.65,2753,1294,2189,1287,1439,1310
520950,784.02,166.2,728.74,170.175,2741,1288,2194,1293,1441,1311
520952,784.1,167.025,728.1,169.35,2742,1297,2188,1284,1441,1308
520954,784.66,166.875,727.78,170.625,2747,1296,2184,1297,1438,1310
520956,784.98,167.175,728.34,169.95,2750,1300,2190,1291,1440,1313
520958,784.42,168,728.1,171.3,2744,1307,2187,1305,1441,1311
520960,784.18,168.225,728.5,171.6,2741,1310,2191,1309,1440,1308
520962,785.14,168.375,728.98,171.225,2751,1313,2195,1305,1440,1309
520964,784.82,168.9,728.18,172.125,2747,1318,2187,1314,1440,1314
520966,784.5,168.15,727.94,173.4,2745,1310,2184,1327,1440,1306
520968,784.66,169.65,728.5,174.675,2746,1326,2189,1341,1438,1303
520970,785.14,169.05,728.9,173.325,2751,1320,2193,1327,1443,1307
520972,784.18,169.125,728.9,171.975,2741,1320,2194,1313,1439,1304
520974,784.18,169.425,728.5,172.2,2741,1323,2190,1315,1442,1312
520976,784.82,169.125,729.54,172.425,2747,1321,2200,1319,1441,1307
520978,784.02,169.8,728.58,172.2,2739,1327,2191,1316,1439,1308
520980,783.46,168.975,728.82,172.95,2734,1318,2193,1324,1437,1306
520982,780.66,170.4,726.82,172.275,2705,1332,2173,1316,1444,1312
520984,773.78,171.825,721.62,171.675,2637,1342,2122,1306,1444,1312
520986,761.46,175.2,709.46,171.375,2514,1369,2002,1295,1441,1307
520988,745.54,179.25,694.9,172.2,2355,1401,1857,1293,1447,1309
520990,723.86,181.2,674.18,172.425,2140,1407,1651,1282,1450,1311
520992,698.5,185.25,651.3,174.9,1885,1433,1422,1293,1455,1312
520994,673.94,186.525,626.34,176.85,1640,1430,1172,1297,1464,1312
520996,647.94,187.05,600.98,174,1381,1418,919,1249,1460,1320
520998,621.54,184.65,574.82,170.7,1119,1375,660,1197,1461,1327
521000,596.02,185.025,548.82,172.725,863,1362,397,1200,1460,1326
521002,570.34,185.775,521.7,173.25,605,1352,124,1188,1456,1328
521004,544.42,185.025,496.02,171.75,345,1327,-133,1154,1458,1327
521006,518.26,185.85,468.98,170.55,81,1319,-405,1123,1446,1321
521008,492.74,187.5,443.06,168.75,-177,1318,-666,1086,1443,1315
521010,467.46,190.725,415.54,169.65,-435,1335,-946,1077,1438,1313
521012,442.34,192,388.26,169.425,-691,1331,-1224,1055,1437,1311
521014,419.38,194.775,362.5,168.225,-926,1345,-1485,1025,1429,1316
521016,398.26,194.7,338.9,168.675,-1142,1330,-1727,1013,1425,1309
521018,379.62,197.85,316.82,170.325,-1335,1351,-1954,1016,1417,1318
521020,363.94,198.825,297.78,171.525,-1496,1350,-2151,1014,1415,1315
521022,353.94,200.625,283.22,172.725,-1600,1362,-2301,1018,1410,1313
521024,349.78,200.325,274.58,174.225,-1643,1355,-2392,1027,1405,1313
521026,346.9,197.25,270.9,174.525,-1670,1320,-2430,1027,1416,1308
521028,347.54,194.925,270.9,172.875,-1661,1295,-2429,1008,1422,1311
521030,348.58,194.85,272.42,170.325,-1650,1295,-2411,982,1423,1310
521032,350.5,193.8,276.98,169.5,-1631,1284,-2363,975,1425,1316
521034,349.22,193.2,278.42,167.4,-1643,1276,-2347,954,1423,1319
521036,347.22,194.025,276.66,167.25,-1665,1283,-2365,950,1427,1316
521038,345.14,195.6,274.82,167.25,-1687,1298,-2384,949,1422,1314
521040,343.86,196.2,272.26,169.575,-1701,1303,-2413,971,1422,1306
521042,342.98,197.25,269.3,168.3,-1711,1314,-2442,955,1419,1311
521044,342.26,197.4,268.26,170.775,-1719,1314,-2456,980,1419,1310
521046,343.3,198.375,268.34,171.15,-1709,1325,-2455,984,1417,1309
521048,342.98,198.375,269.06,169.5,-1713,1323,-2447,966,1417,1309
521050,343.3,198.525,269.3,169.65,-1710,1325,-2444,968,1414,1311
521052,343.86,195.9,269.86,169.95,-1702,1297,-2439,971,1419,1313
521054,343.7,195.675,270.26,169.425,-1704,1295,-2435,966,1419,1311
521056,342.66,195.975,269.86,170.325,-1715,1297,-2440,974,1417,1310
521058,342.5,195.9,271.94,170.55,-1717,1296,-2419,978,1421,1309
521060,342.18,196.5,271.38,170.325,-1721,1302,-2425,975,1415,1308
521062,342.74,196.125,271.3,169.725,-1715,1298,-2426,968,1418,1312
521064,341.7,196.95,269.86,169.5,-1727,1305,-2441,965,1415,1311
521066,341.86,196.425,271.54,169.35,-1725,1300,-2423,964,1415,1308
521068,341.62,195.525,270.58,169.05,-1726,1290,-2433,960,1418,1310
521070,340.9,195.45,271.46,169.95,-1734,1289,-2425,970,1420,1305
521072,341.86,196.275,271.78,170.1,-1725,1299,-2422,972,1417,1308
521074,340.42,196.35,271.3,169.05,-1740,1298,-2426,961,1416,1310
521076,340.1,196.2,271.46,168.9,-1743,1296,-2424,959,1421,1310
521078,339.3,194.625,271.78,169.725,-1750,1279,-2422,968,1418,1306
521080,338.82,194.55,271.54,168.525,-1756,1278,-2424,955,1421,1308
521082,338.58,194.175,271.62,169.05,-1758,1274,-2423,961,1419,1304
521084,338.5,195,271.46,168.675,-1759,1283,-2425,957,1420,1309
521086,337.46,193.95,271.78,167.775,-1769,1270,-2420,948,1418,1306
521088,336.74,192.675,272.1,168.825,-1776,1257,-2418,959,1422,1304
521090,337.38,193.35,272.02,169.125,-1769,1264,-2419,962,1425,1308
521092,336.82,194.025,272.1,169.5,-1776,1272,-2419,966,1417,1305
521094,336.58,192.525,271.62,168.45,-1777,1256,-2423,955,1419,1308
521096,336.5,193.725,272.1,168.075,-1779,1268,-2417,951,1420,1308
521098,335.86,192.525,270.9,168.15,-1784,1255,-2430,951,1420,1309
521100,335.86,192.525,271.62,168.075,-1784,1255,-2422,951,1420,1306
521102,335.78,191.025,271.14,168.45,-1784,1239,-2427,955,1422,1304
521104,335.54,192.75,270.74,168.225,-1787,1258,-2431,953,1419,1305
521106,335.3,192.6,271.62,167.55,-1790,1256,-2422,946,1420,1306
521108,335.62,191.625,272.1,167.55,-1786,1246,-2417,946,1422,1305
521110,335.46,192,272.34,166.125,-1787,1250,-2413,932,1423,1302
521112,335.62,192.15,272.42,168.75,-1786,1252,-2414,960,1418,1301
521114,335.3,191.325,272.1,167.925,-1789,1243,-2417,951,1421,1298
521116,335.3,190.8,271.78,168.3,-1788,1238,-2420,955,1421,1304
521118,334.34,191.7,270.9,166.95,-1798,1247,-2428,940,1421,1310
521120,335.14,190.575,271.78,167.25,-1789,1236,-2419,945,1420,1310
521122,334.98,190.125,272.18,166.5,-1790,1231,-2414,937,1423,1313
521124,334.34,191.925,271.86,166.8,-1798,1250,-2417,940,1421,1311
521126,334.82,190.35,272.34,167.4,-1792,1233,-2413,947,1422,1303
521128,334.98,190.05,272.82,166.8,-1790,1231,-2408,941,1423,1304
521130,334.26,190.8,272.66,165.9,-1798,1238,-2408,931,1423,1300
521132,334.74,191.025,272.98,166.575,-1793,1241,-2406,940,1418,1301
521134,334.82,190.95,272.26,166.5,-1793,1241,-2413,938,1420,1298
521136,334.74,191.4,274.02,166.2,-1794,1246,-2395,937,1418,1295
521138,334.66,189.975,273.3,167.325,-1793,1231,-2403,948,1419,1296
521140,334.5,190.65,273.06,167.775,-1795,1238,-2406,953,1419,1293
521142,334.34,190.5,272.98,165.9,-1796,1237,-2405,933,1420,1297
521144,334.58,189.9,273.06,166.8,-1794,1231,-2404,944,1416,1289
521146,334.02,189.6,273.3,165.825,-1799,1228,-2401,933,1421,1294
521148,334.5,190.05,273.94,165.45,-1794,1233,-2394,930,1418,1293
521150,334.26,189.45,273.62,166.65,-1797,1226,-2399,942,1417,1292
521152,334.18,190.2,272.66,166.05,-1798,1235,-2407,936,1416,1292
521154,333.78,190.2,273.46,165.15,-1802,1234,-2398,927,1414,1294
521156,333.94,189.9,273.7,167.025,-1800,1231,-2397,947,1414,1289
521158,334.42,188.625,272.42,165.6,-1793,1219,-2409,931,1413,1290
521160,333.46,189.975,273.22,165.525,-1804,1232,-2401,931,1416,1287
521162,333.94,188.7,272.34,164.925,-1798,1219,-2409,924,1413,1292
521164,334.26,189.825,272.74,166.275,-1796,1232,-2406,939,1408,1286
521166,333.94,188.4,273.06,164.325,-1798,1216,-2401,918,1411,1291
521168,334.02,188.325,273.14,164.475,-1797,1215,-2400,920,1414,1287
521170,333.38,187.8,272.66,163.65,-1803,1210,-2404,912,1414,1290
521172,333.46,186.525,272.82,164.7,-1800,1197,-2403,922,1413,1285
521174,332.98,187.65,272.26,163.425,-1806,1207,-2408,909,1411,1287
521176,333.06,186.45,272.98,164.1,-1804,1195,-2401,917,1409,1289
521178,332.9,184.275,272.74,163.125,-1804,1172,-2402,906,1414,1286
521180,333.06,185.85,272.74,162.6,-1803,1188,-2401,901,1414,1288
521182,333.14,185.775,272.58,163.2,-1802,1188,-2403,906,1413,1287
521184,332.82,185.325,271.94,162.375,-1804,1183,-2409,898,1413,1279
521186,333.06,184.05,272.42,162.525,-1801,1169,-2404,899,1412,1287
521188,332.42,183.375,272.34,162.3,-1807,1161,-2404,896,1413,1285
521190,332.74,183.3,272.58,163.425,-1804,1161,-2403,909,1414,1282
521192,333.06,183.975,272.18,162.75,-1800,1168,-2406,902,1410,1279
521194,332.74,183.075,272.9,162.3,-1802,1159,-2398,897,1412,1285
521196,332.18,182.85,272.5,164.1,-1808,1155,-2403,916,1408,1278
521198,332.34,183.675,272.58,163.65,-1807,1164,-2402,911,1412,1283
521200,331.46,184.2,272.18,163.2,-1816,1169,-2405,906,1410,1281
521202,331.54,183.3,272.26,162.45,-1815,1160,-2404,897,1410,1276
521204,331.14,183.375,271.54,161.7,-1818,1160,-2411,889,1407,1279
521206,331.38,183,272.18,162.15,-1815,1156,-2404,894,1412,1277
521208,331.54,182.475,272.42,163.275,-1813,1150,-2403,906,1409,1276
521210,330.74,181.575,272.98,162.6,-1821,1140,-2396,899,1410,1274
521212,331.46,181.275,272.26,161.55,-1813,1137,-2403,887,1411,1278
521214,330.74,180.675,271.86,163.125,-1820,1130,-2408,903,1410,1281
521216,330.18,180,273.06,161.625,-1825,1123,-2394,888,1408,1278
521218,331.22,180.6,272.98,161.7,-1815,1130,-2395,889,1408,1287
521220,330.82,180.15,273.14,160.35,-1819,1125,-2393,875,1408,1287
521222,330.1,180.375,273.86,161.925,-1826,1127,-2386,892,1405,1278
521224,330.82,179.7,273.54,161.475,-1818,1120,-2389,887,1409,1276
521226,330.9,180.975,272.9,160.575,-1818,1134,-2395,877,1406,1271
521228,330.98,180,273.7,161.925,-1817,1123,-2388,892,1405,1270
521230,330.9,180.675,273.86,160.65,-1818,1130,-2385,879,1408,1267
521232,330.74,179.925,273.54,160.5,-1819,1122,-2388,876,1408,1268
521234,330.74,180.375,274.42,161.475,-1820,1127,-2380,887,1406,1270
521236,331.06,180.525,274.34,162,-1817,1129,-2382,893,1406,1270
521238,331.7,182.325,274.02,162.9,-1811,1148,-2385,903,1404,1272
521240,331.94,187.5,274.1,167.625,-1813,1203,-2389,953,1404,1274
521242,332.02,197.025,273.86,179.025,-1820,1305,-2402,1074,1399,1270
521244,332.1,204.825,269.7,190.8,-1826,1389,-2456,1196,1400,1275
521246,335.06,224.25,266.98,209.625,-1813,1598,-2501,1396,1414,1279
521248,336.98,243.525,261.86,235.5,-1810,1806,-2579,1671,1408,1287
521250,342.66,265.275,259.86,258.45,-1770,2045,-2621,1917,1433,1285
521252,347.7,290.175,256.5,283.2,-1739,2317,-2680,2183,1441,1302
521254,353.38,309.225,254.58,307.425,-1697,2528,-2723,2446,1461,1314
521256,356.18,329.4,252.26,325.5,-1685,2750,-2764,2643,1464,1320
521258,360.98,345.225,250.42,339.975,-1649,2926,-2798,2800,1479,1321
521260,366.1,357.825,250.66,358.2,-1607,3067,-2813,3002,1487,1322
521262,371.54,377.25,251.14,369,-1567,3285,-2818,3121,1484,1321
521264,376.18,387.975,251.62,384.375,-1528,3406,-2828,3291,1493,1327
521266,380.42,402.3,251.06,395.325,-1495,3567,-2845,3413,1493,1323
521268,385.62,416.4,250.5,408.225,-1453,3726,-2864,3556,1493,1326
521270,388.5,430.275,250.82,423.825,-1435,3882,-2875,3730,1506,1316
521272,390.5,443.7,251.22,432.3,-1425,4033,-2880,3826,1500,1315
521274,392.42,453.525,250.18,443.175,-1413,4144,-2902,3946,1505,1318
521276,392.66,462.75,251.94,452.625,-1419,4247,-2892,4054,1510,1313
521278,394.18,467.925,253.22,459.3,-1407,4306,-2885,4130,1513,1306
521280,394.82,471.15,255.78,459.825,-1403,4342,-2860,4138,1510,1304
521282,395.3,470.925,256.42,459.6,-1399,4341,-2853,4135,1510,1303
521284,393.38,469.425,259.14,458.625,-1418,4322,-2823,4126,1515,1301
521286,392.34,467.625,261.7,454.8,-1427,4301,-2792,4084,1513,1307
521288,391.38,465.075,263.7,451.8,-1436,4272,-2769,4051,1509,1312
521290,388.66,463.275,265.7,447.75,-1463,4250,-2744,4007,1507,1309
521292,385.94,462.675,268.58,448.425,-1491,4242,-2715,4016,1504,1301
521294,383.22,463.725,269.06,450.525,-1521,4252,-2712,4040,1496,1299
521296,382.18,465.375,271.62,453.225,-1534,4269,-2688,4071,1494,1286
521298,380.98,467.7,270.98,455.7,-1549,4295,-2697,4098,1493,1287
521300,380.82,468.45,272.34,459.525,-1552,4303,-2688,4142,1492,1286
521302,379.94,468.675,272.58,458.025,-1562,4305,-2683,4125,1496,1290
521304,379.46,469.875,274.02,459.15,-1568,4318,-2671,4138,1496,1291
521306,379.38,469.575,274.26,459.15,-1569,4315,-2668,4138,1497,1290
521308,380.1,468.675,274.42,458.55,-1562,4304,-2667,4131,1499,1289
521310,378.9,469.05,275.62,457.5,-1575,4307,-2653,4119,1502,1294
521312,378.82,468.075,276.5,458.175,-1575,4296,-2645,4128,1498,1293
521314,377.22,466.65,276.34,456.525,-1591,4279,-2645,4108,1495,1298
521316,376.74,467.4,278.58,457.35,-1597,4287,-2622,4119,1493,1299
521318,376.02,466.875,278.98,456,-1604,4281,-2617,4104,1497,1294
521320,375.7,466.8,279.46,457.125,-1608,4279,-2614,4117,1497,1298
521322,374.34,467.625,280.42,457.275,-1623,4288,-2603,4118,1494,1294
521324,372.98,467.1,280.66,457.275,-1638,4280,-2601,4118,1491,1299
521326,372.5,468.225,282.02,456.825,-1643,4293,-2587,4114,1493,1291
521328,372.58,467.85,281.94,457.65,-1643,4288,-2588,4123,1493,1293
521330,371.22,467.25,282.1,456.75,-1656,4281,-2586,4113,1493,1292
521332,371.06,467.775,282.9,457.875,-1659,4286,-2579,4125,1495,1288
521334,370.9,466.875,283.54,457.875,-1660,4275,-2572,4125,1497,1290
521336,369.86,467.625,284.18,458.325,-1672,4284,-2567,4130,1498,1288
521338,370.26,467.775,284.26,458.1,-1668,4285,-2565,4127,1493,1288
521340,369.54,467.175,285.22,458.55,-1676,4278,-2556,4133,1495,1289
521342,369.78,467.1,284.98,459,-1673,4277,-2559,4138,1497,1284
521344,369.54,468.3,285.62,459.375,-1677,4290,-2553,4142,1498,1291
521346,368.1,468.075,286.42,458.4,-1692,4286,-2544,4131,1492,1289
521348,368.34,467.925,287.14,458.475,-1690,4285,-2537,4132,1493,1284
521350,368.42,467.55,287.14,457.875,-1688,4281,-2536,4126,1495,1285
521352,368.02,467.55,287.7,458.175,-1693,4280,-2531,4129,1492,1286
521354,368.1,466.275,287.3,458.85,-1691,4266,-2536,4137,1496,1283
521356,367.94,468.15,287.7,459.375,-1694,4287,-2533,4143,1490,1279
521358,367.7,467.85,288.18,459.375,-1696,4283,-2527,4143,1489,1279
521360,367.38,467.925,288.66,458.925,-1701,4283,-2522,4138,1491,1279
521362,366.66,467.55,287.94,458.85,-1707,4279,-2529,4137,1488,1274
521364,367.46,468.6,289.7,458.55,-1701,4291,-2511,4133,1488,1278
521366,366.9,467.325,288.66,459,-1706,4276,-2522,4138,1486,1279
521368,365.46,466.575,289.62,458.625,-1720,4267,-2512,4134,1484,1274
521370,365.94,466.575,289.22,458.25,-1715,4267,-2516,4130,1485,1279
521372,366.02,466.275,290.18,459.3,-1715,4264,-2507,4142,1481,1276
521374,365.62,466.725,290.5,459.075,-1719,4269,-2503,4140,1481,1276
521376,365.14,466.5,290.74,458.175,-1724,4265,-2501,4130,1482,1276
521378,364.42,466.5,291.38,459.15,-1732,4265,-2495,4141,1477,1273
521380,364.42,466.425,291.94,459,-1732,4264,-2489,4140,1477,1274
521382,364.66,465.675,290.74,459.225,-1729,4256,-2502,4142,1481,1273
521384,364.1,466.2,291.86,459.975,-1736,4261,-2491,4150,1479,1273
521386,363.7,464.7,291.38,458.55,-1738,4245,-2495,4134,1477,1272
521388,363.94,464.625,292.74,459.225,-1736,4243,-2481,4143,1479,1271
521390,363.54,465.6,292.18,459.075,-1741,4255,-2487,4141,1475,1268
521392,363.22,466.05,292.34,457.725,-1745,4259,-2484,4125,1475,1268
521394,363.46,465,292.34,458.775,-1741,4248,-2485,4137,1475,1273
521396,363.3,465.6,292.74,457.875,-1744,4254,-2480,4127,1474,1270
521398,362.98,465.6,292.9,458.925,-1747,4253,-2480,4139,1477,1269
521400,363.38,465.675,293.3,458.1,-1743,4254,-2475,4129,1475,1268
521402,362.98,465.15,292.74,459.15,-1747,4249,-2482,4141,1473,1272
521404,363.22,465.525,294.1,458.325,-1745,4253,-2467,4132,1473,1270
521406,362.66,465.45,293.22,458.025,-1751,4252,-2476,4129,1475,1269
521408,362.58,465.9,293.06,458.175,-1752,4257,-2477,4131,1474,1267
521410,362.9,465.75,292.74,458.775,-1749,4255,-2481,4137,1473,1271
521412,362.34,465.525,293.14,458.475,-1754,4252,-2477,4134,1478,1266
521414,362.82,465.9,293.62,458.025,-1750,4257,-2472,4130,1475,1273
521416,362.66,465.825,293.46,457.575,-1752,4256,-2473,4124,1474,1276
521418,361.86,465.825,293.06,459.45,-1760,4256,-2479,4145,1475,1271
521420,362.02,466.05,293.78,458.1,-1758,4259,-2470,4130,1479,1275
521422,361.46,465.9,293.54,457.5,-1763,4257,-2472,4123,1476,1274
521424,361.54,466.875,292.9,458.025,-1763,4267,-2480,4129,1477,1271
521426,361.94,466.425,294.02,457.875,-1759,4262,-2467,4128,1476,1267
521428,361.3,466.65,294.34,458.25,-1766,4265,-2464,4132,1477,1265
521430,360.58,466.35,294.82,458.4,-1773,4261,-2459,4134,1476,1265
521432,361.54,465.525,293.78,459,-1762,4252,-2471,4141,1472,1263
521434,360.5,465.75,294.74,457.65,-1773,4254,-2459,4126,1477,1266
521436,360.74,466.425,294.26,458.475,-1771,4262,-2465,4134,1476,1263
521438,361.46,465.9,293.78,458.925,-1763,4257,-2471,4139,1478,1264
521440,360.9,466.95,295.14,458.625,-1770,4268,-2456,4137,1473,1262
521442,360.58,465.15,294.26,458.025,-1772,4247,-2464,4130,1475,1263
521444,362.34,465.75,294.66,458.7,-1754,4256,-2461,4138,1475,1264
521446,361.54,465.3,295.3,457.575,-1762,4251,-2453,4126,1476,1263
521448,360.9,465.6,295.62,457.95,-1769,4253,-2450,4130,1475,1260
521450,361.7,466.2,294.9,459.075,-1761,4261,-2458,4142,1473,1259
521452,360.74,470.925,292.82,463.125,-1775,4313,-2485,4186,1477,1261
521454,359.7,478.575,290.1,468.675,-1793,4398,-2518,4248,1469,1257
521456,355.62,486.975,282.42,482.85,-1843,4491,-2613,4403,1469,1248
521458,351.78,502.65,271.14,497.625,-1898,4666,-2748,4564,1483,1253
521460,347.3,520.05,258.98,517.725,-1961,4860,-2897,4785,1473,1252
521462,342.18,536.775,246.42,535.8,-2031,5048,-3050,4984,1482,1247
521464,336.02,558.6,233.78,559.95,-2116,5294,-3210,5254,1491,1251
521466,331.22,571.95,221.3,573.825,-2180,5444,-3358,5408,1500,1253
521468,324.9,582.525,211.06,587.55,-2257,5562,-3484,5561,1499,1258
521470,317.78,595.725,201.22,600.825,-2346,5710,-3605,5710,1498,1254
521472,314.42,604.35,190.26,607.275,-2390,5808,-3730,5779,1510,1248
521474,308.9,613.2,183.54,615,-2457,5908,-3812,5866,1508,1253
521476,304.5,619.95,176.9,621.15,-2511,5984,-3890,5934,1504,1257
521478,302.02,631.275,172.1,628.125,-2549,6114,-3950,6012,1501,1256
521480,300.74,637.95,170.98,634.875,-2569,6191,-3969,6091,1501,1257
521482,300.18,641.25,170.9,644.4,-2578,6230,-3981,6202,1500,1256
521484,300.18,646.875,171.54,646.425,-2583,6295,-3976,6227,1497,1249
521486,300.98,651.6,173.78,649.95,-2580,6351,-3956,6269,1501,1253
521488,300.5,654,175.54,650.925,-2587,6379,-3937,6282,1500,1250
521490,298.9,654.525,176.9,651.375,-2605,6383,-3923,6288,1504,1256
521492,298.02,654.6,177.14,649.35,-2614,6384,-3918,6264,1506,1251
521494,296.34,652.35,178.66,646.875,-2630,6357,-3899,6235,1502,1245
521496,295.54,651.525,179.06,645.525,-2637,6347,-3893,6220,1506,1243
521498,294.34,650.85,181.38,644.625,-2650,6339,-3867,6211,1506,1248
521500,293.14,650.775,183.06,644.25,-2663,6337,-3848,6207,1502,1247
521502,292.18,650.25,181.54,646.2,-2672,6330,-3866,6229,1503,1258
521504,290.74,650.55,182.98,647.475,-2688,6334,-3852,6245,1502,1252
521506,290.58,650.7,183.94,649.875,-2690,6335,-3844,6273,1503,1257
521508,288.1,650.55,184.02,650.475,-2716,6332,-3844,6281,1504,1257
521510,287.94,650.925,184.98,652.95,-2718,6336,-3836,6310,1503,1260
521512,287.54,651.3,184.82,651.825,-2723,6341,-3836,6297,1500,1254
521514,288.02,650.7,185.94,652.875,-2717,6333,-3825,6309,1503,1268
521516,286.98,651.225,187.94,653.1,-2728,6339,-3804,6313,1505,1262
521518,287.06,650.925,188.18,651.3,-2727,6336,-3798,6292,1503,1263
521520,287.22,650.55,189.22,649.8,-2725,6331,-3786,6274,1504,1257
521522,286.1,650.85,189.06,649.275,-2737,6334,-3786,6268,1505,1258
521524,286.5,650.475,190.42,651.15,-2732,6330,-3773,6291,1502,1262
521526,285.62,650.775,188.82,649.35,-2742,6333,-3789,6268,1504,1259
521528,285.94,650.625,190.5,649.05,-2738,6331,-3770,6266,1504,1260
521530,284.82,650.175,190.74,649.95,-2750,6325,-3768,6276,1505,1264
521532,284.74,650.625,190.34,649.875,-2750,6330,-3772,6275,1504,1261
521534,284.58,651.15,191.94,648.375,-2753,6337,-3753,6259,1505,1252
521536,283.78,650.25,191.54,648.75,-2760,6326,-3758,6263,1507,1252
521538,283.94,650.175,190.74,648.6,-2759,6325,-3766,6261,1506,1259
521540,283.3,650.85,191.38,649.125,-2766,6332,-3760,6268,1505,1259
521542,283.14,650.4,190.98,650.025,-2767,6327,-3765,6278,1504,1258
521544,282.18,651.375,192.18,649.725,-2778,6338,-3751,6276,1499,1260
521546,282.5,651.075,192.5,648.75,-2775,6335,-3746,6264,1503,1249
521548,282.18,651.3,192.98,649.35,-2778,6337,-3742,6272,1501,1250
521550,281.06,650.325,193.22,649.05,-2788,6326,-3739,6268,1499,1248
521552,281.62,650.625,193.3,648.975,-2782,6329,-3737,6267,1499,1250
521554,280.58,649.8,195.06,648.225,-2793,6319,-3718,6260,1496,1246
521556,280.58,651,193.94,648.225,-2793,6334,-3729,6259,1497,1245
521558,279.86,650.7,193.22,649.8,-2801,6330,-3739,6277,1500,1251
521560,279.38,650.775,194.1,648.9,-2806,6330,-3728,6267,1495,1241
521562,279.54,651.15,193.7,649.275,-2805,6335,-3733,6271,1496,1249
521564,278.98,650.1,194.58,647.475,-2809,6323,-3720,6251,1499,1241
521566,279.86,650.1,193.94,649.2,-2799,6323,-3729,6271,1497,1245
521568,278.9,649.575,195.14,648.375,-2809,6317,-3715,6263,1496,1239
521570,279.38,649.95,194.74,648.975,-2804,6322,-3720,6269,1491,1238
521572,279.14,650.025,196.5,648.225,-2807,6322,-3700,6261,1492,1235
521574,278.5,649.125,194.82,648.225,-2813,6312,-3717,6261,1494,1237
521576,278.58,649.275,195.46,647.85,-2812,6314,-3710,6257,1498,1237
521578,278.18,650.175,195.7,648.9,-2817,6324,-3709,6270,1497,1241
521580,277.14,649.425,195.46,647.925,-2827,6315,-3710,6258,1493,1235
521582,277.46,649.35,196.5,645.375,-2823,6314,-3696,6229,1495,1227
521584,277.78,648.45,196.98,646.125,-2819,6304,-3691,6238,1494,1227
521586,276.74,648.3,196.74,647.1,-2830,6302,-3695,6249,1494,1234
521588,277.54,648.525,196.18,646.8,-2821,6305,-3701,6246,1494,1230
521590,277.7,648.375,196.66,646.425,-2819,6303,-3695,6241,1492,1226
521592,276.9,648.225,197.14,645.45,-2827,6301,-3688,6230,1493,1225
521594,277.7,648.6,196.26,646.125,-2819,6306,-3699,6237,1491,1226
521596,277.14,648.375,196.34,646.8,-2825,6303,-3698,6246,1490,1229
521598,276.26,647.85,196.02,647.775,-2834,6297,-3703,6257,1494,1237
521600,276.26,647.625,196.42,646.725,-2833,6294,-3697,6245,1491,1233
521602,276.42,648.3,196.1,647.325,-2832,6302,-3701,6252,1496,1235
521604,276.1,648.45,196.74,647.775,-2836,6304,-3695,6257,1490,1237
521606,275.54,648.525,196.98,646.875,-2842,6304,-3691,6247,1491,1230
521608,275.78,648.075,196.9,648.3,-2839,6299,-3694,6264,1494,1233
521610,275.22,648.975,195.54,649.65,-2846,6310,-3709,6279,1496,1237
521612,275.22,649.125,196.42,649.275,-2846,6312,-3699,6275,1493,1239
521614,274.9,648.975,196.66,649.95,-2849,6310,-3698,6283,1497,1247
521616,275.54,650.25,197.3,651.45,-2844,6325,-3693,6301,1494,1249
521618,274.5,649.65,196.9,649.2,-2854,6318,-3695,6275,1493,1231
521620,274.26,649.8,198.02,648.45,-2857,6320,-3682,6267,1492,1232
521622,274.18,650.4,197.14,649.35,-2859,6327,-3692,6276,1495,1235
521624,274.66,650.325,196.98,649.575,-2853,6326,-3694,6280,1492,1228
521626,273.78,650.1,196.1,651.675,-2862,6323,-3706,6304,1490,1236
521628,274.18,651.375,197.7,650.025,-2859,6339,-3687,6286,1494,1230
521630,274.18,651.825,197.3,649.875,-2860,6344,-3691,6283,1491,1231
521632,274.1,651.825,197.22,650.475,-2860,6344,-3692,6290,1493,1230
521634,274.58,651.6,198.18,651.525,-2855,6342,-3683,6304,1495,1238
521636,274.18,651.9,197.7,650.475,-2860,6345,-3687,6291,1495,1233
521638,274.18,650.925,196.74,650.7,-2859,6334,-3698,6294,1492,1236
521640,273.38,648.825,196.9,649.05,-2865,6310,-3694,6275,1495,1233
521642,272.5,646.575,195.7,645.675,-2872,6282,-3703,6234,1498,1232
521644,271.78,642.075,193.78,641.775,-2875,6230,-3720,6188,1495,1232
521646,270.58,640.05,193.3,637.05,-2886,6206,-3720,6133,1500,1226
521648,270.26,636.75,191.3,636.45,-2886,6167,-3741,6125,1500,1232
521650,270.42,634.425,191.54,631.575,-2882,6140,-3733,6068,1493,1227
521652,271.06,634.35,191.54,629.7,-2876,6140,-3731,6047,1491,1230
521654,272.1,634.425,191.94,633.075,-2865,6141,-3730,6086,1491,1225
521656,273.54,634.725,191.3,633.3,-2849,6146,-3737,6088,1489,1223
521658,274.5,635.625,193.38,633.825,-2840,6157,-3715,6095,1491,1226
521660,274.5,634.425,192.34,634.05,-2838,6142,-3727,6097,1487,1228
521662,274.82,635.625,192.34,633.15,-2836,6156,-3726,6087,1491,1222
521664,273.94,635.775,192.42,631.725,-2845,6157,-3723,6070,1493,1227
521666,273.86,635.025,192.02,632.025,-2846,6149,-3728,6073,1492,1219
521668,272.26,635.25,194.18,630.225,-2863,6150,-3703,6053,1492,1216
521670,271.86,635.4,192.66,633.075,-2867,6152,-3722,6085,1498,1229
521672,271.38,635.4,192.42,632.325,-2872,6150,-3724,6076,1497,1231
521674,271.62,635.7,192.5,632.25,-2870,6154,-3723,6075,1495,1219
521676,270.82,635.25,192.82,632.325,-2878,6148,-3720,6076,1495,1226
521678,270.66,635.325,193.06,632.475,-2880,6148,-3717,6077,1498,1223
521680,270.42,634.65,193.14,631.8,-2882,6139,-3716,6069,1496,1220
521682,270.26,635.175,193.62,632.55,-2885,6145,-3711,6077,1499,1216
521684,270.18,635.775,193.62,632.4,-2886,6152,-3711,6075,1500,1223
521686,270.02,634.8,192.9,630.9,-2886,6140,-3717,6057,1499,1221
521688,269.78,634.875,194.1,631.8,-2890,6140,-3706,6067,1496,1223
521690,269.86,635.4,193.54,631.275,-2889,6146,-3710,6060,1504,1224
521692,269.7,634.875,194.18,632.325,-2891,6138,-3706,6072,1501,1220
521694,269.86,634.95,193.54,632.025,-2889,6139,-3712,6068,1503,1232
521696,269.38,634.725,192.98,632.475,-2894,6135,-3718,6072,1502,1233
521698,269.46,634.8,193.62,632.4,-2893,6137,-3712,6071,1504,1228
521700,269.06,634.425,194.1,633.075,-2897,6130,-3708,6078,1501,1231
521702,269.14,634.875,193.54,632.025,-2897,6136,-3713,6065,1503,1240
521704,269.22,635.1,194.66,632.025,-2896,6137,-3701,6066,1503,1226
521706,268.58,634.05,195.06,632.775,-2902,6125,-3697,6074,1501,1227
521708,268.5,634.05,194.82,631.8,-2904,6124,-3699,6062,1500,1231
521710,268.98,635.55,193.86,630.6,-2900,6142,-3707,6048,1504,1235
521712,268.66,635.175,194.66,631.575,-2903,6136,-3700,6058,1500,1235
521714,268.18,635.25,193.62,632.55,-2908,6137,-3713,6069,1507,1245
521716,268.18,635.475,194.1,633.45,-2908,6139,-3708,6079,1507,1235
521718,268.58,635.475,194.18,632.025,-2905,6139,-3706,6062,1505,1235
521720,268.58,635.475,194.42,635.25,-2905,6138,-3707,6099,1505,1234
521722,267.94,635.625,193.94,633.225,-2912,6139,-3710,6076,1505,1236
521724,268.5,636.3,194.18,631.05,-2906,6147,-3706,6050,1507,1239
521726,268.02,635.25,194.5,632.55,-2911,6135,-3704,6067,1504,1239
521728,267.54,634.875,195.38,630.45,-2916,6129,-3692,6042,1500,1234
521730,268.34,636.15,194.98,632.7,-2908,6145,-3699,6069,1507,1239
521732,268.82,635.025,195.62,633.975,-2902,6131,-3694,6083,1502,1230
521734,268.1,634.95,195.06,632.25,-2910,6131,-3698,6063,1500,1235
521736,268.18,636.525,194.98,631.875,-2911,6148,-3698,6058,1508,1239
521738,268.58,634.725,195.54,632.7,-2905,6128,-3694,6068,1502,1233
521740,268.5,635.4,194.26,632.475,-2906,6135,-3707,6065,1503,1239
521742,268.26,635.925,195.3,631.5,-2910,6141,-3695,6054,1508,1237
521744,267.78,635.25,196.02,633,-2914,6134,-3689,6072,1505,1233
521746,267.62,635.475,195.06,630.975,-2916,6136,-3696,6048,1504,1240
521748,268.18,635.775,195.86,631.8,-2910,6140,-3689,6059,1508,1235
521750,268.34,634.425,195.62,631.65,-2907,6124,-3691,6056,1504,1237
521752,267.3,635.325,194.66,631.275,-2920,6135,-3701,6052,1506,1238
521754,267.7,636.225,194.66,632.7,-2917,6145,-3703,6069,1507,1237
521756,267.22,635.1,195.62,631.95,-2921,6132,-3692,6060,1507,1232
521758,267.54,635.625,195.7,634.65,-2918,6139,-3694,6092,1505,1235
521760,267.7,635.4,195.22,630.45,-2916,6137,-3695,6043,1508,1234
521762,267.86,635.625,196.26,632.7,-2914,6139,-3685,6070,1506,1228
521764,267.7,634.65,195.46,632.1,-2915,6128,-3694,6063,1506,1230
521766,266.9,635.325,195.38,632.625,-2924,6136,-3695,6069,1506,1235
521768,267.54,635.325,196.34,632.85,-2917,6136,-3685,6073,1506,1229
521770,267.86,635.25,195.54,633.75,-2913,6136,-3694,6083,1508,1235
521772,267.14,635.925,195.3,633,-2922,6144,-3696,6074,1506,1237
521774,267.22,635.175,196.26,632.175,-2921,6135,-3685,6065,1506,1238
521776,266.9,634.95,195.7,631.95,-2924,6133,-3691,6062,1510,1239
521778,267.14,635.625,195.78,631.65,-2922,6141,-3690,6059,1511,1240
521780,266.74,634.5,196.34,630.9,-2925,6128,-3683,6052,1506,1240
521782,267.46,635.175,196.18,631.8,-2917,6136,-3686,6061,1509,1232
521784,267.06,635.175,194.98,632.475,-2922,6136,-3699,6069,1503,1240
521786,267.22,635.175,196.58,631.875,-2920,6136,-3682,6064,1507,1234
521788,266.5,634.425,196.5,632.4,-2927,6128,-3683,6070,1509,1243
521790,266.82,634.875,196.1,634.05,-2924,6134,-3689,6089,1505,1239
521792,267.14,634.95,197.14,632.025,-2921,6135,-3675,6067,1508,1233
521794,267.06,634.725,197.06,633.15,-2921,6133,-3678,6079,1509,1234
521796,267.14,634.2,196.34,632.4,-2920,6127,-3684,6071,1509,1230
521798,266.9,635.1,197.46,632.625,-2923,6138,-3672,6074,1510,1236
521800,266.66,635.175,197.22,631.575,-2926,6138,-3674,6062,1510,1240
521802,266.66,635.325,195.62,633.45,-2926,6140,-3693,6084,1509,1236
521804,267.14,634.8,195.46,633.525,-2921,6135,-3695,6085,1508,1240
521806,266.5,635.475,196.98,632.1,-2928,6142,-3677,6069,1512,1237
521808,266.66,635.4,196.02,634.35,-2926,6143,-3689,6096,1511,1231
521810,266.98,634.875,197.3,634.2,-2922,6136,-3675,6095,1509,1236
521812,266.66,636,196.98,633.675,-2927,6150,-3678,6088,1508,1236
521814,266.42,635.4,197.54,631.05,-2928,6143,-3669,6058,1510,1238
521816,266.26,635.25,196.98,634.65,-2929,6141,-3679,6101,1509,1233
521818,265.22,635.1,197.14,631.8,-2941,6139,-3674,6068,1508,1241
521820,266.34,635.55,196.58,632.175,-2929,6146,-3680,6072,1508,1233
521822,265.94,634.875,196.9,633.825,-2932,6138,-3679,6092,1508,1232
521824,265.54,634.875,197.22,632.475,-2936,6138,-3673,6077,1510,1238
521826,266.34,635.025,198.9,631.725,-2928,6140,-3654,6069,1508,1235
521828,265.86,633.825,197.62,633,-2931,6127,-3668,6083,1508,1233
521830,266.66,635.475,196.58,632.7,-2924,6146,-3680,6080,1506,1233
521832,266.26,633.825,198.82,630.225,-2926,6127,-3651,6052,1509,1236
521834,265.7,633.375,197.14,628.95,-2931,6121,-3669,6036,1505,1234
521836,265.94,632.775,198.9,629.7,-2928,6115,-3650,6046,1503,1233
521838,266.66,633.675,199.22,627.075,-2921,6126,-3643,6016,1507,1232
521840,266.1,632.85,198.42,627.675,-2926,6116,-3652,6023,1508,1234
521842,266.58,632.925,199.38,627.975,-2920,6117,-3642,6027,1505,1240
521844,266.1,632.625,199.14,627.375,-2925,6114,-3643,6020,1506,1235
521846,265.86,633.45,197.06,628.575,-2929,6123,-3668,6033,1510,1235
521848,265.94,632.25,197.7,627.075,-2926,6110,-3659,6016,1503,1236
521850,265.7,632.4,198.58,626.775,-2929,6111,-3649,6013,1505,1238
521852,265.86,632.175,198.26,628.05,-2927,6108,-3654,6028,1504,1235
521854,265.94,631.575,198.74,628.275,-2925,6102,-3648,6030,1501,1242
521856,265.46,631.425,199.06,626.7,-2931,6100,-3643,6012,1500,1236
521858,265.86,631.875,198.02,626.25,-2926,6105,-3654,6007,1503,1236
521860,265.22,631.575,198.74,626.175,-2933,6101,-3647,6006,1500,1240
521862,265.22,631.575,199.14,625.65,-2933,6101,-3642,6000,1504,1235
521864,264.1,631.95,199.54,626.4,-2946,6105,-3638,6008,1500,1236
521866,264.9,631.875,199.22,626.4,-2936,6104,-3641,6009,1499,1229
521868,264.98,630.975,199.06,626.1,-2935,6093,-3643,6005,1499,1236
521870,264.18,631.8,199.7,625.725,-2945,6103,-3636,6000,1498,1231
521872,264.26,631.575,198.9,628.275,-2944,6100,-3648,6030,1502,1237
521874,264.34,632.1,199.3,626.1,-2943,6106,-3641,6004,1500,1237
521876,264.42,631.875,200.02,627.15,-2943,6104,-3634,6017,1503,1244
521878,264.5,632.025,200.18,627.975,-2942,6105,-3634,6027,1499,1238
521880,264.42,632.025,199.78,628.125,-2943,6106,-3638,6029,1501,1238
521882,264.9,631.575,200.02,626.7,-2938,6101,-3634,6012,1502,1233
521884,264.5,631.875,199.14,627.075,-2942,6104,-3644,6016,1502,1236
521886,264.82,631.875,200.02,627.9,-2939,6104,-3636,6026,1499,1239
521888,264.58,632.55,201.22,625.425,-2942,6112,-3620,5998,1504,1239
521890,264.1,632.325,200.74,626.85,-2947,6109,-3627,6014,1502,1237
521892,264.5,632.1,201.54,627.3,-2942,6107,-3618,6020,1500,1243
521894,266.66,632.475,204.74,629.25,-2919,6113,-3586,6045,1503,1243
521896,270.98,633.225,211.22,631.575,-2874,6124,-3518,6075,1507,1239
521898,280.98,635.325,223.7,634.8,-2768,6152,-3387,6119,1506,1241
521900,295.7,637.725,240.74,635.4,-2612,6188,-3202,6134,1507,1236
521902,315.54,639.6,259.54,638.325,-2400,6219,-3002,6178,1506,1241
521904,337.22,640.2,283.46,645,-2168,6237,-2750,6268,1504,1255
521906,362.02,642.675,309.3,645.975,-1904,6278,-2473,6292,1508,1268
521908,387.54,642.825,334.9,646.65,-1631,6293,-2199,6312,1512,1273
521910,415.86,644.25,363.3,642.075,-1331,6323,-1890,6273,1522,1277
521912,443.3,641.85,390.9,637.125,-1036,6309,-1590,6229,1520,1277
521914,471.06,642.675,418.34,632.55,-742,6331,-1294,6189,1529,1271
521916,498.82,644.925,446.66,629.625,-450,6371,-990,6169,1530,1272
521918,528.34,645.225,474.82,626.55,-137,6388,-690,6147,1514,1260
521920,555.94,644.775,500.26,627.6,153,6396,-421,6172,1506,1264
521922,585.3,644.55,526.18,627.975,462,6407,-148,6188,1506,1265
521924,612.82,641.7,551.06,627.9,751,6388,113,6200,1491,1272
521926,640.26,640.575,574.1,628.5,1039,6388,355,6218,1488,1279
521928,665.7,641.025,597.14,628.275,1305,6404,596,6227,1482,1272
521930,690.26,640.2,618.58,629.625,1561,6406,819,6252,1468,1273
521932,712.58,641.625,639.54,631.275,1792,6433,1038,6281,1461,1274
521934,735.06,639.6,657.86,632.025,2026,6421,1228,6299,1453,1262
521936,754.74,638.4,673.22,633.525,2230,6416,1387,6323,1455,1269
521938,772.1,635.025,688.5,632.85,2411,6385,1546,6322,1443,1271
521940,787.62,633.75,700.34,631.275,2571,6378,1670,6310,1435,1266
521942,797.78,634.05,707.38,631.2,2676,6387,1743,6313,1436,1270
521944,803.14,634.725,711.14,630.3,2730,6397,1782,6304,1438,1275
521946,804.02,631.725,710.82,629.7,2740,6363,1779,6297,1438,1275
521948,802.1,631.125,710.26,630.525,2721,6355,1773,6306,1442,1278
521950,800.34,628.05,708.98,629.925,2703,6319,1760,6298,1439,1283
521952,799.06,626.4,708.98,630.075,2690,6300,1759,6300,1448,1281
521954,798.58,626.85,709.38,629.775,2685,6305,1763,6297,1450,1286
521956,799.7,627.15,710.66,629.775,2696,6308,1775,6297,1455,1288
521958,801.14,626.175,711.94,631.275,2711,6298,1787,6315,1445,1287
521960,802.82,627.6,711.78,631.65,2727,6315,1785,6319,1446,1287
521962,803.14,628.2,712.42,632.7,2730,6322,1791,6331,1443,1286
521964,801.54,628.05,713.38,631.275,2713,6319,1801,6315,1439,1289
521966,802.26,629.55,713.62,631.8,2720,6336,1803,6322,1442,1290
521968,800.42,629.1,712.82,630.6,2699,6330,1794,6307,1441,1285
521970,797.94,629.85,713.06,630.225,2674,6337,1797,6303,1440,1287
521972,797.22,628.875,713.06,631.2,2666,6326,1796,6314,1441,1284
521974,796.74,628.875,713.14,630.225,2661,6326,1797,6302,1443,1287
521976,795.78,628.5,713.22,630.225,2650,6321,1797,6302,1442,1286
521978,795.62,627,714.02,629.1,2650,6303,1806,6289,1442,1286
521980,795.3,627.225,713.86,628.95,2645,6306,1803,6287,1445,1284
521982,794.74,627.075,714.18,629.4,2639,6304,1806,6293,1445,1289
521984,794.74,626.7,714.98,628.8,2638,6299,1814,6286,1447,1289
521986,794.98,625.95,714.18,628.725,2641,6291,1805,6284,1446,1290
521988,794.5,627.075,715.38,629.55,2635,6303,1817,6295,1446,1286
521990,794.74,625.575,716.34,630.15,2638,6286,1826,6302,1447,1286
521992,794.42,625.35,716.26,629.55,2633,6283,1825,6295,1444,1286
521994,794.18,624.975,717.22,628.95,2631,6279,1835,6288,1444,1291
521996,794.02,625.275,717.38,629.55,2628,6281,1835,6295,1445,1289
521998,793.62,625.725,717.3,629.025,2624,6286,1834,6289,1447,1285
522000,793.3,625.425,718.66,629.85,2619,6283,1847,6299,1450,1289
522002,793.38,626.1,719.62,629.55,2620,6290,1857,6296,1452,1289
522004,793.3,625.575,718.42,629.175,2620,6284,1845,6290,1454,1292
522006,793.14,625.2,718.82,628.95,2617,6280,1848,6288,1449,1293
522008,793.14,626.025,719.7,629.1,2617,6289,1857,6290,1455,1290
522010,793.78,626.4,719.06,629.325,2623,6293,1851,6292,1453,1291
522012,793.94,625.8,719.94,629.625,2625,6286,1859,6296,1452,1297
522014,793.22,626.1,720.42,628.8,2618,6290,1864,6287,1453,1290
522016,792.9,625.95,720.9,628.725,2614,6288,1869,6286,1454,1294
522018,792.82,624.975,721.22,629.625,2613,6276,1871,6297,1453,1296
522020,793.22,625.125,720.66,629.7,2616,6279,1865,6297,1452,1291
522022,792.42,624.3,721.46,629.475,2609,6269,1874,6295,1452,1295
522024,791.86,625.2,721.86,629.475,2602,6279,1877,6295,1455,1296
522026,792.9,624.9,721.7,628.875,2613,6276,1876,6289,1457,1296
522028,792.66,623.625,722.1,629.175,2611,6262,1880,6293,1454,1293
522030,792.9,623.25,722.82,628.125,2613,6257,1887,6281,1457,1301
522032,793.22,624.15,722.42,627.975,2616,6268,1884,6279,1459,1296
522034,792.58,624.225,723.78,629.325,2609,6269,1897,6295,1458,1297
522036,792.98,624.825,722.82,628.875,2614,6276,1887,6290,1461,1296
522038,792.58,625.275,724.02,628.8,2609,6281,1899,6289,1460,1296
522040,792.5,623.775,723.7,628.2,2609,6264,1897,6283,1459,1296
522042,792.74,624.975,723.38,627.3,2610,6278,1894,6273,1464,1299
522044,793.22,623.25,724.26,628.8,2617,6259,1902,6290,1455,1294
522046,792.42,624.15,724.58,627.375,2608,6268,1906,6274,1459,1301
522048,793.14,621.825,724.9,625.95,2616,6243,1910,6258,1457,1306
522050,792.58,624.6,725.54,628.2,2610,6274,1916,6284,1461,1299
522052,792.1,623.925,724.82,628.5,2605,6266,1908,6288,1461,1299
522054,792.74,623.55,725.46,626.25,2612,6263,1916,6263,1463,1306
522056,792.18,625.05,725.54,627,2606,6280,1917,6271,1464,1304
522058,792.74,623.925,726.5,627.525,2611,6268,1926,6278,1464,1306
522060,793.54,624,724.82,627.375,2620,6269,1909,6276,1467,1302
522062,792.66,624.375,726.02,628.2,2611,6273,1921,6285,1465,1300
522064,792.26,624.375,725.62,627.225,2607,6273,1917,6274,1467,1300
522066,792.42,623.325,726.66,627.375,2609,6261,1928,6277,1467,1305
522068,792.5,622.425,727.06,626.325,2611,6251,1933,6266,1463,1308
522070,792.1,624.6,726.9,625.725,2605,6276,1932,6258,1472,1307
522072,792.9,623.85,726.58,627.45,2615,6268,1928,6278,1468,1306
522074,791.86,623.325,727.54,625.575,2604,6261,1939,6257,1465,1311
522076,792.42,624.45,727.46,625.125,2610,6275,1939,6252,1471,1306
522078,791.86,623.4,726.98,627.45,2604,6263,1933,6279,1467,1306
522080,792.1,622.95,727.54,626.1,2607,6258,1940,6264,1467,1307
522082,792.18,623.175,727.54,624.975,2609,6261,1941,6251,1470,1310
522084,791.78,623.7,727.78,626.925,2604,6267,1942,6274,1470,1308
522086,792.58,621.225,727.7,625.575,2613,6239,1943,6259,1462,1311
522088,792.98,622.65,727.62,626.475,2618,6256,1942,6269,1469,1309
522090,791.86,622.2,727.22,626.175,2606,6250,1938,6265,1471,1315
522092,789.94,622.725,726.1,625.575,2587,6256,1927,6258,1468,1314
522094,784.5,621.975,722.02,624.45,2531,6245,1885,6244,1469,1312
522096,779.06,623.55,714.58,624.975,2475,6260,1808,6247,1474,1312
522098,769.62,623.775,706.18,623.475,2378,6259,1722,6225,1473,1318
522100,758.58,624.375,695.3,621.525,2264,6261,1611,6199,1479,1316
522102,749.7,622.65,686.18,621.375,2173,6237,1515,6193,1481,1318
522104,742.98,620.4,679.86,620.55,2104,6209,1451,6180,1485,1318
522106,741.06,619.65,676.1,618.075,2085,6200,1413,6151,1485,1316
522108,741.78,618.975,677.78,617.4,2093,6193,1431,6144,1483,1317
522110,743.78,617.025,680.42,618.675,2115,6171,1458,6160,1483,1320
522112,746.1,618.525,681.94,618.6,2138,6189,1474,6160,1484,1322
522114,747.86,618.675,683.38,619.2,2156,6192,1489,6167,1480,1324
522116,748.42,619.05,683.14,619.125,2162,6196,1486,6167,1480,1322
522118,746.34,620.775,681.7,618.975,2140,6215,1472,6164,1476,1320
522120,744.5,619.95,680.42,618.525,2121,6205,1459,6159,1475,1318
522122,743.78,619.575,679.78,619.875,2114,6200,1452,6174,1477,1320
522124,743.7,620.85,679.22,617.55,2113,6215,1447,6147,1482,1319
522126,744.02,619.275,679.46,617.475,2117,6198,1449,6147,1478,1317
522128,744.26,618.45,680.1,616.425,2120,6188,1456,6135,1478,1319
522130,744.26,618.6,679.94,616.575,2119,6190,1454,6137,1477,1318
522132,744.02,619.2,680.18,616.05,2117,6197,1457,6131,1482,1322
522134,743.62,618.3,680.26,616.35,2113,6186,1458,6134,1484,1318
522136,742.42,617.625,680.42,618.75,2101,6179,1458,6162,1481,1322
522138,742.74,617.25,679.94,618.675,2104,6175,1454,6161,1478,1324
522140,742.66,617.625,681.3,619.575,2104,6179,1467,6172,1485,1320
522142,743.54,617.775,681.7,618.45,2113,6181,1472,6159,1479,1325
522144,743.14,617.475,680.9,618.225,2109,6177,1463,6156,1484,1325
522146,743.06,617.625,681.54,617.625,2108,6178,1471,6149,1488,1326
522148,743.14,617.55,681.86,618,2109,6178,1474,6154,1483,1322
522150,742.5,617.25,681.62,616.65,2102,6174,1472,6138,1483,1326
522152,742.82,617.25,681.7,617.175,2105,6174,1473,6145,1483,1328
522154,742.98,616.95,682.1,616.575,2107,6171,1478,6138,1484,1328
522156,742.18,616.575,682.66,615.825,2100,6166,1484,6129,1483,1324
522158,742.58,616.875,681.94,617.55,2104,6169,1476,6149,1483,1329
522160,741.94,616.575,682.26,616.425,2098,6166,1480,6136,1484,1327
522162,742.58,616.35,681.7,616.05,2105,6164,1475,6131,1480,1324
522164,742.02,616.275,682.58,615.525,2099,6162,1484,6126,1480,1320
522166,742.34,616.5,682.42,615.6,2102,6165,1483,6126,1480,1328
522168,742.34,616.275,683.22,616.275,2103,6163,1490,6135,1480,1323
522170,742.02,615.675,683.7,615.825,2100,6156,1496,6130,1480,1319
522172,742.02,617.325,682.9,615.6,2099,6174,1488,6127,1483,1320
522174,741.62,616.2,683.54,615.675,2095,6162,1494,6128,1483,1322
522176,741.94,616.35,682.58,616.425,2099,6164,1484,6137,1480,1320
522178,742.34,615.975,682.66,616.35,2103,6159,1485,6136,1480,1323
522180,741.86,615.825,683.14,615.75,2099,6158,1491,6129,1479,1319
522182,742.1,615.225,682.82,616.65,2101,6151,1487,6140,1478,1323
522184,741.7,615.825,684.58,615.15,2097,6158,1506,6123,1478,1319
522186,741.22,615.6,684.18,614.4,2092,6155,1503,6114,1480,1316
522188,741.7,615.3,682.82,615.225,2097,6152,1488,6124,1478,1313
522190,741.54,615.3,683.86,614.55,2096,6152,1499,6116,1481,1315
522192,741.38,615.075,684.18,615.9,2094,6150,1501,6132,1479,1320
522194,742.1,614.7,684.02,613.575,2101,6145,1501,6105,1475,1315
522196,740.82,615.825,684.26,614.7,2088,6158,1503,6119,1477,1314
522198,741.46,614.4,684.42,614.025,2094,6142,1505,6111,1478,1313
522200,741.22,615.225,684.66,614.325,2092,6151,1507,6115,1483,1315
522202,740.58,613.95,683.94,615,2086,6137,1499,6122,1476,1315
522204,741.14,615.225,683.86,614.325,2091,6152,1499,6114,1476,1312
522206,740.9,615.375,684.58,614.1,2088,6153,1506,6112,1476,1311
522208,740.98,614.625,684.26,614.7,2089,6145,1502,6119,1479,1311
522210,740.98,614.175,684.98,614.625,2089,6140,1510,6119,1472,1307
522212,740.9,615.3,684.74,614.85,2088,6153,1507,6121,1476,1309
522214,740.98,613.125,685.78,614.25,2090,6128,1518,6115,1475,1308
522216,740.82,613.95,684.74,614.7,2088,6137,1508,6119,1473,1310
522218,740.66,614.325,685.38,615,2086,6141,1514,6123,1472,1306
522220,740.82,612.975,684.74,615.15,2088,6126,1507,6124,1474,1308
522222,740.34,613.875,684.98,614.25,2083,6136,1510,6114,1471,1306
522224,739.86,613.275,685.14,613.8,2078,6129,1512,6108,1470,1303
522226,740.18,613.5,684.98,613.5,2081,6131,1510,6105,1469,1305
522228,739.46,613.275,684.26,613.95,2074,6128,1503,6110,1467,1302
522230,739.22,612.975,685.78,613.575,2072,6125,1518,6106,1465,1303
522232,739.06,612.3,685.3,613.8,2070,6116,1513,6108,1469,1299
522234,740.1,612.75,684.9,613.875,2080,6122,1508,6109,1469,1297
522236,739.14,613.125,685.54,613.05,2070,6126,1516,6099,1461,1299
522238,738.9,610.725,684.66,613.575,2069,6098,1506,6105,1459,1299
522240,739.06,611.625,684.74,613.425,2070,6109,1506,6104,1462,1298
522242,738.42,610.65,686.02,612.825,2064,6097,1520,6098,1455,1297
522244,738.26,611.1,684.58,612.75,2062,6102,1505,6095,1455,1299
522246,738.5,610.725,684.74,612,2064,6098,1507,6087,1454,1293
522248,738.34,609.75,685.38,612.675,2063,6086,1513,6095,1451,1292
522250,738.5,609.525,685.14,613.275,2064,6084,1510,6102,1452,1296
522252,737.94,609.45,685.14,612.6,2058,6083,1511,6093,1450,1285
522254,738.34,610.2,685.86,612.375,2062,6091,1518,6092,1450,1293
522256,738.74,609.15,684.18,612.375,2066,6080,1500,6090,1446,1292
522258,738.58,609.675,684.9,611.775,2065,6086,1507,6085,1446,1285
522260,738.58,610.05,685.3,611.625,2063,6090,1511,6083,1444,1288
522262,738.26,609.75,684.34,612.15,2060,6086,1501,6088,1445,1280
522264,738.02,609,685.54,612.45,2058,6078,1513,6092,1441,1284
522266,738.5,610.65,685.3,611.1,2062,6097,1511,6077,1439,1281
522268,738.34,609.975,684.42,612,2060,6089,1501,6087,1441,1278
522270,738.18,609.525,685.54,611.025,2059,6084,1513,6077,1439,1280
522272,738.26,609.525,685.06,611.7,2059,6084,1508,6084,1436,1277
522274,738.42,608.1,684.02,611.25,2061,6068,1497,6079,1434,1273
522276,738.1,608.775,684.42,612,2057,6076,1500,6088,1430,1275
522278,738.1,609.975,684.66,611.7,2056,6090,1503,6084,1435,1273
522280,737.78,608.4,683.3,612,2053,6072,1488,6087,1431,1267
522282,737.7,608.775,683.62,612.075,2053,6076,1491,6088,1427,1267
522284,737.94,609.375,684.42,611.625,2053,6083,1499,6083,1429,1266
522286,737.54,610.2,683.86,612.375,2049,6092,1492,6091,1432,1265
522288,738.1,607.125,682.66,612,2056,6058,1479,6087,1423,1261
522290,737.86,609.825,682.58,611.7,2052,6088,1479,6084,1430,1260
522292,738.58,609.675,683.86,611.7,2058,6087,1491,6085,1430,1261
522294,738.26,607.875,683.22,611.625,2056,6066,1485,6083,1422,1263
522296,737.62,609.15,683.86,611.775,2048,6081,1490,6086,1426,1256
522298,738.02,607.725,683.7,611.55,2053,6066,1489,6084,1420,1258
522300,738.58,608.625,684.34,611.25,2058,6076,1496,6081,1423,1257
522302,738.9,607.275,684.34,611.625,2061,6061,1495,6085,1418,1256
522304,738.74,606.9,684.42,611.1,2059,6057,1496,6079,1417,1257
522306,738.5,607.2,684.5,610.35,2057,6060,1498,6070,1421,1259
522308,739.06,606.375,684.26,610.95,2063,6051,1494,6078,1417,1256
522310,738.34,607.125,683.94,611.025,2056,6059,1491,6079,1416,1257
522312,739.14,605.7,683.94,611.025,2064,6044,1490,6079,1412,1255
522314,738.5,606.6,684.58,610.125,2056,6054,1497,6069,1412,1250
522316,738.74,605.175,684.66,611.025,2059,6038,1497,6079,1406,1249
522318,739.3,605.175,684.34,609.6,2065,6039,1494,6063,1407,1251
522320,739.46,604.8,685.46,610.425,2067,6035,1506,6073,1408,1251
522322,739.06,605.175,684.34,609.675,2062,6039,1494,6064,1406,1246
522324,739.22,604.875,684.02,609.825,2063,6036,1491,6066,1403,1246
522326,738.9,605.475,684.18,610.05,2060,6042,1492,6069,1403,1248
522328,738.34,604.875,684.98,610.575,2054,6036,1500,6075,1401,1244
522330,738.1,605.175,684.42,610.65,2052,6039,1494,6077,1400,1245
522332,738.02,605.7,685.86,611.475,2051,6046,1508,6087,1400,1245
522334,738.26,605.25,684.82,611.175,2053,6041,1497,6082,1397,1245
522336,738.74,606.3,684.98,611.55,2058,6053,1499,6087,1396,1239
522338,737.86,605.925,685.46,611.85,2049,6049,1504,6091,1397,1244
522340,737.86,607.275,685.54,611.85,2049,6064,1505,6092,1396,1241
522342,737.94,607.05,684.74,612.075,2049,6062,1496,6094,1396,1243
522344,737.78,607.65,685.14,611.775,2047,6069,1501,6092,1396,1241
522346,737.46,607.575,686.1,611.625,2044,6069,1511,6090,1394,1238
522348,737.46,607.275,685.3,612.075,2044,6065,1502,6095,1391,1236
522350,736.26,608.85,684.98,611.925,2031,6083,1499,6094,1392,1240
522352,735.46,609.225,683.38,612.9,2023,6087,1482,6105,1389,1238
522354,733.78,611.55,680.42,615.45,2005,6113,1450,6132,1396,1234
522356,730.82,613.425,677.06,617.85,1974,6134,1415,6159,1394,1231
522358,727.94,614.55,673.14,621.075,1943,6146,1371,6195,1388,1235
522360,725.38,616.725,670.98,623.775,1916,6170,1348,6225,1387,1234
522362,724.82,617.775,669.22,623.25,1909,6182,1330,6218,1383,1235
522364,724.58,617.85,668.98,624.45,1907,6183,1327,6232,1386,1235
522366,724.42,616.875,669.38,623.625,1906,6171,1332,6223,1383,1235
522368,724.34,616.8,669.46,622.425,1906,6171,1334,6209,1383,1234
522370,725.78,616.8,670.42,621.6,1921,6172,1345,6201,1384,1232
522372,725.3,615.9,670.9,622.05,1917,6161,1350,6206,1382,1236
522374,726.66,616.125,670.9,620.475,1931,6165,1351,6188,1384,1234
522376,726.34,615.225,670.98,620.55,1929,6154,1352,6189,1381,1233
522378,727.06,615.225,671.46,619.5,1936,6155,1358,6177,1380,1235
522380,726.82,613.875,671.62,619.5,1935,6139,1360,6177,1376,1228
522382,727.06,614.85,671.06,618.6,1937,6150,1355,6166,1377,1227
522384,726.58,614.25,670.26,618.6,1933,6142,1348,6165,1377,1236
522386,726.66,614.25,669.86,618.525,1934,6142,1344,6164,1375,1230
522388,726.34,614.1,670.98,618.825,1932,6140,1355,6168,1374,1229
522390,726.26,613.725,670.98,618.975,1931,6135,1356,6169,1373,1231
522392,726.34,612.75,671.46,618.675,1933,6124,1361,6165,1370,1227
522394,726.02,614.1,670.9,619.05,1928,6139,1355,6169,1372,1230
522396,726.1,613.65,671.3,618.525,1930,6133,1359,6163,1370,1227
522398,726.1,614.175,672.26,618.15,1929,6139,1369,6159,1372,1232
522400,725.86,612.975,671.14,618.75,1928,6123,1357,6164,1370,1229
522402,726.18,613.05,670.82,618.15,1931,6125,1354,6157,1370,1228
522404,725.7,614.025,671.22,617.925,1925,6134,1359,6153,1368,1231
522406,725.94,613.2,671.62,617.4,1928,6125,1364,6147,1370,1227
522408,725.46,613.575,669.62,617.325,1923,6127,1343,6144,1366,1231
522410,725.78,614.4,670.34,616.725,1926,6137,1350,6137,1369,1234
522412,724.9,613.425,668.9,617.475,1917,6124,1335,6144,1367,1232
522414,725.38,613.35,669.46,618,1922,6124,1341,6150,1365,1229
522416,725.06,614.85,669.94,617.625,1918,6139,1346,6145,1365,1229
522418,724.9,613.725,669.7,618.675,1918,6126,1343,6156,1365,1231
522420,724.66,614.475,669.46,618.675,1914,6133,1340,6155,1364,1223
522422,725.06,614.175,669.46,617.325,1919,6130,1341,6140,1362,1226
522424,724.66,613.275,669.7,618.825,1915,6118,1342,6156,1361,1232
522426,724.82,613.8,669.3,617.325,1916,6125,1339,6139,1362,1225
522428,725.22,614.55,669.38,618.3,1919,6132,1339,6149,1363,1226
522430,724.74,614.175,668.58,617.925,1915,6127,1331,6144,1362,1231
522432,724.58,614.4,669.78,617.55,1912,6129,1343,6139,1360,1228
522434,724.82,614.25,669.94,618.975,1915,6127,1344,6156,1362,1227
522436,724.9,614.325,669.54,617.85,1915,6128,1339,6142,1359,1232
522438,724.58,614.325,669.3,617.85,1912,6127,1337,6141,1358,1227
522440,724.66,614.325,668.66,618,1912,6127,1329,6142,1361,1229
522442,724.58,614.925,669.62,617.175,1911,6133,1340,6134,1359,1230
522444,724.02,614.85,668.58,617.625,1904,6132,1329,6138,1359,1230
522446,724.66,615.3,668.66,618.225,1911,6138,1329,6144,1363,1228
522448,723.86,614.175,669.7,618.15,1903,6123,1339,6143,1355,1228
522450,724.5,614.85,668.66,618.45,1909,6132,1328,6147,1360,1229
522452,724.5,615.3,668.18,618.825,1908,6136,1323,6150,1362,1231
522454,724.5,614.25,668.82,618.3,1908,6125,1330,6145,1357,1234
522456,724.74,614.7,668.98,617.55,1910,6129,1331,6136,1359,1231
522458,723.94,611.55,668.74,615.75,1904,6093,1330,6115,1353,1232
522460,725.38,607.425,670.02,610.125,1920,6047,1345,6051,1357,1235
522462,727.3,600.15,671.54,602.55,1943,5965,1366,5966,1350,1234
522464,729.14,584.175,672.26,590.475,1970,5786,1378,5830,1361,1236
522466,731.7,568.35,673.54,573.15,2003,5608,1402,5634,1363,1234
522468,734.58,545.85,671.54,553.5,2043,5357,1391,5411,1370,1234
522470,735.54,528,671.38,533.4,2062,5157,1401,5185,1354,1230
522472,739.06,506.625,670.82,512.625,2108,4921,1406,4952,1366,1227
522474,743.86,494.775,666.58,496.35,2163,4791,1371,4768,1373,1216
522476,747.06,478.425,667.78,476.55,2203,4612,1394,4549,1372,1208
522478,750.66,465.975,665.7,464.7,2245,4476,1379,4417,1376,1204
522480,752.18,455.175,663.94,454.65,2266,4358,1367,4304,1365,1190
522482,753.14,446.175,659.54,446.85,2279,4259,1326,4216,1358,1188
522484,753.06,440.625,656.26,441.525,2281,4199,1295,4156,1350,1189
522486,753.86,438.6,655.7,439.05,2289,4177,1290,4128,1346,1189
522488,753.3,437.925,652.98,441.075,2283,4170,1261,4149,1340,1187
522490,753.94,439.125,652.34,441.825,2290,4183,1255,4158,1344,1184
522492,753.54,440.4,654.98,444.825,2285,4198,1279,4193,1347,1191
522494,753.38,440.625,654.98,444.975,2282,4201,1279,4195,1350,1200
522496,753.7,439.875,656.42,444.075,2286,4193,1294,4186,1354,1198
522498,752.5,438.6,656.82,442.5,2274,4179,1299,4169,1354,1198
522500,751.54,435.825,658.18,439.125,2265,4148,1315,4133,1362,1197
522502,750.58,434.85,659.54,438.075,2256,4137,1329,4122,1365,1203
522504,749.7,435.75,660.02,438.225,2247,4147,1333,4125,1361,1203
522506,748.82,434.55,660.74,437.925,2238,4134,1341,4122,1366,1203
522508,748.02,436.425,660.66,438.825,2229,4154,1339,4133,1364,1203
522510,747.46,437.55,661.54,438.6,2223,4166,1349,4131,1359,1207
522512,746.74,437.1,661.54,439.425,2216,4161,1348,4140,1360,1208
522514,745.78,437.175,661.94,438.9,2206,4162,1353,4135,1364,1205
522516,746.1,439.65,663.3,440.625,2209,4190,1365,4155,1352,1206
522518,744.82,437.85,663.06,440.175,2196,4169,1363,4150,1361,1207
522520,744.5,438,663.78,440.25,2193,4172,1371,4152,1359,1210
522522,744.5,438.825,663.7,439.8,2192,4181,1370,4147,1359,1211
522524,743.7,435.975,663.94,439.125,2185,4150,1373,4141,1360,1209
522526,743.94,436.725,663.94,438.75,2188,4158,1373,4136,1359,1211
522528,744.42,437.25,664.74,438.3,2192,4165,1382,4133,1357,1210
522530,743.62,435,665.14,439.5,2186,4140,1385,4146,1362,1209
522532,743.46,435.075,664.82,437.025,2184,4142,1384,4119,1360,1211
522534,743.38,435.75,664.26,438.075,2183,4149,1377,4131,1360,1206
522536,743.06,434.025,665.7,437.1,2181,4130,1393,4121,1360,1209
522538,742.1,434.7,666.02,435.825,2171,4137,1397,4107,1364,1210
522540,742.42,436.125,666.42,437.025,2174,4153,1401,4121,1361,1212
522542,742.58,434.775,666.42,436.65,2176,4139,1401,4118,1363,1210
522544,742.18,434.175,667.62,437.025,2173,4132,1413,4123,1366,1208
522546,741.62,435.225,666.9,436.575,2167,4144,1406,4117,1364,1208
522548,741.38,435.3,666.66,436.65,2165,4145,1405,4119,1365,1210
522550,741.14,433.8,667.54,435.825,2163,4128,1414,4110,1368,1213
522552,740.02,433.5,667.14,435.45,2153,4125,1411,4106,1367,1213
522554,740.74,432.3,668.26,435.15,2160,4112,1422,4103,1366,1207
522556,740.66,431.7,668.82,434.85,2161,4105,1429,4100,1365,1208
522558,739.86,431.625,669.3,434.175,2153,4105,1435,4093,1369,1210
522560,740.5,431.175,668.42,434.025,2160,4100,1426,4091,1366,1211
522562,739.86,431.625,669.22,433.5,2154,4104,1434,4086,1369,1213
522564,739.7,430.65,669.54,433.275,2153,4093,1438,4083,1369,1214
522566,739.94,429.6,669.62,434.1,2156,4082,1438,4093,1367,1212
522568,739.86,429.975,669.7,432.75,2155,4086,1441,4077,1368,1213
522570,739.3,430.05,670.26,432,2150,4086,1447,4070,1371,1213
522572,739.06,429.3,669.86,432.6,2148,4078,1444,4076,1371,1213
522574,739.14,429.825,670.66,432.3,2149,4083,1452,4072,1369,1213
522576,738.5,428.85,670.1,431.925,2143,4072,1447,4068,1370,1213
522578,738.26,427.575,670.1,432.675,2142,4058,1446,4076,1364,1213
522580,738.34,428.4,669.86,432.45,2142,4067,1444,4073,1371,1210
522582,738.1,428.625,670.82,432.075,2140,4069,1454,4069,1372,1220
522584,738.18,427.725,671.22,431.475,2142,4059,1459,4062,1367,1216
522586,737.7,429,671.3,431.475,2136,4072,1460,4063,1370,1222
522588,737.3,429.15,671.3,432.675,2132,4074,1460,4076,1371,1221
522590,736.5,429.3,671.86,431.775,2124,4075,1466,4066,1372,1221
522592,736.5,429.825,670.98,431.775,2124,4080,1458,4065,1373,1229
522594,736.74,430.05,670.9,432.375,2126,4083,1456,4072,1371,1222
522596,735.78,430.2,670.9,432.375,2117,4084,1456,4071,1375,1224
522598,736.26,429.525,671.22,431.1,2122,4077,1460,4058,1372,1228
522600,735.86,429.225,670.26,432.3,2118,4073,1450,4070,1376,1224
522602,736.34,429.9,672.02,432.225,2123,4081,1469,4071,1379,1224
522604,736.02,430.2,671.38,432.075,2120,4084,1462,4069,1376,1229
522606,735.78,428.625,671.78,432.525,2118,4067,1466,4074,1375,1227
522608,735.62,430.2,671.78,431.25,2117,4084,1467,4060,1379,1223
522610,736.02,429.825,671.62,431.55,2121,4080,1465,4063,1374,1229
522612,735.22,429.45,671.38,431.55,2114,4076,1464,4062,1377,1230
522614,735.22,430.05,672.98,432,2113,4082,1480,4069,1378,1229
522616,736.02,430.275,672.1,432.225,2121,4085,1471,4071,1374,1227
522618,735.14,429.45,672.34,432.75,2113,4075,1473,4077,1376,1229
522620,735.14,429.675,672.74,431.7,2113,4078,1477,4066,1379,1231
522622,735.06,429.45,672.82,432.3,2113,4076,1479,4072,1378,1230
522624,734.82,428.7,673.38,432.075,2110,4068,1484,4070,1378,1231
522626,735.38,429.225,673.46,431.4,2116,4075,1485,4064,1383,1232
522628,734.82,429.75,672.98,431.475,2110,4080,1481,4065,1380,1235
522630,734.9,429.975,672.74,431.325,2111,4083,1479,4062,1379,1231
522632,735.62,430.8,673.94,431.925,2118,4093,1490,4071,1383,1230
522634,734.82,429.75,673.54,431.1,2110,4080,1487,4061,1379,1234
522636,735.06,429.9,673.22,432,2112,4083,1482,4071,1381,1233
522638,735.54,430.05,673.22,431.325,2118,4084,1483,4064,1381,1233
522640,735.38,430.275,673.54,430.95,2115,4088,1487,4060,1382,1232
522642,734.34,430.05,674.18,431.25,2105,4084,1493,4064,1381,1235
522644,734.18,429.9,673.38,431.25,2103,4083,1485,4064,1385,1233
522646,734.34,430.575,673.86,430.95,2104,4091,1490,4061,1385,1234
522648,734.58,430.425,673.3,432.225,2107,4089,1483,4075,1383,1236
522650,734.1,430.5,673.38,430.875,2102,4090,1484,4060,1384,1237
522652,734.34,430.425,672.58,431.55,2104,4090,1476,4067,1387,1237
522654,733.62,430.575,673.14,431.55,2096,4091,1482,4067,1387,1237
522656,733.78,430.5,673.06,431.925,2098,4090,1479,4072,1388,1239
522658,733.78,430.35,672.74,431.25,2098,4089,1477,4065,1388,1237
522660,732.82,429.675,673.62,432.15,2087,4082,1484,4076,1392,1240
522662,733.7,430.725,672.5,432.075,2097,4094,1473,4074,1389,1240
522664,732.5,430.5,672.82,431.625,2083,4091,1476,4069,1394,1234
522666,732.1,430.725,672.74,432.075,2080,4093,1475,4075,1393,1240
522668,732.02,430.2,672.02,431.325,2078,4087,1467,4066,1394,1241
522670,732.26,430.125,672.74,430.8,2081,4087,1475,4060,1394,1242
522672,731.06,429.525,672.9,431.1,2068,4079,1477,4064,1397,1240
522674,731.22,430.8,673.14,431.175,2070,4093,1478,4065,1395,1242
522676,731.46,429.825,672.42,432.6,2071,4082,1470,4080,1396,1245
522678,731.3,430.2,673.14,431.55,2069,4087,1478,4069,1397,1243
522680,731.3,429.825,672.34,432.15,2069,4082,1468,4075,1398,1240
522682,731.3,429.45,672.34,431.55,2069,4078,1468,4068,1396,1241
522684,730.66,429.225,672.1,431.925,2062,4076,1465,4072,1402,1243
522686,731.22,428.85,671.54,431.1,2068,4071,1460,4063,1399,1245
522688,730.98,428.85,672.66,430.125,2065,4071,1472,4052,1400,1240
522690,730.26,429.375,671.86,431.025,2057,4076,1463,4062,1400,1242
522692,731.14,429.225,673.14,430.725,2066,4075,1475,4059,1401,1240
522694,730.9,428.25,672.58,431.25,2064,4064,1469,4064,1400,1242
522696,731.06,429.525,672.58,430.95,2064,4078,1469,4061,1398,1241
522698,730.9,429.15,672.34,430.5,2062,4073,1466,4056,1402,1238
522700,730.98,429,672.9,431.325,2062,4071,1471,4065,1402,1240
522702,730.74,429.525,672.98,430.2,2060,4077,1472,4052,1405,1247
522704,730.9,429.825,673.06,430.575,2061,4080,1473,4056,1406,1242
522706,730.9,429.825,673.06,431.1,2061,4080,1472,4062,1406,1244
522708,730.98,430.2,672.98,431.25,2061,4084,1471,4063,1403,1241
522710,730.42,429.675,672.98,430.95,2055,4078,1471,4060,1408,1242
522712,730.26,429.6,673.06,431.25,2053,4076,1471,4063,1406,1241
522714,730.26,429.525,673.54,430.8,2053,4076,1476,4058,1409,1244
522716,731.46,429.675,674.98,430.575,2065,4077,1490,4056,1405,1243
522718,734.82,426.975,679.22,428.475,2100,4050,1534,4036,1405,1245
522720,740.5,423.9,683.62,427.425,2159,4019,1580,4026,1402,1250
522722,749.62,417,691.7,423.375,2254,3948,1664,3986,1400,1245
522724,759.22,408.675,701.54,415.575,2354,3862,1768,3906,1397,1249
522726,772.34,400.8,710.42,409.575,2490,3785,1860,3845,1393,1244
522728,781.62,389.4,720.42,396.15,2588,3665,1968,3704,1395,1241
522730,790.66,378.6,726.5,388.8,2684,3553,2033,3627,1395,1239
522732,800.82,373.425,733.06,382.575,2787,3503,2102,3563,1389,1233
522734,807.14,370.125,735.06,378.75,2853,3471,2124,3522,1377,1227
522736,812.18,367.875,738.34,377.025,2903,3449,2158,3506,1376,1218
522738,817.3,366.15,739.54,376.8,2955,3433,2170,3504,1375,1217
522740,819.86,365.1,741.06,376.8,2981,3424,2185,3505,1372,1216
522742,821.06,365.025,742.1,376.95,2993,3423,2195,3507,1375,1222
522744,822.66,363.375,743.22,378.75,3010,3407,2206,3527,1371,1217
522746,822.98,363.075,744.02,378.45,3013,3404,2214,3524,1375,1221
522748,822.42,363.825,743.62,378.75,3007,3411,2210,3527,1376,1223
522750,821.54,363.3,744.5,377.925,2999,3405,2219,3519,1377,1225
522752,821.46,363.45,744.66,379.8,2998,3407,2220,3539,1377,1225
522754,820.82,361.8,744.58,378.6,2992,3389,2220,3527,1380,1232
522756,820.74,361.5,746.26,376.875,2991,3386,2238,3510,1381,1229
522758,819.86,361.575,747.22,377.025,2982,3386,2247,3511,1383,1227
522760,819.22,361.95,746.98,377.775,2976,3390,2245,3520,1382,1229
522762,819.62,363.075,747.22,377.775,2980,3402,2247,3519,1382,1232
522764,818.66,362.175,748.82,377.4,2970,3393,2264,3517,1382,1228
522766,818.02,362.775,747.94,376.725,2964,3399,2255,3509,1383,1228
522768,817.54,364.275,748.58,376.425,2959,3415,2262,3506,1382,1228
522770,816.98,363.525,749.62,376.35,2953,3406,2272,3506,1384,1228
522772,817.14,363.45,749.62,376.875,2955,3406,2272,3512,1383,1230
522774,816.82,363.15,749.22,377.625,2952,3402,2268,3520,1384,1228
522776,816.42,362.55,749.38,376.65,2949,3396,2269,3510,1385,1227
522778,815.94,361.65,750.1,375.525,2944,3386,2278,3498,1386,1226
522780,815.94,362.1,749.78,376.65,2944,3391,2274,3510,1383,1227
522782,815.94,361.95,750.42,375.525,2944,3389,2281,3498,1388,1223
522784,816.5,361.65,750.1,375.375,2950,3386,2278,3496,1387,1223
522786,816.18,361.575,750.5,374.7,2947,3386,2282,3489,1386,1224
522788,815.86,360.9,750.66,374.925,2945,3378,2284,3492,1389,1220
522790,816.1,361.65,750.98,374.325,2946,3386,2288,3486,1389,1224
522792,816.5,361.05,751.38,375.525,2951,3380,2291,3499,1390,1224
522794,815.78,361.35,750.66,374.925,2944,3383,2284,3493,1388,1225
522796,815.86,362.25,751.38,375.375,2944,3393,2291,3498,1388,1227
522798,815.62,361.575,751.22,374.325,2941,3385,2291,3487,1388,1222
522800,815.06,362.55,751.14,374.85,2936,3396,2289,3492,1393,1227
522802,815.06,361.425,751.78,374.925,2936,3384,2296,3494,1390,1227
522804,815.22,360.825,752.66,374.625,2938,3377,2305,3491,1388,1232
522806,815.22,360.3,752.42,374.4,2939,3372,2303,3488,1392,1228
522808,815.38,360.75,751.78,373.95,2940,3377,2297,3483,1390,1227
522810,814.9,361.125,752.34,374.325,2935,3380,2302,3487,1388,1227
522812,814.82,361.275,752.42,374.1,2934,3382,2302,3485,1390,1227
522814,814.02,360.75,751.7,374.4,2926,3376,2295,3488,1391,1227
522816,814.98,360.15,751.54,373.575,2936,3370,2294,3479,1391,1221
522818,814.5,359.85,753.3,374.025,2931,3367,2311,3485,1396,1228
522820,814.58,360.45,752.9,373.875,2932,3373,2307,3483,1392,1229
522822,813.86,359.625,752.18,374.625,2925,3364,2300,3491,1396,1229
522824,814.5,359.775,752.1,373.65,2932,3367,2300,3481,1396,1228
522826,814.42,359.85,752.34,373.95,2930,3368,2302,3484,1396,1229
522828,813.78,361.2,752.18,374.7,2924,3381,2300,3493,1393,1226
522830,814.02,359.925,752.74,372.525,2927,3368,2306,3469,1400,1227
522832,814.26,360.525,752.26,373.425,2929,3375,2301,3479,1397,1227
522834,813.62,359.4,752.34,373.725,2922,3363,2302,3482,1399,1230
522836,813.7,358.875,752.98,373.35,2923,3358,2308,3479,1400,1231
522838,813.22,359.55,752.5,373.2,2918,3364,2304,3477,1401,1230
522840,813.86,359.25,753.54,373.425,2925,3362,2314,3480,1399,1230
522842,814.42,359.55,754.1,373.5,2931,3365,2320,3482,1402,1233
522844,813.46,359.1,753.22,373.425,2921,3360,2311,3481,1401,1232
522846,813.38,359.55,753.14,373.05,2920,3364,2310,3476,1404,1229
522848,814.34,360.075,752.98,374.1,2930,3371,2308,3487,1401,1228
522850,813.78,359.775,752.9,373.65,2924,3367,2308,3483,1405,1232
522852,813.3,359.4,754.1,372.6,2920,3364,2321,3472,1402,1238
522854,813.22,359.475,753.3,373.275,2918,3364,2312,3479,1406,1232
522856,812.82,359.55,753.86,373.35,2915,3365,2318,3480,1404,1235
522858,812.74,360.9,754.1,373.2,2913,3379,2320,3479,1401,1235
522860,813.38,359.175,753.46,372.9,2920,3362,2314,3475,1404,1230
522862,813.06,359.325,753.54,373.35,2918,3363,2314,3481,1405,1232
522864,813.38,359.175,754.66,372.525,2921,3362,2326,3473,1404,1234
522866,813.38,359.475,754.02,372,2921,3365,2320,3467,1407,1234
522868,812.58,359.625,753.7,373.125,2913,3366,2317,3479,1408,1233
522870,813.7,360,753.86,373.5,2924,3371,2318,3483,1408,1235
522872,812.58,360.45,754.42,372.525,2913,3375,2324,3473,1408,1236
522874,812.9,360.225,754.1,372.975,2916,3373,2321,3477,1409,1235
522876,813.14,359.85,754.18,372.375,2919,3369,2322,3471,1407,1237
522878,813.06,361.05,754.26,373.05,2917,3382,2323,3478,1412,1236
522880,813.06,360.975,754.42,372.6,2918,3381,2325,3474,1410,1236
522882,813.06,360.15,753.3,372.375,2918,3372,2313,3470,1408,1231
522884,812.42,360.9,754.18,372.525,2912,3380,2323,3472,1413,1234
522886,812.74,360.825,754.34,372.6,2915,3379,2324,3474,1411,1233
522888,812.42,360.9,754.18,371.625,2911,3381,2323,3463,1414,1238
522890,812.58,360.75,754.42,371.925,2913,3379,2325,3467,1416,1237
522892,812.82,362.4,754.98,373.125,2915,3397,2330,3480,1419,1237
522894,812.82,362.1,754.5,373.5,2915,3394,2325,3484,1420,1239
522896,812.42,361.2,754.34,372.3,2911,3384,2324,3471,1415,1243
522898,812.66,362.025,754.98,371.325,2913,3393,2331,3461,1422,1241
522900,812.42,362.325,754.18,372.6,2910,3397,2322,3474,1417,1238
522902,812.18,361.275,754.66,371.775,2909,3386,2328,3466,1419,1240
522904,811.46,361.35,754.74,372.45,2902,3386,2328,3474,1417,1238
522906,812.18,362.325,754.1,373.125,2908,3397,2321,3481,1423,1242
522908,812.58,362.475,754.98,373.35,2913,3399,2330,3484,1421,1237
522910,812.02,363.45,755.06,372.375,2906,3409,2332,3473,1419,1240
522912,812.26,362.625,754.58,372.975,2909,3401,2326,3480,1425,1239
522914,812.18,361.8,754.02,372.75,2909,3392,2321,3477,1424,1239
522916,811.46,363.75,754.74,371.925,2901,3413,2328,3469,1420,1244
522918,812.34,362.25,754.98,372.975,2910,3397,2330,3480,1424,1243
522920,812.1,363.825,754.42,372.225,2907,3415,2325,3472,1426,1241
522922,812.02,365.55,753.62,374.025,2905,3433,2316,3491,1427,1245
522924,809.62,365.925,750.5,376.65,2881,3436,2283,3518,1429,1243
522926,808.18,370.5,746.98,379.95,2865,3484,2247,3552,1434,1247
522928,804.18,374.475,742.5,381.9,2824,3525,2200,3571,1428,1244
522930,801.62,379.575,739.46,385.725,2796,3579,2168,3610,1432,1242
522932,801.54,381.45,738.18,388.05,2794,3599,2155,3635,1435,1243
522934,801.62,381.975,737.78,389.25,2795,3605,2150,3648,1438,1245
522936,802.18,380.925,739.38,387.6,2801,3595,2166,3631,1440,1249
522938,804.34,381,740.18,386.55,2822,3596,2175,3620,1440,1244
522940,804.58,379.2,740.58,386.1,2826,3577,2180,3616,1441,1249
522942,804.18,378.45,741.06,385.875,2822,3568,2185,3613,1442,1249
522944,804.26,379.35,742.18,385.05,2823,3579,2197,3605,1442,1250
522946,803.54,378,741.54,384.975,2816,3564,2190,3603,1442,1250
522948,803.22,378.825,740.98,384.45,2813,3572,2184,3598,1437,1248
522950,803.22,379.35,741.38,383.85,2813,3578,2189,3591,1443,1251
522952,802.58,378.3,740.82,384.45,2807,3566,2183,3597,1441,1245
522954,802.9,379.575,740.34,385.35,2809,3580,2178,3608,1443,1248
522956,803.14,378.675,740.82,385.95,2813,3571,2183,3614,1441,1245
522958,802.9,378.75,742.42,385.05,2810,3571,2200,3605,1443,1247
522960,802.58,379.95,741.86,385.425,2807,3584,2194,3608,1442,1247
522962,804.02,378.825,740.9,386.25,2821,3572,2184,3617,1442,1248
522964,803.14,378.675,741.06,386.025,2812,3570,2185,3614,1441,1244
522966,802.66,379.35,741.3,384.525,2808,3577,2189,3598,1439,1251
522968,802.9,378.975,741.7,384.6,2809,3573,2193,3599,1439,1246
522970,802.1,378.525,740.5,385.125,2802,3568,2180,3604,1444,1248
522972,802.82,379.35,741.3,383.925,2808,3576,2188,3591,1442,1253
522974,802.18,378.825,741.62,385.2,2802,3570,2191,3606,1441,1250
522976,802.18,378.9,741.54,384.9,2802,3571,2190,3602,1444,1247
522978,801.14,379.2,741.46,385.5,2792,3574,2189,3608,1445,1251
522980,801.38,379.275,741.22,386.4,2794,3575,2186,3618,1443,1251
522982,800.82,379.275,741.38,386.025,2788,3574,2188,3614,1452,1251
522984,800.74,379.8,740.98,386.55,2787,3579,2183,3619,1448,1249
522986,800.42,380.1,741.06,385.875,2783,3583,2184,3611,1452,1257
522988,799.94,380.7,741.22,384.075,2778,3589,2186,3592,1453,1255
522990,800.42,381.6,741.54,385.275,2782,3599,2188,3605,1452,1253
522992,800.26,380.55,741.22,384.375,2781,3587,2185,3595,1451,1258
522994,800.18,381.45,741.54,384.9,2779,3597,2188,3601,1454,1257
522996,800.82,381.075,742.26,385.95,2785,3593,2194,3613,1453,1256
522998,799.86,380.925,742.18,384.525,2776,3590,2194,3597,1455,1259
523000,800.66,381.15,741.3,384.3,2782,3593,2184,3594,1455,1258
523002,800.26,380.7,741.38,385.05,2779,3588,2185,3602,1457,1259
523004,800.34,381.975,741.62,384.675,2778,3602,2187,3598,1456,1260
523006,800.18,381.075,741.54,383.475,2777,3592,2187,3584,1453,1264
523008,799.78,381.45,741.3,384.6,2772,3595,2183,3596,1451,1258
523010,799.7,380.775,742.58,383.55,2772,3588,2196,3585,1455,1262
523012,799.62,381.075,741.86,383.775,2771,3591,2189,3588,1456,1264
523014,799.62,380.475,742.26,383.85,2771,3584,2193,3589,1456,1264
523016,799.78,380.7,742.1,383.175,2771,3587,2190,3581,1457,1264
523018,799.78,380.475,741.78,382.575,2771,3584,2188,3575,1454,1266
523020,800.26,379.95,742.26,384.075,2776,3578,2191,3591,1456,1263
523022,799.7,379.95,742.26,383.25,2770,3579,2191,3582,1456,1266
523024,800.58,379.5,742.58,382.725,2779,3574,2194,3576,1454,1262
523026,799.86,379.725,742.18,382.725,2771,3576,2190,3575,1453,1268
523028,800.02,379.2,742.26,382.275,2772,3570,2190,3571,1454,1267
523030,800.1,379.5,742.74,382.125,2773,3573,2196,3570,1455,1264
523032,800.34,379.5,741.54,382.725,2775,3573,2182,3575,1454,1266
523034,799.7,379.95,741.94,383.325,2768,3578,2186,3582,1454,1264
523036,800.02,379.8,742.42,382.65,2771,3577,2190,3575,1453,1267
523038,800.1,379.05,742.1,382.725,2772,3568,2187,3576,1454,1268
523040,799.7,380.325,742.18,384,2767,3582,2186,3590,1453,1263
523042,799.78,379.95,742.74,382.725,2767,3578,2193,3576,1455,1266
523044,799.78,380.475,743.06,384,2766,3584,2195,3590,1454,1260
523046,799.78,381.975,742.66,385.725,2766,3600,2190,3609,1452,1255
523048,799.06,381.45,741.46,384.525,2759,3595,2178,3596,1453,1262
523050,799.38,383.025,742.82,385.275,2761,3612,2192,3605,1458,1260
523052,798.82,383.1,741.54,386.925,2755,3613,2177,3622,1456,1254
523054,798.9,384.15,742.26,386.175,2756,3624,2185,3614,1455,1264
523056,798.5,383.475,742.42,387.3,2752,3617,2186,3627,1457,1263
523058,798.98,384.3,741.86,388.275,2756,3627,2180,3637,1459,1258
523060,798.1,385.125,742.1,388.575,2746,3635,2181,3641,1457,1264
523062,798.58,386.25,742.42,389.925,2750,3648,2184,3656,1456,1266
523064,798.5,385.8,742.02,389.625,2749,3643,2180,3653,1457,1261
523066,798.74,385.725,742.26,390.3,2752,3643,2182,3660,1455,1265
523068,797.86,386.925,742.74,389.4,2742,3656,2186,3652,1458,1269
523070,798.18,385.725,742.18,388.5,2745,3643,2181,3642,1454,1264
523072,798.42,385.5,742.02,389.55,2748,3641,2179,3653,1453,1264
523074,798.26,386.7,742.82,390,2745,3654,2186,3658,1455,1270
523076,798.34,386.325,743.7,389.25,2746,3651,2195,3651,1455,1262
523078,799.06,385.875,742.98,389.175,2753,3646,2188,3650,1457,1272
523080,798.5,386.55,744.02,387.075,2747,3654,2199,3628,1457,1275
523082,798.66,385.2,743.06,387.3,2749,3639,2189,3630,1458,1264
523084,798.9,385.05,744.74,386.7,2751,3637,2205,3625,1459,1271
523086,800.02,383.55,745.38,385.95,2763,3622,2213,3617,1459,1273
523088,803.62,380.4,749.78,383.85,2801,3590,2258,3597,1454,1271
523090,810.42,373.275,757.14,377.7,2871,3517,2335,3534,1455,1271
523092,820.34,364.425,766.26,369.975,2974,3427,2430,3456,1446,1271
523094,831.94,348.375,777.3,360.675,3096,3260,2545,3361,1447,1273
523096,845.62,328.65,789.78,342,3239,3056,2677,3166,1449,1275
523098,859.86,312.225,800.18,325.8,3387,2888,2788,2998,1453,1272
523100,872.5,290.475,809.46,307.425,3519,2663,2888,2806,1450,1268
523102,883.38,269.025,817.3,286.35,3634,2442,2974,2586,1433,1260
523104,895.78,246.45,824.26,266.7,3763,2210,3050,2381,1419,1246
523106,903.7,223.05,828.9,246.6,3847,1969,3104,2171,1409,1244
523108,913.62,204.825,833.78,227.85,3950,1784,3159,1975,1392,1218
523110,921.7,182.625,836.9,207.975,4036,1557,3198,1768,1378,1216
523112,927.14,167.55,840.02,193.275,4093,1404,3234,1616,1360,1198
523114,931.94,154.275,841.94,184.425,4143,1269,3256,1524,1343,1188
523116,935.86,148.95,842.82,176.25,4183,1216,3267,1438,1332,1175
523118,937.14,144.45,840.58,172.35,4196,1170,3246,1396,1328,1167
523120,937.54,143.475,841.38,171.375,4200,1158,3255,1385,1324,1169
523122,936.82,144.15,841.54,171.9,4193,1166,3257,1391,1326,1171
523124,937.54,145.5,842.9,169.725,4200,1178,3270,1368,1329,1177
523126,936.98,144.675,845.3,168.525,4195,1170,3294,1357,1332,1185
523128,938.26,143.175,846.1,170.325,4207,1154,3302,1375,1340,1181
523130,939.06,141.9,846.1,168.075,4216,1141,3303,1352,1343,1187
523132,938.42,141.9,847.06,167.475,4210,1140,3312,1345,1344,1195
523134,937.46,141.6,847.22,166.575,4200,1135,3314,1335,1344,1190
523136,936.66,142.875,848.18,164.7,4193,1147,3324,1316,1339,1197
523138,935.46,142.5,847.62,162.975,4181,1142,3320,1297,1341,1202
523140,935.38,142.95,849.06,163.425,4180,1146,3334,1302,1341,1202
523142,934.5,143.625,850.66,165.075,4171,1153,3349,1320,1338,1196
523144,933.78,144.225,849.7,164.85,4164,1157,3339,1316,1337,1196
523146,932.9,144.75,851.06,164.4,4155,1162,3353,1313,1337,1199
523148,932.58,145.05,850.26,167.925,4153,1165,3344,1349,1339,1193
523150,931.22,145.425,850.58,166.95,4139,1168,3347,1338,1338,1195
523152,931.38,145.65,850.58,166.725,4140,1170,3347,1336,1340,1197
523154,930.74,145.875,851.22,167.25,4134,1172,3353,1341,1342,1193
523156,929.94,145.5,852.02,168.825,4126,1168,3360,1358,1341,1194
523158,929.62,146.025,852.42,166.95,4123,1173,3364,1339,1343,1204
523160,928.9,145.875,852.66,168.15,4116,1171,3366,1352,1345,1196
523162,928.58,145.8,852.66,168.45,4113,1170,3366,1356,1344,1200
523164,928.9,145.95,853.38,166.725,4116,1172,3374,1338,1343,1204
523166,928.26,145.725,852.9,165.825,4109,1169,3369,1328,1346,1201
523168,927.7,145.8,853.78,165.225,4104,1170,3378,1323,1344,1201
523170,927.46,146.4,853.94,167.25,4102,1176,3378,1344,1343,1199
523172,927.14,145.65,854.1,167.1,4098,1168,3380,1343,1346,1200
523174,927.22,145.65,855.06,165.9,4099,1168,3390,1331,1342,1201
523176,926.98,145.95,854.74,164.925,4096,1172,3387,1321,1342,1202
523178,926.02,145.35,856.1,165,4087,1165,3400,1323,1343,1201
523180,926.74,145.275,856.18,164.85,4094,1165,3401,1322,1344,1202
523182,926.26,144.675,856.74,165.6,4089,1159,3406,1330,1342,1206
523184,926.18,145.275,856.34,164.475,4088,1166,3402,1319,1343,1207
523186,925.54,144.6,856.98,164.025,4082,1158,3408,1315,1341,1215
523188,924.82,144.75,856.5,164.025,4075,1160,3403,1315,1341,1203
523190,925.14,144.825,856.9,164.025,4077,1161,3408,1315,1343,1216
523192,924.34,143.85,855.54,163.425,4070,1151,3394,1308,1342,1210
523194,924.9,144.9,857.94,162.6,4075,1162,3417,1302,1342,1220
523196,924.74,143.475,858.42,163.95,4074,1148,3422,1317,1346,1224
523198,923.54,144.9,858.02,161.25,4061,1161,3418,1288,1341,1214
523200,923.7,144.975,857.46,161.775,4062,1163,3412,1294,1341,1214
523202,923.38,144.675,858.58,161.55,4060,1160,3423,1292,1347,1219
523204,923.14,144.525,858.18,162.825,4056,1159,3418,1306,1345,1221
523206,922.9,143.55,858.42,161.625,4055,1148,3421,1294,1344,1211
523208,922.26,144.45,858.34,162.15,4047,1158,3419,1299,1346,1221
523210,922.58,144.45,858.26,162.075,4050,1158,3419,1299,1344,1219
523212,921.7,144.225,858.26,162.75,4041,1155,3419,1306,1348,1215
523214,921.86,144.15,859.3,163.35,4043,1155,3428,1313,1345,1226
523216,921.7,144.675,858.74,162.825,4041,1161,3423,1307,1346,1220
523218,921.7,144.15,859.54,161.7,4041,1155,3431,1296,1348,1220
523220,922.34,144.3,859.86,163.2,4047,1158,3433,1313,1346,1227
523222,921.78,144.525,859.86,161.25,4042,1159,3434,1293,1347,1221
523224,921.46,143.025,860.34,162.15,4039,1145,3438,1303,1349,1216
523226,921.22,143.625,860.82,163.05,4036,1151,3443,1313,1350,1229
523228,921.06,143.25,861.38,161.7,4035,1147,3448,1299,1348,1231
523230,920.9,142.8,859.46,161.55,4033,1142,3429,1297,1351,1218
523232,921.3,144,860.26,162.525,4037,1155,3437,1307,1349,1227
523234,921.38,143.4,860.42,162,4038,1149,3439,1302,1349,1224
523236,921.22,143.7,861.06,163.5,4036,1153,3444,1319,1350,1217
523238,920.58,142.65,861.3,161.625,4030,1141,3448,1299,1352,1222
523240,920.42,142.725,860.82,163.2,4028,1142,3442,1315,1352,1225
523242,921.38,143.85,862.74,161.4,4038,1155,3461,1298,1346,1227
523244,921.22,143.475,862.42,162.225,4036,1151,3458,1307,1347,1224
523246,921.38,142.425,861.86,160.95,4038,1140,3453,1293,1352,1223
523248,920.98,143.25,861.7,161.7,4033,1149,3451,1301,1346,1227
523250,920.9,142.35,862.42,161.175,4033,1139,3458,1296,1349,1224
523252,920.9,141.6,862.26,160.2,4034,1132,3457,1287,1356,1227
523254,920.58,141,862.34,160.575,4030,1126,3458,1290,1356,1227
523256,920.42,140.7,863.86,160.275,4029,1123,3473,1289,1354,1227
523258,920.34,140.025,863.54,157.5,4029,1116,3471,1259,1357,1223
523260,920.66,141.825,863.22,158.7,4032,1135,3468,1272,1353,1230
523262,920.66,139.875,863.86,158.925,4033,1114,3474,1275,1358,1218
523264,920.42,139.2,863.38,157.725,4031,1107,3470,1262,1359,1226
523266,920.1,138.45,863.46,157.5,4028,1100,3471,1260,1355,1228
523268,920.9,138.225,864.98,158.4,4036,1098,3486,1270,1353,1222
523270,920.5,136.8,865.38,158.175,4033,1083,3490,1268,1356,1223
523272,921.14,137.925,864.42,155.925,4039,1095,3482,1244,1354,1228
523274,920.42,137.775,864.66,155.175,4032,1093,3485,1237,1355,1222
523276,920.58,137.55,865.22,155.4,4034,1091,3490,1239,1354,1224
523278,920.5,135.675,864.66,156.15,4033,1071,3484,1247,1357,1224
523280,920.42,136.725,865.06,156.225,4033,1082,3489,1248,1358,1224
523282,920.02,136.2,865.3,154.2,4029,1076,3491,1227,1359,1231
523284,919.94,135.525,866.18,155.85,4029,1069,3500,1244,1362,1236
523286,920.02,134.85,865.46,156.525,4030,1063,3493,1251,1361,1236
523288,919.94,135.525,864.98,156.9,4029,1070,3488,1255,1364,1234
523290,919.86,135.975,865.3,156.45,4029,1074,3492,1251,1361,1233
523292,919.78,135,865.7,157.65,4029,1064,3496,1263,1365,1237
523294,919.54,136.35,864.9,156.525,4026,1078,3488,1251,1360,1240
523296,919.54,136.575,866.26,156.45,4026,1081,3502,1251,1359,1240
523298,918.42,135.9,864.98,158.025,4015,1072,3489,1267,1366,1241
523300,918.82,135.375,865.3,155.775,4019,1068,3493,1244,1366,1237
523302,919.06,135.825,865.22,157.2,4021,1072,3492,1259,1360,1237
523304,918.58,135.975,865.94,158.775,4016,1073,3498,1276,1365,1240
523306,918.66,136.875,864.74,157.8,4017,1083,3486,1264,1363,1241
523308,918.74,135.6,865.14,157.875,4019,1070,3490,1265,1364,1236
523310,918.82,133.95,864.5,159,4020,1053,3484,1276,1366,1244
523312,918.5,136.2,865.06,158.25,4016,1076,3489,1270,1365,1243
523314,918.9,134.775,865.46,158.55,4021,1062,3493,1273,1363,1239
523316,918.66,136.05,864.66,158.55,4018,1075,3486,1272,1362,1243
523318,918.1,135.825,864.66,158.1,4012,1072,3486,1267,1367,1243
523320,918.98,135.975,865.78,156.9,4021,1074,3498,1256,1365,1237
523322,917.78,133.95,865.62,156.075,4010,1053,3496,1247,1366,1241
523324,917.54,127.95,865.06,150.825,4009,991,3493,1192,1365,1235
523326,916.82,121.275,864.34,145.125,4004,921,3487,1133,1361,1227
523328,915.3,114.6,862.9,137.925,3992,852,3475,1058,1352,1225
523330,914.66,106.2,859.86,126.75,3988,766,3450,941,1353,1234
523332,914.5,93.825,859.3,114,3989,638,3449,809,1353,1217
523334,913.14,82.05,857.54,107.1,3980,517,3434,737,1342,1214
523336,914.26,74.775,857.06,101.25,3993,444,3431,676,1336,1207
523338,917.3,68.85,853.94,93.9,4023,385,3403,599,1322,1189
523340,919.38,64.05,851.94,88.05,4044,338,3386,538,1317,1187
523342,920.02,57.6,851.62,84.825,4052,273,3383,505,1303,1191
523344,920.26,56.775,850.26,85.2,4055,265,3370,508,1300,1180
523346,921.14,55.2,849.38,82.275,4064,249,3363,477,1298,1186
523348,921.62,54.375,848.42,83.325,4069,241,3352,487,1295,1186
523350,920.74,55.125,847.62,82.95,4060,249,3345,482,1300,1183
523352,919.86,56.025,845.86,82.65,4051,257,3328,478,1300,1191
523354,919.86,57.375,846.18,83.7,4051,271,3331,489,1300,1192
523356,919.14,57.75,845.78,85.2,4043,274,3326,504,1302,1190
523358,919.54,58.5,847.06,84.525,4047,282,3339,498,1311,1190
523360,918.58,57.825,848.1,83.625,4037,274,3348,490,1307,1198
523362,917.62,58.575,848.98,85.425,4028,281,3356,509,1314,1193
523364,917.14,59.625,848.42,83.925,4023,292,3351,493,1313,1197
523366,915.3,58.725,849.06,81.975,4005,281,3358,474,1311,1202
523368,914.34,58.725,849.7,82.875,3995,280,3363,483,1311,1198
523370,914.02,60.225,848.42,82.875,3992,296,3350,483,1312,1196
523372,913.46,58.8,848.98,83.025,3986,281,3355,484,1313,1197
523374,913.78,59.1,849.14,83.475,3989,284,3356,489,1312,1194
523376,913.06,59.4,849.46,82.425,3982,287,3360,479,1310,1198
523378,913.3,58.8,850.02,83.025,3984,281,3364,485,1309,1196
523380,912.74,58.725,849.78,83.775,3978,279,3362,492,1313,1190
523382,913.62,57.675,849.38,81.6,3986,269,3359,470,1311,1197
523384,912.9,57.675,850.1,82.725,3979,269,3364,482,1309,1196
523386,912.34,57.15,849.54,80.325,3974,263,3360,457,1309,1199
523388,912.74,56.85,850.18,80.85,3977,260,3365,463,1311,1199
523390,912.1,56.7,850.9,81.15,3971,258,3372,466,1308,1194
523392,912.58,56.55,850.74,79.275,3975,257,3371,447,1306,1200
523394,911.46,56.1,850.98,80.475,3965,251,3372,459,1308,1196
523396,911.94,56.4,851.54,80.325,3969,255,3377,457,1310,1198
523398,912.42,56.325,851.7,78.225,3973,254,3380,437,1305,1199
523400,911.46,56.025,850.58,79.8,3964,250,3367,452,1310,1195
523402,911.3,56.175,851.7,79.275,3962,252,3379,447,1308,1194
523404,911.06,55.875,852.74,78.375,3959,249,3388,438,1306,1197
523406,911.14,54.825,851.3,79.05,3960,237,3374,444,1311,1198
523408,910.98,56.4,852.58,79.125,3957,253,3386,445,1308,1194
523410,911.06,55.425,852.5,77.775,3958,243,3385,432,1308,1199
523412,911.22,55.725,852.66,78.3,3959,246,3386,437,1310,1196
523414,910.74,55.275,852.82,77.925,3955,241,3388,433,1310,1193
523416,910.18,56.175,852.82,78,3948,250,3387,433,1305,1195
523418,910.18,56.025,853.22,78.075,3948,248,3391,434,1307,1197
523420,909.86,56.4,852.74,78.525,3945,251,3386,438,1306,1192
523422,910.02,55.65,853.62,76.875,3947,244,3395,422,1307,1196
523424,910.34,55.875,854.5,78.3,3949,246,3402,437,1306,1189
523426,909.86,55.725,854.26,79.05,3945,244,3400,445,1308,1189
523428,910.74,56.25,854.18,79.275,3952,249,3399,446,1305,1186
523430,910.42,55.875,854.42,78.075,3949,246,3401,434,1306,1191
523432,909.7,57,854.98,79.275,3941,257,3406,446,1302,1187
523434,910.58,56.175,854.98,79.425,3950,248,3406,448,1303,1189
523436,910.9,57,855.06,79.425,3952,257,3406,448,1303,1185
523438,910.34,56.775,854.82,79.8,3947,254,3404,451,1303,1183
523440,910.1,56.475,855.14,78.825,3945,251,3407,441,1304,1184
523442,910.18,56.625,855.38,79.2,3946,252,3409,446,1301,1184
523444,910.26,56.625,856.26,79.05,3946,253,3417,445,1301,1182
523446,910.26,56.7,856.18,80.325,3946,253,3416,458,1302,1184
523448,910.42,56.925,855.54,78.675,3947,256,3410,440,1300,1181
523450,909.54,56.55,855.54,79.65,3939,251,3410,450,1306,1184
523452,909.94,57.75,856.74,80.25,3943,264,3422,458,1303,1177
523454,910.1,56.925,857.3,78.225,3944,256,3428,437,1304,1186
523456,909.62,57.525,856.34,80.1,3940,262,3418,456,1304,1177
523458,909.14,57.15,856.98,80.025,3936,258,3425,455,1304,1175
523460,909.7,56.625,856.9,79.05,3941,253,3424,446,1305,1179
523462,909.14,55.8,856.42,80.1,3936,244,3419,456,1303,1179
523464,909.06,56.7,858.1,79.875,3935,253,3436,455,1304,1176
523466,908.98,55.875,857.54,77.85,3934,245,3431,434,1304,1179
523468,909.62,56.85,856.42,80.025,3941,256,3420,456,1303,1175
523470,909.46,56.25,856.98,78.75,3939,250,3425,443,1305,1178
523472,909.22,55.125,856.5,78.225,3938,238,3422,438,1304,1173
523474,909.78,55.275,857.7,78.075,3943,240,3433,437,1301,1175
523476,909.78,55.725,857.78,78.6,3944,245,3434,443,1301,1170
523478,909.46,55.275,857.22,77.4,3941,240,3429,430,1303,1175
523480,909.3,55.275,858.34,77.925,3940,240,3440,437,1301,1175
523482,908.42,55.65,858.58,76.5,3931,243,3443,422,1301,1182
523484,908.82,55.5,858.26,77.1,3935,242,3440,428,1299,1179
523486,909.46,55.5,858.58,77.625,3941,242,3443,434,1301,1178
523488,909.06,54.75,858.02,75.975,3938,235,3438,417,1303,1180
523490,908.9,54.525,858.5,76.8,3936,233,3443,425,1302,1180
523492,908.74,54.45,858.42,76.575,3935,232,3443,423,1302,1178
523494,908.82,54.525,858.1,75,3936,232,3440,407,1302,1182
523496,908.74,54.675,858.1,77.4,3936,234,3440,431,1300,1173
523498,908.82,54.45,857.78,76.05,3936,232,3437,418,1302,1182
523500,908.74,54.45,858.18,75.375,3936,232,3441,411,1302,1178
523502,908.82,54.3,858.34,76.5,3937,231,3443,423,1299,1177
523504,908.9,54.375,858.74,77.55,3938,231,3446,433,1301,1175
523506,908.1,54.3,856.98,76.125,3930,230,3430,418,1300,1175
523508,908.42,54.075,858.26,76.5,3934,228,3442,422,1302,1174
523510,908.58,54.675,858.9,76.125,3935,234,3448,419,1300,1175
523512,907.86,54.3,858.1,75.975,3928,229,3441,417,1299,1175
523514,908.18,54.375,858.02,76.05,3931,231,3440,418,1301,1181
523516,908.1,54.45,858.1,78.075,3931,231,3440,438,1300,1174
523518,907.7,54.675,857.94,76.95,3927,233,3439,426,1298,1176
523520,908.42,54.15,857.62,78,3934,228,3436,437,1300,1180
523522,908.02,54.375,858.74,78.75,3930,231,3447,445,1300,1169
523524,907.86,54.3,857.38,77.55,3928,230,3434,432,1299,1171
523526,907.86,53.85,857.46,78.9,3929,225,3434,446,1300,1170
523528,908.26,55.425,857.7,78.15,3932,241,3437,438,1298,1170
523530,907.7,54.675,857.22,77.025,3927,233,3433,427,1298,1173
523532,908.1,54.45,856.58,77.85,3931,231,3426,435,1300,1172
523534,908.18,54.45,857.78,78.975,3931,231,3438,447,1299,1164
523536,908.26,54.9,857.46,76.5,3932,237,3435,422,1298,1169
523538,907.78,54.3,856.9,77.175,3928,229,3429,428,1299,1170
523540,908.5,55.275,857.54,77.775,3934,241,3435,435,1297,1167
523542,908.82,55.275,857.7,79.05,3937,241,3436,449,1298,1169
523544,907.7,54.675,857.78,78.525,3927,233,3437,443,1298,1168
523546,908.1,54.3,856.02,77.775,3930,230,3420,434,1302,1168
523548,907.62,54.9,858.02,78.675,3926,236,3439,445,1300,1171
523550,907.54,54.375,857.38,78.375,3925,230,3433,441,1300,1167
523552,907.86,54.225,857.46,78,3928,229,3434,438,1299,1170
523554,908.58,54.975,858.66,77.925,3935,238,3445,438,1299,1168
523556,907.86,54.15,857.38,76.575,3928,229,3433,424,1299,1168
523558,907.78,54.675,857.62,77.25,3927,235,3435,430,1302,1175
523560,908.02,55.05,857.06,78.45,3930,238,3430,443,1299,1161
523562,907.86,54.15,856.98,75.825,3928,229,3430,416,1299,1171
523564,907.54,54.075,857.14,77.625,3925,228,3431,435,1298,1170
523566,907.14,54.6,857.06,77.625,3921,234,3430,435,1298,1172
523568,907.46,54,856.9,76.05,3925,228,3430,418,1298,1171
523570,907.78,53.85,857.22,75.75,3928,227,3433,416,1302,1171
523572,907.62,54.45,857.86,76.2,3926,233,3439,421,1300,1172
523574,907.54,53.7,857.62,77.625,3926,226,3437,436,1301,1167
523576,907.78,53.55,856.66,77.025,3929,225,3428,429,1300,1167
523578,907.94,53.925,857.7,77.7,3930,228,3437,437,1302,1169
523580,907.62,54.375,857.7,75.375,3927,233,3438,413,1298,1175
523582,908.02,54.45,856.66,76.425,3930,234,3428,423,1301,1172
523584,907.94,54.225,856.5,75.9,3930,231,3426,418,1300,1169
523586,907.3,54.3,857.78,77.475,3924,232,3438,435,1304,1172
523588,907.54,54.225,857.94,78.45,3927,231,3440,445,1303,1167
523590,907.38,54.075,858.18,75.225,3925,230,3444,412,1300,1182
523592,907.38,54.9,858.18,77.1,3925,238,3444,431,1305,1176
523594,907.38,54.9,858.34,77.025,3926,238,3445,431,1305,1175
523596,906.9,55.275,857.62,75.975,3921,242,3439,420,1305,1175
523598,907.06,54.675,858.02,76.95,3923,237,3442,430,1305,1177
523600,907.22,54.975,858.18,77.175,3924,240,3444,433,1307,1177
523602,907.06,55.95,858.18,74.925,3923,249,3445,409,1308,1184
523604,906.66,55.5,857.54,77.475,3919,244,3438,435,1306,1174
523606,906.9,56.025,857.38,77.475,3921,250,3436,436,1306,1171
523608,907.22,55.8,857.94,76.8,3924,248,3441,429,1305,1174
523610,906.74,55.575,857.14,77.775,3920,246,3433,439,1306,1172
523612,906.9,55.425,857.7,78,3921,244,3439,441,1305,1169
523614,907.54,55.575,856.58,78,3927,247,3428,440,1305,1166
523616,906.82,55.5,857.3,78.3,3920,245,3435,444,1307,1171
523618,907.14,55.2,857.06,77.775,3923,242,3433,438,1304,1167
523620,906.98,54.675,857.06,76.8,3921,237,3432,429,1306,1175
523622,906.98,55.95,856.34,78.075,3921,250,3426,441,1306,1171
523624,906.5,55.5,855.38,79.35,3917,245,3415,454,1307,1166
523626,904.02,56.1,854.1,76.425,3893,249,3404,423,1306,1174
523628,899.62,56.625,850.58,76.875,3850,252,3370,425,1305,1176
523630,892.74,56.7,843.14,74.1,3784,248,3298,392,1306,1174
523632,884.58,57.3,833.22,71.475,3704,248,3203,358,1308,1168
523634,872.66,54.225,824.1,68.7,3590,209,3115,324,1316,1167
523636,863.14,53.475,812.42,68.7,3499,195,3001,316,1318,1166
523638,854.18,51.75,804.58,68.25,3412,172,2926,307,1322,1168
523640,850.1,50.1,797.62,68.55,3374,152,2858,305,1319,1172
523642,847.22,48.525,795.46,69,3346,134,2836,307,1314,1180
523644,845.7,46.35,793.54,67.875,3332,111,2818,295,1311,1174
523646,845.22,44.625,790.9,65.85,3328,93,2793,273,1310,1175
523648,844.34,43.725,788.58,65.55,3320,83,2771,268,1308,1175
523650,843.38,43.275,785.94,63.525,3311,78,2745,245,1305,1176
523652,841.94,44.1,784.82,64.05,3297,86,2735,250,1310,1173
523654,841.62,45.675,783.7,62.625,3293,101,2725,235,1308,1173
523656,841.7,46.575,783.78,63.825,3293,110,2725,247,1305,1171
523658,842.42,46.35,782.66,63.225,3301,108,2715,239,1308,1178
523660,842.9,45.825,783.14,63.3,3306,103,2719,240,1316,1179
523662,843.06,45.3,783.06,63.9,3308,98,2718,247,1315,1179
523664,843.38,45.15,783.46,63.45,3311,97,2723,242,1317,1179
523666,842.82,44.85,782.5,63.225,3306,93,2714,239,1317,1179
523668,841.46,44.55,783.38,62.625,3293,89,2722,234,1314,1178
523670,841.22,44.7,783.38,61.8,3290,90,2723,225,1315,1181
523672,839.78,44.85,782.58,62.7,3277,90,2714,233,1312,1178
523674,840.58,45,782.74,62.325,3284,93,2717,230,1313,1184
523676,839.54,44.625,783.38,63.9,3274,88,2722,247,1313,1182
523678,840.1,43.5,783.86,62.7,3280,77,2727,235,1316,1181
523680,839.62,44.625,783.38,61.8,3275,88,2723,225,1313,1181
523682,840.1,44.1,782.9,62.1,3280,83,2718,227,1317,1181
523684,839.3,44.325,783.3,61.425,3272,85,2722,221,1316,1180
523686,839.38,44.175,781.86,61.125,3273,83,2708,217,1315,1188
523688,838.9,43.8,782.82,61.5,3268,80,2717,221,1315,1186
523690,838.02,43.875,782.74,59.175,3260,79,2718,198,1317,1199
523692,838.1,43.35,782.9,60.9,3261,74,2718,216,1318,1191
523694,838.5,43.275,782.58,59.775,3264,74,2716,204,1317,1192
523696,839.38,43.125,782.74,60.45,3273,73,2716,211,1315,1194
523698,839.86,42.975,781.54,60.3,3277,72,2705,209,1319,1189
523700,838.9,42.675,781.54,59.475,3268,68,2705,200,1319,1189
523702,838.66,42.675,781.62,60.45,3266,68,2705,210,1318,1188
523704,838.26,43.275,783.14,59.025,3261,74,2721,197,1317,1190
523706,837.78,42.75,781.94,58.5,3257,68,2709,191,1319,1186
523708,837.86,42.6,782.66,59.1,3257,67,2716,198,1321,1192
523710,837.7,41.175,783.38,59.625,3257,52,2722,203,1322,1186
523712,838.58,41.775,782.1,57.375,3264,59,2710,180,1319,1192
523714,838.1,40.575,782.42,58.125,3260,47,2713,187,1320,1188
523716,837.22,40.425,783.3,57.225,3251,45,2722,179,1324,1189
523718,837.38,39.9,782.26,57.75,3253,40,2712,184,1320,1188
523720,837.94,40.725,782.1,56.925,3258,49,2710,176,1321,1192
523722,837.06,40.8,782.18,56.1,3250,48,2711,167,1320,1189
523724,837.78,40.05,782.18,55.425,3257,42,2711,160,1321,1192
523726,836.98,40.125,782.58,55.65,3249,42,2715,163,1321,1197
523728,836.82,41.775,783.14,57.675,3246,59,2719,184,1320,1193
523730,837.22,39.975,782.82,57.075,3251,41,2717,178,1321,1195
523732,836.74,40.725,782.42,54.9,3246,48,2714,156,1323,1198
523734,836.26,41.1,782.26,57.45,3241,52,2711,181,1324,1195
523736,836.1,40.875,782.5,59.4,3240,50,2713,201,1321,1192
523738,836.18,41.1,781.46,55.8,3241,52,2704,164,1320,1193
523740,836.58,41.175,782.58,57.825,3244,53,2714,185,1325,1204
523742,836.34,40.95,782.98,58.725,3242,50,2718,195,1324,1196
523744,835.62,41.025,782.58,56.55,3235,51,2714,173,1323,1204
523746,835.46,41.325,782.66,57.45,3233,53,2715,182,1325,1203
523748,836.18,41.625,782.34,60.15,3241,58,2711,210,1322,1199
523750,835.3,41.925,781.7,57.075,3232,60,2706,178,1322,1202
523752,835.46,41.175,782.34,57.675,3233,53,2712,185,1325,1204
523754,835.7,41.85,782.9,58.8,3235,60,2717,197,1322,1202
523756,835.54,41.775,783.3,58.95,3234,60,2720,199,1323,1201
523758,835.3,42.15,784.34,57.375,3231,63,2732,183,1326,1205
523760,836.02,41.25,782.66,56.775,3239,55,2715,177,1325,1207
523762,834.82,41.475,783.14,57.3,3228,57,2719,183,1323,1205
523764,835.14,42,783.78,57,3230,63,2726,180,1326,1208
523766,835.54,41.625,782.9,57.375,3234,59,2717,183,1325,1207
523768,835.46,41.475,783.78,57.675,3233,58,2725,187,1325,1203
523770,834.9,41.625,783.78,55.425,3227,59,2726,165,1328,1212
523772,835.14,41.55,783.78,57.15,3230,58,2725,182,1326,1205
523774,834.98,41.475,784.26,56.1,3228,57,2731,172,1327,1208
523776,835.86,41.4,785.86,56.025,3237,57,2745,173,1330,1209
523778,835.94,41.1,785.22,55.875,3237,54,2740,170,1328,1208
523780,836.18,40.725,785.38,54.3,3239,51,2742,154,1327,1210
523782,835.38,41.025,785.38,54.9,3231,54,2741,160,1332,1213
523784,835.3,40.425,784.74,53.325,3230,47,2735,144,1329,1208
523786,835.38,40.575,785.94,53.775,3231,49,2747,150,1330,1211
523788,836.02,40.8,786.34,53.25,3237,51,2751,145,1330,1216
523790,835.22,40.35,785.3,52.35,3230,46,2741,135,1332,1221
523792,835.22,40.8,785.7,52.8,3229,50,2744,139,1332,1225
523794,834.9,39.975,786.18,53.775,3226,42,2748,149,1332,1221
523796,835.3,39.825,785.86,52.125,3231,40,2746,131,1334,1222
523798,834.42,40.2,785.54,51.375,3222,44,2744,124,1335,1223
523800,834.18,39.375,785.54,52.875,3220,34,2743,139,1336,1221
523802,833.94,39.75,785.54,51.3,3217,37,2743,123,1335,1224
523804,833.86,39.45,785.46,52.275,3216,34,2742,132,1337,1222
523806,834.1,38.925,785.62,51.825,3219,29,2743,127,1338,1220
523808,834.18,40.275,785.46,51.75,3219,42,2742,125,1336,1223
523810,833.22,39.975,785.22,52.575,3210,38,2740,134,1335,1219
523812,832.34,39.825,784.82,52.2,3201,35,2736,128,1333,1218
523814,832.9,39.3,784.66,52.2,3207,30,2734,128,1338,1217
523816,832.66,39.6,784.58,52.65,3204,32,2733,132,1336,1221
523818,832.18,39.3,784.9,52.05,3200,28,2737,126,1336,1219
523820,832.5,39.225,783.54,52.35,3203,27,2723,127,1340,1215
523822,831.78,39.75,784.98,53.175,3196,32,2736,136,1338,1221
523824,831.54,39.45,784.9,53.1,3194,28,2736,135,1335,1219
523826,831.7,40.125,784.42,51.975,3195,35,2731,123,1337,1223
523828,832.34,40.425,784.1,52.8,3201,37,2728,130,1335,1222
523830,830.82,39.9,784.58,52.725,3186,31,2733,130,1338,1220
523832,830.74,39.975,784.82,53.025,3185,31,2735,133,1340,1223
523834,831.54,40.8,784.66,52.8,3193,40,2733,130,1336,1221
523836,830.34,40.125,784.5,52.725,3181,31,2732,128,1340,1224
523838,830.26,39.975,785.46,52.65,3181,30,2741,128,1340,1221
523840,830.5,40.35,785.14,52.35,3183,33,2738,124,1340,1225
523842,830.82,39.825,784.58,52.575,3186,28,2733,126,1341,1222
523844,830.34,40.65,785.7,53.325,3181,36,2742,134,1340,1225
523846,830.26,39.525,785.22,51.825,3180,24,2738,119,1340,1223
523848,831.3,39.9,784.9,53.25,3190,28,2735,133,1343,1225
523850,830.1,40.35,784.58,53.775,3178,32,2731,138,1341,1225
523852,830.26,39.6,785.06,52.35,3180,24,2736,123,1340,1224
523854,830.5,40.2,785.7,51.6,3182,31,2743,116,1342,1228
523856,830.26,40.05,786.42,51.975,3180,29,2750,120,1342,1224
523858,830.42,40.125,785.46,52.8,3181,30,2740,128,1344,1225
523860,830.98,39.9,785.3,51.675,3186,28,2738,117,1344,1231
523862,830.1,39.6,785.62,51.9,3178,24,2741,119,1345,1226
523864,828.42,41.025,783.38,52.275,3160,37,2720,121,1346,1224
523866,822.74,42.3,778.98,53.4,3105,47,2676,130,1346,1227
523868,812.66,46.8,771.78,52.05,3006,85,2606,112,1348,1225
523870,796.18,50.175,757.86,53.025,2844,109,2470,112,1353,1219
523872,777.38,55.125,738.82,53.55,2659,147,2284,104,1356,1219
523874,754.82,60.375,716.26,57,2437,185,2062,124,1361,1228
523876,731.22,63.975,694.42,58.575,2205,207,1847,126,1365,1236
523878,704.98,66.375,668.74,59.925,1947,213,1594,122,1376,1246
523880,680.9,66.975,644.74,58.35,1710,203,1358,90,1383,1242
523882,655.54,66.3,620.58,56.55,1460,179,1120,55,1392,1247
523884,632.18,68.7,596.1,58.65,1229,188,878,60,1389,1249
523886,607.14,68.775,570.9,60.75,981,172,627,64,1380,1250
523888,581.46,72.75,546.26,63.15,725,196,381,72,1374,1246
523890,558.42,75.45,522.26,64.8,494,208,141,73,1369,1254
523892,535.78,82.425,497.86,67.05,264,265,-103,79,1366,1246
523894,514.26,84.675,475.38,70.35,49,273,-330,98,1367,1242
523896,496.1,89.175,454.26,71.25,-135,309,-542,93,1364,1240
523898,478.1,93,432.26,73.275,-318,336,-764,99,1367,1237
523900,462.02,96.3,413.62,74.55,-481,360,-953,100,1366,1239
523902,450.5,98.925,396.5,77.55,-599,379,-1127,119,1365,1240
523904,441.54,100.35,383.94,76.8,-690,389,-1253,103,1366,1241
523906,435.46,102.6,376.02,77.85,-753,407,-1334,109,1366,1239
523908,434.1,100.5,371.94,79.05,-765,386,-1375,119,1364,1238
523910,434.42,100.05,371.3,79.875,-761,381,-1382,128,1364,1243
523912,435.86,99.525,373.7,75.675,-745,378,-1354,85,1367,1244
523914,436.42,96.975,375.94,74.1,-737,351,-1331,71,1371,1246
523916,437.62,96.525,377.38,73.35,-725,348,-1315,65,1370,1247
523918,436.74,96.525,377.38,72.975,-733,347,-1314,61,1370,1244
523920,433.94,98.25,377.38,74.325,-763,364,-1315,76,1366,1241
523922,432.02,98.7,373.7,72.6,-782,367,-1351,55,1367,1241
523924,432.18,98.625,372.5,74.025,-780,367,-1364,70,1368,1241
523926,431.14,98.55,371.86,73.5,-790,366,-1369,64,1367,1243
523928,431.38,98.925,372.26,74.625,-787,370,-1366,76,1365,1239
523930,432.18,98.25,372.58,74.55,-779,364,-1362,76,1371,1240
523932,432.34,97.5,372.98,75.15,-775,357,-1357,83,1372,1240
523934,432.42,97.65,373.78,75.525,-775,359,-1350,87,1368,1240
523936,431.54,96.975,373.3,74.85,-783,351,-1353,80,1371,1239
523938,431.38,97.875,374.34,73.875,-785,360,-1342,71,1369,1242
523940,431.06,96.825,374.34,73.5,-786,350,-1341,67,1368,1242
523942,430.1,97.35,374.74,74.175,-796,354,-1338,75,1374,1242
523944,430.5,97.425,374.58,74.85,-792,356,-1339,82,1373,1242
523946,429.62,96.675,375.54,73.575,-800,347,-1328,69,1373,1242
523948,430.5,97.8,374.26,72.9,-792,360,-1340,61,1372,1243
523950,429.62,97.875,374.9,73.5,-801,360,-1334,69,1377,1246
523952,428.5,96.15,376.18,73.425,-809,342,-1320,69,1377,1246
523954,428.82,95.925,375.62,73.425,-807,339,-1326,68,1377,1246
523956,428.98,96.3,375.3,72,-804,344,-1328,54,1379,1246
523958,428.34,95.025,376.42,72.3,-810,330,-1317,57,1381,1249
523960,427.94,95.475,376.58,71.625,-814,335,-1314,51,1374,1249
523962,427.62,94.125,376.26,71.025,-816,320,-1317,44,1380,1252
523964,426.82,95.025,376.66,69.9,-824,329,-1311,33,1378,1250
523966,426.34,93.3,375.78,69.075,-828,311,-1319,24,1376,1249
523968,427.3,92.625,375.7,69.6,-817,304,-1320,29,1378,1251
523970,426.42,93,376.58,69.3,-826,307,-1311,26,1377,1250
523972,427.14,93.075,376.02,70.35,-819,308,-1317,37,1380,1246
523974,426.34,91.575,375.54,68.4,-826,292,-1320,16,1378,1255
523976,425.62,91.875,377.06,68.925,-833,295,-1305,22,1380,1249
523978,425.7,92.25,375.62,68.625,-832,299,-1320,19,1385,1250
523980,425.38,91.95,376.58,68.4,-835,295,-1309,17,1384,1250
523982,425.3,90,376.34,67.8,-834,275,-1311,10,1383,1250
523984,425.06,91.65,376.02,67.725,-838,292,-1314,9,1384,1254
523986,424.66,90.75,376.42,67.5,-842,282,-1310,7,1380,1249
523988,424.18,90.75,375.22,67.65,-846,282,-1323,7,1384,1251
523990,423.7,90.6,376.34,66.975,-851,280,-1311,1,1380,1258
523992,424.02,90.075,376.34,67.575,-848,274,-1311,7,1384,1256
523994,422.82,91.2,376.26,67.275,-861,285,-1312,4,1380,1254
523996,423.06,90.075,375.78,66.675,-858,273,-1317,-2,1378,1258
523998,422.66,89.925,376.66,66.825,-861,271,-1307,0,1386,1254
524000,422.5,90.075,376.1,67.575,-863,273,-1314,7,1381,1257
524002,422.5,90,375.54,67.8,-863,272,-1320,8,1380,1255
524004,422.58,89.625,375.94,66.45,-862,267,-1315,-5,1384,1257
524006,421.62,90.525,375.54,66.375,-872,277,-1319,-6,1381,1255
524008,421.7,89.7,376.1,67.2,-872,268,-1314,2,1383,1255
524010,422.1,89.7,376.42,66.825,-867,268,-1310,-1,1383,1258
524012,421.62,89.325,376.18,65.475,-872,263,-1312,-15,1382,1261
524014,421.38,89.7,376.18,65.925,-875,267,-1313,-10,1384,1257
524016,420.9,89.325,375.62,66.3,-879,263,-1319,-7,1382,1257
524018,421.46,89.55,376.9,65.625,-874,265,-1305,-13,1384,1258
524020,420.82,89.55,376.34,66.675,-881,265,-1312,-3,1383,1256
524022,421.7,89.325,376.02,66.225,-872,263,-1315,-8,1384,1259
524024,421.38,89.925,376.18,65.775,-876,269,-1313,-12,1387,1258
524026,420.74,89.325,376.26,66.225,-881,263,-1312,-8,1386,1258
524028,420.74,89.475,377.06,66.3,-882,264,-1305,-7,1385,1259
524030,421.38,89.1,375.62,65.175,-875,260,-1318,-19,1388,1259
524032,420.42,89.925,376.26,65.55,-886,268,-1313,-14,1386,1256
524034,420.18,89.175,377.94,65.625,-887,260,-1295,-12,1388,1260
524036,419.7,89.325,376.02,65.25,-893,262,-1315,-17,1390,1260
524038,420.26,89.25,377.3,65.85,-887,261,-1302,-11,1389,1258
524040,420.9,89.475,377.86,65.025,-881,264,-1296,-19,1386,1256
524042,420.66,89.85,376.82,65.7,-884,268,-1307,-13,1389,1259
524044,421.22,89.25,377.86,65.325,-877,262,-1297,-16,1390,1257
524046,420.1,88.95,378.02,65.625,-888,259,-1295,-12,1390,1258
524048,420.1,89.175,377.7,65.7,-889,261,-1299,-11,1391,1258
524050,419.38,88.725,376.34,65.1,-896,256,-1312,-19,1389,1261
524052,420.18,88.2,377.3,64.8,-888,251,-1303,-20,1389,1260
524054,419.14,88.05,376.26,65.25,-898,249,-1314,-17,1394,1261
524056,419.14,87.675,377.22,64.575,-898,246,-1304,-23,1392,1259
524058,419.38,88.425,376.18,63.525,-897,254,-1314,-34,1394,1265
524060,419.06,88.125,375.94,65.175,-900,250,-1317,-17,1392,1260
524062,419.06,88.2,377.14,64.875,-900,251,-1305,-20,1390,1262
524064,419.38,88.5,375.46,65.25,-897,254,-1322,-17,1392,1259
524066,418.66,87.825,376.34,65.1,-904,247,-1313,-18,1393,1263
524068,418.02,88.275,376.66,64.35,-911,251,-1310,-25,1392,1261
524070,418.66,87.675,376.42,64.875,-903,246,-1312,-19,1393,1258
524072,418.9,88.125,376.58,64.725,-902,250,-1311,-21,1392,1265
524074,418.18,88.125,375.94,64.725,-909,250,-1317,-21,1393,1261
524076,418.02,87.225,375.78,64.35,-910,241,-1319,-25,1396,1261
524078,417.06,87.375,376.34,64.35,-920,242,-1313,-25,1399,1261
524080,417.3,86.175,376.26,64.05,-918,229,-1315,-28,1400,1262
524082,417.7,86.775,375.3,64.725,-914,235,-1324,-22,1402,1263
524084,417.86,86.85,376.42,64.65,-913,236,-1314,-22,1400,1262
524086,416.82,86.625,376.74,63.9,-923,234,-1310,-30,1397,1260
524088,417.78,87.3,376.02,64.2,-914,241,-1318,-27,1399,1261
524090,417.3,87,376.5,63.3,-919,238,-1312,-36,1401,1262
524092,418.1,86.1,376.1,63.675,-910,229,-1317,-32,1400,1263
524094,416.58,86.25,376.18,63.825,-926,229,-1316,-31,1400,1264
524096,416.82,86.25,375.38,64.125,-923,229,-1325,-29,1401,1264
524098,417.86,86.4,375.54,63.6,-913,232,-1322,-34,1400,1263
524100,417.22,85.875,376.58,63.225,-919,225,-1312,-37,1401,1262
524102,416.66,86.025,376.02,63.525,-925,226,-1318,-35,1400,1261
524104,417.06,86.1,376.34,63.975,-921,227,-1315,-30,1400,1262
524106,416.9,85.875,376.26,62.85,-922,225,-1314,-42,1402,1264
524108,416.9,85.875,376.58,63,-922,224,-1312,-40,1399,1263
524110,417.62,85.65,376.42,62.7,-915,222,-1313,-43,1399,1266
524112,417.14,85.2,376.42,63.15,-920,217,-1314,-40,1399,1262
524114,416.74,84.975,376.02,62.1,-924,214,-1317,-51,1398,1266
524116,417.62,85.5,376.18,62.55,-915,220,-1316,-46,1401,1263
524118,416.66,85.05,375.86,62.775,-925,215,-1319,-44,1397,1268
524120,416.66,85.725,376.18,62.7,-926,222,-1317,-45,1401,1265
524122,417.06,86.1,375.3,61.65,-922,226,-1325,-56,1401,1260
524124,417.22,84.525,376.26,63,-920,209,-1316,-42,1398,1262
524126,416.82,85.2,376.74,62.4,-924,216,-1310,-48,1399,1263
524128,417.94,86.25,376.98,62.7,-914,228,-1309,-45,1401,1262
524130,417.38,85.125,376.66,63.525,-918,216,-1312,-36,1402,1259
524132,417.06,85.65,376.42,63.45,-922,220,-1314,-38,1400,1261
524134,416.98,85.425,376.74,62.625,-922,218,-1310,-46,1403,1264
524136,417.22,85.725,376.5,63.825,-920,221,-1314,-34,1402,1260
524138,416.74,85.5,376.26,62.175,-925,218,-1315,-51,1402,1265
524140,417.14,85.275,377.38,62.55,-920,216,-1304,-47,1398,1264
524142,417.22,85.575,376.5,62.775,-919,220,-1313,-45,1399,1263
524144,416.98,85.425,376.82,62.7,-922,218,-1310,-45,1403,1263
524146,416.98,85.425,376.42,63.675,-922,218,-1314,-36,1403,1263
524148,417.22,85.5,375.7,63.975,-919,219,-1322,-33,1403,1261
524150,416.58,84.375,375.94,63.075,-925,207,-1319,-42,1400,1260
524152,416.82,85.2,376.9,63.375,-923,215,-1309,-38,1403,1260
524154,416.74,84.225,376.42,62.7,-923,205,-1313,-46,1405,1266
524156,416.5,85.125,377.14,62.85,-926,215,-1306,-44,1406,1261
524158,416.82,85.2,377.3,62.475,-923,216,-1304,-48,1403,1261
524160,417.3,85.05,376.34,62.85,-918,215,-1314,-44,1404,1259
524162,416.82,84.675,376.18,62.55,-923,210,-1315,-47,1399,1260
524164,416.74,85.05,377.3,62.625,-923,214,-1304,-45,1404,1257
524166,417.3,85.05,376.5,61.95,-918,215,-1311,-53,1404,1262
524168,417.06,84.3,376.58,62.475,-919,207,-1311,-47,1403,1256
524170,416.82,84.75,376.82,61.275,-922,211,-1308,-60,1405,1261
524172,416.5,84.6,377.22,61.875,-925,210,-1303,-53,1406,1259
524174,417.06,83.1,376.66,61.8,-917,195,-1309,-54,1407,1259
524176,416.82,83.925,377.54,61.575,-920,203,-1300,-56,1406,1256
524178,416.5,83.25,376.98,61.2,-923,195,-1305,-60,1408,1262
524180,416.58,82.65,376.74,62.7,-921,190,-1308,-44,1408,1257
524182,416.58,83.025,376.66,61.875,-922,194,-1308,-53,1407,1255
524184,416.9,83.25,375.86,61.575,-918,196,-1316,-56,1406,1256
524186,416.42,81.675,377.3,62.325,-922,180,-1302,-48,1408,1258
524188,415.94,82.95,376.82,61.875,-928,192,-1306,-53,1402,1257
524190,416.58,81.75,377.22,61.95,-920,180,-1301,-51,1409,1257
524192,415.86,83.025,376.5,60.975,-928,194,-1308,-62,1406,1257
524194,415.14,82.05,376.9,61.5,-934,183,-1304,-56,1407,1255
524196,416.82,81.45,376.5,61.8,-917,178,-1308,-53,1407,1255
524198,416.02,82.5,376.18,61.65,-925,188,-1311,-55,1407,1254
524200,415.46,82.2,376.9,61.275,-930,185,-1303,-58,1407,1254
524202,415.78,82.425,376.02,61.275,-927,187,-1312,-59,1406,1251
524204,416.1,82.275,375.54,61.35,-924,186,-1316,-59,1402,1251
524206,415.78,80.85,376.26,61.65,-926,171,-1309,-55,1407,1254
524208,415.78,82.2,375.62,62.325,-927,185,-1316,-49,1403,1248
524210,415.3,83.4,376.5,62.325,-932,198,-1307,-48,1405,1251
524212,417.46,85.05,377.62,66.375,-911,217,-1299,-5,1403,1252
524214,421.06,87.525,380.34,71.175,-877,245,-1275,46,1412,1254
524216,426.74,94.425,382.98,85.8,-824,320,-1259,200,1405,1247
524218,436.34,104.925,387.78,97.725,-735,437,-1221,328,1406,1252
524220,445.46,118.05,394.26,113.4,-652,580,-1166,497,1413,1263
524222,454.98,126.6,399.94,130.125,-563,676,-1122,676,1424,1262
524224,462.82,135.15,405.62,138.75,-489,771,-1070,770,1437,1271
524226,470.9,144.225,410.98,148.35,-414,872,-1024,876,1449,1289
524228,478.1,150.75,414.5,155.025,-346,946,-992,948,1453,1293
524230,483.62,156.45,417.7,159.225,-294,1009,-964,994,1455,1293
524232,489.78,161.7,420.9,167.475,-235,1068,-937,1084,1455,1285
524234,493.54,166.425,423.94,170.025,-201,1121,-908,1113,1468,1284
524236,494.9,169.5,424.42,171,-189,1154,-904,1124,1472,1288
524238,496.1,171.15,425.3,172.725,-178,1173,-896,1142,1476,1285
524240,496.5,171.075,423.86,172.95,-174,1172,-911,1144,1475,1286
524242,495.06,169.575,424.26,169.5,-187,1155,-904,1108,1475,1283
524244,493.54,167.925,424.1,169.35,-201,1137,-905,1107,1473,1279
524246,492.74,165.375,424.82,166.575,-208,1110,-896,1077,1468,1279
524248,491.38,163.35,425.3,165.975,-220,1087,-890,1071,1462,1279
524250,490.26,161.25,426.9,166.95,-230,1065,-874,1083,1448,1274
524252,489.54,162.9,427.62,168.225,-238,1082,-869,1097,1449,1272
524254,489.14,163.65,427.7,168.9,-242,1089,-868,1104,1447,1272
524256,488.42,165,428.18,170.85,-250,1104,-864,1126,1446,1273
524258,488.74,165.3,427.62,171.525,-247,1106,-870,1132,1447,1271
524260,488.98,167.85,428.9,171.75,-245,1134,-857,1135,1450,1275
524262,489.06,168.3,428.5,171.45,-246,1138,-861,1132,1453,1273
524264,489.46,169.2,428.5,169.875,-242,1149,-859,1115,1455,1273
524266,489.38,167.775,429.3,170.7,-241,1134,-852,1125,1454,1273
524268,488.66,166.95,430.1,171.525,-248,1125,-843,1134,1451,1270
524270,488.1,168,430.82,171,-254,1135,-836,1129,1452,1271
524272,488.26,167.55,430.1,170.25,-252,1131,-843,1122,1453,1267
524274,487.78,166.95,430.82,170.475,-257,1124,-835,1124,1452,1270
524276,488.18,167.25,431.54,170.175,-252,1128,-828,1122,1454,1267
524278,487.62,166.425,431.22,169.725,-257,1119,-831,1117,1452,1267
524280,487.14,166.65,432.26,170.475,-262,1121,-820,1126,1452,1264
524282,487.46,166.125,432.58,170.025,-258,1116,-817,1121,1455,1271
524284,487.22,166.8,433.38,170.325,-260,1123,-808,1125,1451,1269
524286,486.58,166.05,432.98,170.55,-267,1115,-812,1127,1453,1266
524288,486.9,166.95,433.38,171.075,-263,1125,-808,1133,1450,1268
524290,486.66,165.75,433.22,169.5,-265,1112,-809,1116,1454,1276
524292,486.74,166.425,433.54,169.35,-264,1120,-805,1115,1453,1277
524294,486.42,165,433.46,169.8,-266,1104,-805,1120,1448,1272
524296,485.94,164.775,432.82,170.4,-271,1102,-812,1126,1448,1270
524298,485.38,165,434.02,169.575,-277,1103,-799,1118,1449,1269
524300,485.22,164.1,433.7,170.325,-277,1094,-803,1126,1449,1268
524302,485.7,165.6,433.78,169.875,-273,1110,-802,1121,1452,1264
524304,486.1,165.9,433.86,169.95,-270,1114,-801,1122,1452,1263
524306,485.94,163.8,434.18,170.55,-270,1091,-798,1129,1445,1266
524308,485.78,166.125,434.34,170.475,-272,1116,-797,1128,1451,1261
524310,485.3,166.125,434.74,170.325,-278,1116,-792,1127,1451,1263
524312,485.86,164.625,436.1,169.35,-270,1101,-777,1117,1446,1266
524314,485.54,165.675,434.82,169.5,-274,1111,-791,1118,1452,1264
524316,485.3,165.525,435.22,168.675,-276,1110,-786,1110,1451,1268
524318,485.86,164.7,435.3,168,-270,1102,-784,1103,1445,1267
524320,485.06,164.55,435.7,169.275,-278,1100,-781,1117,1442,1265
524322,485.14,164.325,435.22,169.425,-277,1097,-786,1118,1442,1265
524324,485.86,163.575,435.22,169.35,-269,1090,-786,1117,1440,1265
524326,484.82,163.875,434.98,169.35,-279,1092,-788,1117,1444,1265
524328,484.02,165.15,435.54,169.2,-288,1105,-782,1116,1443,1262
524330,484.1,164.4,435.7,169.05,-287,1097,-781,1114,1444,1263
524332,484.18,163.8,435.06,168.825,-286,1091,-787,1112,1441,1263
524334,484.1,163.875,435.46,169.65,-287,1092,-783,1121,1444,1261
524336,484.02,163.725,434.82,168.975,-288,1090,-789,1114,1440,1268
524338,484.5,163.05,435.7,169.05,-282,1083,-780,1115,1438,1263
524340,486.42,161.325,438.18,165.525,-261,1066,-752,1079,1441,1266
524342,490.5,155.775,441.46,165.075,-216,1011,-719,1076,1440,1258
524344,497.38,149.625,447.62,157.425,-143,951,-651,1000,1447,1265
524346,504.34,139.2,456.02,147.6,-66,846,-558,902,1450,1270
524348,514.66,126.9,463.7,136.05,45,724,-473,786,1440,1262
524350,523.46,117.9,471.3,126.375,139,636,-389,689,1435,1258
524352,532.74,109.275,475.94,119.475,238,552,-338,620,1427,1245
524354,537.94,100.875,480.9,111.525,294,468,-282,540,1412,1234
524356,543.38,93.9,482.34,103.5,354,399,-262,458,1399,1226
524358,545.7,91.725,481.78,96.9,377,378,-264,389,1395,1224
524360,547.78,88.95,482.66,93.225,400,351,-252,351,1394,1219
524362,549.94,86.7,483.3,92.4,423,330,-246,343,1393,1215
524364,553.06,85.05,484.9,91.575,455,314,-229,335,1390,1214
524366,555.3,83.475,486.26,93,478,300,-216,352,1392,1213
524368,556.74,84.3,486.02,93.675,492,309,-219,358,1386,1218
524370,557.22,85.2,486.5,95.025,496,319,-215,372,1391,1219
524372,557.06,86.475,487.3,95.475,494,332,-208,377,1393,1221
524374,556.98,85.5,486.18,96.075,494,321,-219,383,1395,1219
524376,554.58,84,487.06,94.425,470,304,-210,366,1399,1223
524378,553.94,83.4,487.3,91.95,464,297,-206,341,1404,1229
524380,553.78,82.05,487.46,91.5,463,283,-204,336,1401,1224
524382,553.7,81.75,488.58,89.775,463,280,-192,319,1401,1230
524384,553.3,81.825,488.66,90.45,458,280,-192,326,1400,1228
524386,552.26,82.65,488.98,88.95,447,288,-187,310,1403,1239
524388,552.58,83.1,489.22,90.975,450,293,-186,332,1401,1237
524390,551.22,82.95,489.22,90.75,437,291,-186,330,1400,1235
524392,549.86,84.075,490.18,90.45,422,302,-177,327,1401,1234
524394,549.94,83.85,489.14,91.875,424,299,-188,341,1398,1223
524396,549.94,83.4,488.98,89.775,424,294,-188,319,1398,1230
524398,549.78,82.875,489.54,90.075,423,289,-183,323,1402,1230
524400,549.3,82.95,489.7,91.05,417,290,-182,333,1398,1229
524402,549.46,82.575,490.1,89.625,419,285,-177,318,1400,1231
524404,549.14,81.225,489.54,90.525,417,272,-183,327,1403,1229
524406,549.54,81.6,489.54,90.075,420,276,-183,323,1399,1232
524408,548.26,81.075,490.02,89.25,408,269,-178,314,1405,1230
524410,548.42,81.675,491.62,89.025,409,276,-162,313,1404,1230
524412,547.14,81.825,491.54,89.775,396,276,-163,321,1402,1229
524414,547.7,81.525,489.94,89.325,402,274,-179,315,1401,1232
524416,547.46,82.125,491.46,89.25,399,280,-164,315,1404,1232
524418,547.7,81.525,491.46,89.4,402,274,-164,317,1402,1232
524420,547.46,81.075,491.94,87.825,399,269,-159,301,1403,1234
524422,546.42,80.55,491.94,87.6,390,263,-158,298,1401,1232
524424,546.66,80.025,492.58,89.625,392,257,-153,320,1401,1232
524426,546.34,78.9,492.34,87.675,390,246,-154,300,1402,1234
524428,546.58,79.425,492.02,87.525,392,251,-158,298,1401,1237
524430,546.1,79.35,491.78,86.7,387,250,-159,289,1404,1235
524432,546.42,78.825,491.3,87.6,390,245,-165,298,1404,1234
524434,546.42,77.625,492.42,86.25,391,232,-153,284,1404,1235
524436,546.74,78,492.82,86.85,394,236,-149,291,1405,1238
524438,546.98,78.075,491.86,86.25,395,237,-158,285,1405,1235
524440,546.42,78.525,492.9,86.85,390,241,-149,291,1406,1234
524442,547.14,78.225,492.98,87.6,397,239,-149,299,1405,1234
524444,545.3,77.4,492.42,87.075,379,229,-154,293,1409,1237
524446,545.7,78.6,493.06,86.025,382,242,-147,283,1409,1239
524448,544.42,78.525,492.5,87.075,370,240,-153,294,1412,1235
524450,544.02,77.25,493.38,86.85,366,227,-145,291,1412,1239
524452,544.5,78.075,493.86,87.9,370,235,-141,303,1408,1238
524454,545.86,78.525,493.22,87.075,383,241,-147,294,1411,1244
524456,545.3,77.7,492.74,88.2,378,233,-152,305,1408,1235
524458,543.94,78.975,493.22,88.65,364,245,-148,310,1409,1240
524460,544.58,79.5,493.14,88.275,370,251,-149,307,1408,1236
524462,544.5,78.75,492.82,88.2,369,243,-152,305,1410,1238
524464,544.5,79.5,492.9,88.875,369,251,-151,313,1408,1242
524466,544.58,79.425,493.78,89.4,370,250,-142,319,1408,1241
524468,543.54,79.2,494.02,89.325,360,247,-140,319,1410,1239
524470,544.18,79.575,494.18,88.65,366,252,-138,312,1409,1242
524472,543.94,79.2,494.02,88.875,364,248,-140,315,1411,1242
524474,543.62,78.75,494.5,87.9,362,243,-134,305,1413,1240
524476,544.58,79.575,494.1,86.775,371,253,-137,293,1413,1246
524478,544.18,79.65,494.66,88.725,367,254,-133,314,1410,1244
524480,544.26,80.025,494.18,87.9,368,258,-137,305,1410,1242
524482,544.18,78.975,494.18,87.15,367,247,-137,297,1412,1244
524484,544.18,78.9,495.3,87.45,367,246,-125,301,1412,1247
524486,544.5,79.125,495.62,85.8,371,249,-121,284,1412,1258
524488,544.42,78.825,495.86,87.075,370,246,-119,298,1413,1255
524490,543.78,78,495.86,86.775,364,237,-119,295,1415,1254
524492,544.82,78,495.14,84.9,375,238,-124,275,1414,1256
524494,544.26,77.775,496.02,85.35,370,235,-116,280,1417,1255
524496,543.06,77.025,495.54,86.175,359,227,-121,288,1417,1254
524498,544.66,76.875,496.02,84.825,375,226,-115,275,1418,1255
524500,544.58,76.275,495.78,85.275,375,219,-117,279,1420,1253
524502,543.7,76.95,495.22,85.5,365,226,-123,281,1420,1249
524504,544.42,76.575,495.54,85.2,374,222,-119,278,1420,1253
524506,544.18,76.05,495.94,85.05,372,217,-115,276,1421,1252
524508,543.7,75.6,495.3,85.125,367,211,-121,277,1421,1250
524510,544.02,75.975,495.38,85.35,370,215,-120,279,1420,1252
524512,543.86,76.8,495.7,84.675,369,223,-116,271,1419,1255
524514,542.26,75.675,495.22,84.675,353,210,-121,271,1416,1252
524516,543.78,75.825,495.62,84.75,368,212,-117,272,1422,1253
524518,543.22,75.075,495.54,84.225,364,204,-117,266,1419,1254
524520,543.46,75.075,494.9,84.6,366,203,-124,269,1419,1252
524522,543.54,74.7,495.3,84.525,367,200,-120,268,1422,1252
524524,542.82,74.625,495.38,84.375,360,197,-120,265,1421,1254
524526,542.1,74.4,495.78,83.7,353,195,-115,259,1420,1254
524528,542.58,74.775,495.06,84.45,357,197,-123,265,1419,1253
524530,541.62,75.15,495.38,84.15,347,201,-119,262,1418,1255
524532,541.7,75.075,495.46,84.675,348,199,-119,267,1420,1253
524534,542.26,74.775,495.46,84.6,353,196,-119,266,1424,1257
524536,541.94,74.325,494.98,84.675,351,190,-124,266,1423,1255
524538,541.94,74.925,494.98,84.375,350,196,-124,263,1422,1254
524540,541.3,74.85,494.82,84.825,343,194,-126,266,1420,1252
524542,541.14,75.525,494.9,85.275,341,201,-126,271,1421,1254
524544,540.98,76.05,495.54,83.925,339,206,-119,256,1421,1260
524546,540.9,74.85,495.06,85.05,339,193,-124,268,1423,1255
524548,541.22,74.55,495.06,85.35,342,190,-124,270,1422,1256
524550,541.3,75.525,495.62,84.075,342,200,-119,258,1429,1256
524552,540.5,75.825,495.38,85.35,334,202,-122,270,1422,1256
524554,540.74,76.05,495.14,84.75,337,205,-124,264,1421,1257
524556,540.82,75.9,495.22,84.675,337,202,-123,262,1426,1258
524558,540.66,75.375,494.98,85.35,336,197,-126,269,1422,1254
524560,540.18,76.725,495.14,85.2,330,210,-125,267,1422,1260
524562,540.5,76.575,495.78,85.425,333,209,-119,270,1424,1258
524564,540.74,76.5,495.3,85.5,335,208,-124,270,1425,1255
524566,540.34,76.275,495.3,84.9,331,205,-123,264,1423,1259
524568,541.06,76.275,495.78,86.625,338,206,-119,282,1427,1259
524570,539.46,76.35,495.86,85.575,322,206,-118,271,1430,1263
524572,539.54,76.725,495.3,85.35,322,209,-124,268,1430,1258
524574,539.86,76.275,495.46,84.225,326,205,-121,257,1429,1260
524576,539.14,76.125,494.66,84.375,319,203,-130,258,1430,1260
524578,540.1,76.275,494.9,84.15,328,205,-127,256,1430,1263
524580,539.86,76.275,496.26,84.75,326,205,-114,263,1427,1259
524582,540.26,76.35,495.46,84.15,330,206,-122,256,1429,1268
524584,540.1,76.575,495.54,84.9,328,209,-121,265,1433,1268
524586,539.7,75.9,496.98,85.125,324,202,-107,268,1430,1267
524588,540.74,75.75,495.3,84.6,335,201,-123,262,1431,1269
524590,540.42,76.2,496.42,83.925,331,205,-112,255,1436,1268
524592,540.42,76.275,496.58,84.225,332,207,-110,259,1432,1268
524594,540.5,76.65,495.7,84.525,332,211,-119,261,1432,1274
524596,539.94,75.675,495.86,84.075,328,201,-117,257,1436,1271
524598,540.1,76.275,493.94,84.675,329,207,-137,263,1435,1270
524600,536.42,78,494.18,83.7,292,223,-133,253,1433,1271
524602,534.74,76.8,490.26,84.825,276,209,-173,262,1431,1272
524604,528.98,76.35,484.58,82.35,218,201,-229,233,1430,1269
524606,521.62,76.8,477.7,81.9,144,201,-297,224,1430,1269
524608,514.34,77.325,471.7,81.9,72,202,-357,220,1429,1269
524610,511.22,76.2,466.34,80.55,41,188,-410,202,1433,1269
524612,509.62,75.525,463.54,79.65,26,180,-436,191,1428,1270
524614,510.66,74.925,463.54,80.4,38,175,-437,199,1422,1265
524616,511.06,73.875,465.62,80.925,43,164,-416,206,1424,1273
524618,514.82,72.825,470.1,81.3,81,156,-371,213,1420,1265
524620,517.86,72.3,472.26,81.15,112,154,-349,214,1422,1267
524622,519.7,72.75,473.7,81.6,130,159,-335,219,1424,1269
524624,518.66,73.8,473.86,82.5,120,170,-334,229,1426,1271
524626,518.34,74.55,473.38,81.525,116,177,-338,219,1428,1270
524628,517.38,75,472.26,81.825,106,183,-348,222,1428,1265
524630,516.66,75.3,471.78,80.775,99,185,-353,211,1430,1268
524632,516.58,75.45,471.3,81,98,187,-357,213,1433,1269
524634,517.22,75.075,471.86,80.625,105,183,-351,210,1429,1272
524636,517.14,75,471.62,81,104,183,-353,214,1429,1274
524638,516.82,75.15,472.1,82.575,102,185,-350,231,1428,1268
524640,516.66,75,472.18,81.6,100,184,-348,222,1429,1270
524642,516.82,75.3,472.1,82.275,102,187,-349,229,1433,1268
524644,516.34,75,472.02,81.75,98,184,-350,224,1433,1271
524646,516.34,75.15,472.1,82.05,98,186,-349,227,1430,1270
524648,516.02,75.15,471.78,81.15,94,186,-351,218,1431,1273
524650,516.34,74.55,472.42,81.825,98,181,-345,225,1434,1270
524652,515.78,75,471.94,80.775,93,185,-349,215,1434,1274
524654,514.9,74.925,472.1,80.775,84,184,-347,215,1433,1275
524656,515.78,74.55,472.02,80.25,94,181,-347,210,1435,1273
524658,515.14,75,471.78,80.025,87,185,-349,207,1434,1274
524660,515.38,75.15,471.22,80.85,90,188,-355,216,1432,1271
524662,515.14,74.325,471.78,80.1,88,179,-349,209,1432,1272
524664,515.86,74.025,471.7,80.475,96,177,-349,213,1432,1276
524666,515.06,74.25,471.54,79.8,88,178,-350,206,1433,1275
524668,514.1,74.1,472.02,81.525,79,176,-346,224,1435,1272
524670,514.82,74.1,472.82,79.05,86,177,-337,199,1431,1280
524672,514.5,73.875,472.18,79.5,83,174,-342,204,1433,1274
524674,514.9,74.85,472.98,78.525,87,185,-334,194,1432,1275
524676,514.42,73.875,471.94,79.275,83,174,-345,201,1434,1276
524678,514.34,73.05,472.26,78.525,83,165,-341,193,1436,1276
524680,514.26,73.65,471.86,78.3,82,172,-344,191,1432,1275
524682,514.34,72.6,472.34,77.175,84,161,-338,180,1436,1287
524684,514.18,72.3,472.9,75.9,82,158,-332,167,1432,1287
524686,514.42,72.375,472.58,76.125,85,159,-335,169,1435,1286
524688,513.86,72,470.98,77.175,80,154,-351,178,1435,1283
524690,513.62,72.675,471.62,76.95,77,161,-344,176,1434,1278
524692,513.86,72.825,472.42,77.1,80,162,-337,178,1431,1276
524694,513.3,71.4,472.1,76.8,75,148,-339,175,1433,1279
524696,512.58,71.175,472.58,77.175,68,145,-334,179,1431,1279
524698,512.34,71.85,472.9,77.55,66,151,-331,183,1434,1279
524700,512.74,71.025,471.38,76.425,71,143,-345,170,1434,1281
524702,510.42,72.525,470.1,76.575,46,156,-358,171,1430,1281
524704,507.46,72.675,466.58,76.35,17,156,-393,165,1434,1283
524706,499.22,76.125,461.46,76.725,-66,185,-445,165,1433,1278
524708,487.7,78.75,450.18,78,-183,204,-559,171,1431,1278
524710,471.14,81.675,432.66,78.6,-351,223,-735,165,1441,1277
524712,450.74,84.3,413.14,73.8,-558,236,-928,101,1441,1288
524714,427.78,87.375,390.26,69.975,-791,253,-1156,45,1438,1288
524716,404.98,85.2,365.62,66.975,-1019,214,-1402,-2,1440,1285
524718,380.66,83.175,340.26,64.275,-1263,176,-1657,-48,1437,1288
524720,357.22,80.775,314.98,62.85,-1499,135,-1912,-80,1431,1283
524722,334.5,79.125,291.14,61.95,-1727,101,-2153,-107,1420,1276
524724,311.46,77.325,265.38,60.975,-1960,66,-2415,-136,1409,1272
524726,289.54,75.975,240.02,60.375,-2182,37,-2673,-160,1399,1268
524728,266.26,75.6,215.62,58.725,-2419,17,-2921,-194,1395,1258
524730,243.38,75.975,190.66,55.35,-2653,5,-3173,-248,1391,1254
524732,219.94,73.875,166.5,53.85,-2891,-33,-3420,-280,1380,1253
524734,197.62,72.675,142.18,47.175,-3119,-61,-3663,-367,1370,1244
524736,175.3,69.75,118.58,46.35,-3345,-107,-3905,-393,1365,1243
524738,156.9,66.675,98.9,44.55,-3531,-153,-4106,-426,1358,1239
524740,142.02,65.7,81.78,44.7,-3684,-173,-4283,-436,1347,1231
524742,128.58,65.325,67.22,45.675,-3821,-187,-4435,-436,1344,1229
524744,120.82,66.6,58.42,47.4,-3903,-179,-4528,-425,1341,1227
524746,116.66,68.625,52.34,52.425,-3949,-160,-4596,-377,1335,1235
524748,116.18,70.5,49.38,52.2,-3956,-140,-4627,-380,1337,1234
524750,115.78,65.925,50.74,54.375,-3955,-189,-4615,-356,1347,1243
524752,117.3,64.65,53.06,51.9,-3938,-200,-4589,-380,1350,1247
524754,117.54,59.85,55.7,48,-3931,-250,-4557,-419,1365,1243
524756,117.7,57.6,56.18,47.7,-3927,-273,-4552,-421,1368,1244
524758,116.5,56.925,57.7,46.125,-3938,-281,-4535,-436,1367,1242
524760,115.46,57.3,56.98,44.775,-3950,-277,-4541,-451,1367,1240
524762,114.42,58.425,55.62,44.775,-3962,-266,-4554,-451,1363,1241
524764,113.78,60.75,53.38,46.575,-3971,-242,-4580,-434,1360,1236
524766,112.42,60.375,53.22,45.375,-3984,-246,-4580,-446,1362,1237
524768,113.46,61.275,52.1,46.8,-3974,-236,-4593,-431,1360,1238
524770,113.3,58.725,52.5,47.925,-3973,-262,-4590,-419,1365,1238
524772,114.02,59.175,53.7,46.425,-3966,-256,-4576,-434,1361,1237
524774,114.26,59.775,53.38,44.625,-3965,-250,-4577,-452,1358,1238
524776,113.06,58.875,53.78,45.3,-3976,-260,-4573,-445,1359,1234
524778,112.42,58.275,54.9,46.5,-3981,-266,-4563,-431,1357,1240
524780,112.1,58.2,54.5,45.6,-3985,-267,-4566,-440,1361,1234
524782,112.26,57.975,54.58,44.775,-3982,-269,-4565,-449,1358,1234
524784,110.66,56.7,54.34,44.325,-3997,-283,-4566,-454,1358,1237
524786,109.7,56.775,54.74,44.175,-4007,-283,-4562,-455,1358,1239
524788,109.94,56.475,54.1,43.2,-4005,-286,-4568,-465,1361,1237
524790,110.18,56.4,54.5,43.2,-4002,-287,-4564,-465,1358,1237
524792,109.54,56.175,54.9,43.35,-4009,-290,-4559,-463,1358,1236
524794,109.7,55.8,54.5,42.6,-4007,-293,-4563,-472,1360,1239
524796,109.22,55.575,54.42,43.275,-4011,-296,-4564,-464,1362,1237
524798,109.06,55.05,54.66,42.525,-4012,-302,-4561,-472,1363,1238
524800,108.18,54.3,54.9,43.725,-4020,-310,-4560,-459,1363,1241
524802,107.86,54.825,54.26,43.95,-4024,-305,-4567,-457,1361,1238
524804,107.54,54.15,54.66,42.45,-4027,-312,-4561,-473,1364,1241
524806,107.38,53.25,53.94,40.95,-4027,-322,-4567,-489,1367,1237
524808,107.54,52.65,54.5,41.925,-4026,-328,-4562,-479,1363,1238
524810,107.78,53.175,54.58,41.775,-4024,-323,-4561,-481,1366,1239
524812,106.1,52.35,54.66,41.475,-4040,-333,-4560,-484,1364,1238
524814,106.42,51.9,54.66,41.25,-4036,-338,-4560,-487,1363,1238
524816,104.74,52.125,54.34,41.925,-4054,-337,-4564,-480,1363,1238
524818,105.46,52.05,54.1,40.2,-4047,-338,-4565,-499,1363,1239
524820,104.98,51.75,53.78,41.55,-4051,-342,-4570,-485,1365,1240
524822,105.14,51.525,54.74,41.25,-4049,-344,-4560,-488,1362,1239
524824,104.26,50.625,54.58,40.875,-4057,-355,-4560,-493,1362,1239
524826,104.42,51.675,54.66,40.65,-4057,-344,-4560,-495,1365,1237
524828,104.1,51.075,54.58,40.8,-4060,-351,-4561,-494,1360,1239
524830,103.3,51.3,54.02,40.95,-4069,-349,-4566,-493,1358,1239
524832,103.38,51.75,55.22,41.85,-4068,-344,-4556,-484,1360,1240
524834,103.3,50.1,54.26,41.7,-4068,-362,-4565,-485,1360,1237
524836,103.14,50.85,55.3,40.275,-4070,-355,-4554,-500,1364,1243
524838,102.66,51.3,54.98,40.575,-4075,-351,-4557,-498,1361,1238
524840,103.3,50.025,53.7,40.575,-4068,-364,-4570,-499,1364,1236
524842,102.58,50.85,54.82,40.65,-4076,-355,-4559,-497,1362,1240
524844,102.1,50.475,54.66,40.575,-4081,-361,-4561,-499,1363,1239
524846,102.26,50.775,54.5,40.425,-4080,-357,-4562,-500,1361,1243
524848,102.58,49.8,54.74,40.425,-4076,-368,-4560,-501,1363,1239
524850,101.38,49.8,54.74,40.65,-4088,-368,-4560,-498,1364,1239
524852,101.3,50.025,54.02,40.875,-4090,-367,-4568,-497,1365,1238
524854,101.94,50.175,55.06,40.575,-4083,-365,-4557,-499,1362,1240
524856,101.54,49.875,55.14,41.475,-4087,-368,-4558,-490,1362,1239
524858,101.38,49.575,55.06,40.65,-4089,-371,-4558,-499,1367,1241
524860,102.26,49.275,55.14,40.125,-4080,-374,-4557,-505,1365,1242
524862,101.22,49.05,55.06,40.725,-4091,-378,-4558,-499,1371,1240
524864,100.98,49.125,55.22,40.95,-4093,-377,-4558,-496,1369,1245
524866,101.46,49.125,55.06,40.05,-4089,-377,-4558,-505,1368,1244
524868,100.58,48.375,55.3,40.725,-4097,-386,-4557,-498,1369,1238
524870,100.9,48.825,55.7,40.5,-4094,-381,-4553,-500,1371,1242
524872,100.9,49.8,55.14,40.05,-4095,-370,-4558,-506,1367,1247
524874,100.5,50.1,55.14,38.625,-4100,-367,-4556,-520,1373,1247
524876,100.82,48.975,55.46,39,-4096,-379,-4554,-516,1370,1243
524878,100.02,48.3,54.9,39.45,-4103,-386,-4560,-512,1369,1246
524880,100.58,49.125,55.38,39.525,-4099,-377,-4556,-510,1367,1247
524882,100.02,48.225,54.66,38.925,-4103,-387,-4562,-518,1369,1245
524884,99.94,48.75,55.22,39.225,-4105,-382,-4557,-514,1370,1242
524886,99.62,48.225,55.62,39.075,-4108,-387,-4553,-515,1373,1249
524888,99.62,48.075,55.06,39,-4108,-389,-4559,-516,1369,1247
524890,100.1,48.525,55.86,39.225,-4104,-383,-4551,-513,1366,1244
524892,99.62,48.225,54.98,39.675,-4109,-386,-4561,-508,1370,1245
524894,99.94,48.075,55.62,36.675,-4105,-388,-4551,-540,1368,1251
524896,99.62,47.925,55.46,38.475,-4108,-389,-4554,-521,1367,1247
524898,99.7,47.625,55.62,39.375,-4107,-393,-4554,-511,1372,1244
524900,99.78,47.55,55.3,35.55,-4106,-393,-4553,-551,1369,1254
524902,100.18,47.925,55.86,38.25,-4102,-389,-4550,-523,1367,1245
524904,99.3,48.6,54.98,38.4,-4112,-383,-4559,-521,1369,1248
524906,99.14,48.15,54.98,37.5,-4114,-387,-4558,-531,1369,1250
524908,97.7,49.35,52.18,38.7,-4130,-375,-4588,-520,1368,1254
524910,95.38,51.825,48.26,39.525,-4156,-351,-4630,-515,1366,1251
524912,88.66,55.275,41.38,43.5,-4229,-319,-4705,-478,1372,1255
524914,82.74,63.525,32.5,46.725,-4299,-238,-4801,-450,1365,1267
524916,77.14,68.025,24.98,52.125,-4362,-194,-4886,-399,1371,1261
524918,71.78,69.6,18.02,54.675,-4419,-181,-4961,-377,1369,1261
524920,69.14,71.025,15.06,56.85,-4448,-168,-4994,-356,1370,1267
524922,67.78,71.7,12.74,57.525,-4463,-162,-5019,-351,1369,1266
524924,68.18,71.1,13.78,58.65,-4458,-168,-5009,-338,1369,1263
524926,69.7,70.425,15.86,59.7,-4442,-173,-4989,-325,1369,1266
524928,70.9,71.325,18.9,59.025,-4431,-163,-4957,-331,1367,1265
524930,71.7,70.8,20.98,59.85,-4422,-168,-4936,-320,1369,1270
524932,71.46,70.8,21.78,58.275,-4425,-168,-4926,-336,1370,1273
524934,71.14,71.625,22.74,58.35,-4428,-160,-4916,-334,1372,1275
524936,71.86,71.55,22.98,57.825,-4421,-160,-4913,-339,1373,1275
524938,70.98,72.3,22.82,58.5,-4430,-153,-4915,-332,1369,1272
524940,70.42,71.85,22.9,57.525,-4436,-157,-4914,-343,1373,1268
524942,70.58,72.675,22.74,57.75,-4435,-149,-4915,-341,1374,1274
524944,70.34,72.3,21.46,57.825,-4437,-153,-4928,-341,1367,1273
524946,69.94,71.775,22.66,57.225,-4441,-159,-4915,-346,1372,1271
524948,70.1,71.4,22.18,58.5,-4438,-163,-4921,-333,1372,1271
524950,70.58,71.55,22.26,58.725,-4433,-161,-4920,-331,1372,1274
524952,69.94,71.55,21.94,59.1,-4439,-161,-4924,-327,1372,1271
524954,69.46,71.475,21.7,59.4,-4444,-162,-4927,-324,1372,1276
524956,69.38,71.4,21.38,59.25,-4444,-163,-4929,-325,1370,1274
524958,70.02,71.85,22.58,58.65,-4439,-158,-4916,-331,1370,1273
524960,69.46,71.175,22.58,58.95,-4443,-165,-4916,-327,1372,1276
524962,69.62,71.25,23.14,58.575,-4441,-165,-4910,-331,1371,1275
524964,69.7,71.775,22.26,56.925,-4441,-158,-4917,-349,1368,1271
524966,69.46,71.325,23.14,57.9,-4443,-164,-4909,-338,1370,1273
524968,69.62,70.95,22.02,57.3,-4440,-167,-4919,-345,1372,1274
524970,69.22,71.175,23.06,57.675,-4445,-165,-4909,-341,1374,1273
524972,69.46,70.8,23.62,58.275,-4440,-169,-4903,-333,1375,1271
524974,69.14,70.725,23.46,57.9,-4444,-170,-4904,-338,1374,1274
524976,70.42,71.175,23.14,57.375,-4430,-164,-4906,-343,1373,1272
524978,69.94,70.8,23.94,57.375,-4435,-168,-4897,-342,1376,1271
524980,70.1,70.8,23.3,56.85,-4432,-167,-4902,-349,1374,1274
524982,69.54,70.575,23.86,57.45,-4438,-170,-4897,-342,1374,1274
524984,70.02,70.8,23.78,56.1,-4432,-168,-4896,-355,1375,1273
524986,69.62,70.275,23.38,56.25,-4436,-173,-4900,-354,1373,1277
524988,69.14,69.975,24.66,58.125,-4440,-177,-4888,-334,1375,1271
524990,69.78,70.275,23.78,57,-4433,-173,-4896,-346,1372,1272
524992,69.7,69.675,23.22,57.15,-4432,-180,-4901,-344,1372,1273
524994,68.9,68.475,24.26,56.775,-4439,-193,-4890,-348,1376,1273
524996,69.3,69.3,23.62,57.375,-4435,-184,-4896,-342,1375,1271
524998,69.3,70.2,23.22,56.7,-4436,-174,-4899,-350,1375,1274
525000,69.7,70.425,23.54,57.075,-4431,-172,-4895,-345,1375,1274
525002,68.74,69.9,24.02,57.15,-4440,-178,-4891,-344,1375,1272
525004,69.78,69.825,23.78,57.6,-4429,-178,-4892,-340,1370,1271
525006,68.66,69.45,24.66,57.75,-4439,-183,-4883,-337,1368,1272
525008,69.38,70.35,23.94,57.675,-4432,-172,-4890,-339,1369,1274
525010,69.62,70.65,24.02,57.075,-4430,-170,-4888,-345,1373,1273
525012,69.14,70.275,23.94,57.9,-4433,-174,-4889,-336,1374,1271
525014,69.78,70.125,23.54,57.3,-4426,-175,-4892,-343,1368,1273
525016,68.9,69.375,23.78,57.3,-4433,-184,-4889,-343,1369,1274
525018,68.42,69.9,23.54,57.45,-4439,-178,-4891,-342,1371,1271
525020,68.42,69.75,23.06,57.45,-4438,-180,-4895,-342,1372,1271
525022,68.82,69.9,23.22,57.15,-4434,-178,-4893,-345,1372,1272
525024,68.02,69.9,23.94,57.75,-4441,-179,-4886,-338,1371,1273
525026,68.5,69.45,23.94,57.3,-4436,-183,-4885,-343,1371,1269
525028,69.38,70.35,24.5,57.975,-4427,-173,-4879,-336,1369,1270
525030,69.14,69.975,23.62,57.075,-4429,-177,-4887,-346,1368,1273
525032,69.14,69.825,23.94,57.9,-4428,-179,-4884,-337,1371,1268
525034,69.22,68.775,24.5,57.525,-4426,-189,-4878,-340,1372,1271
525036,68.1,70.05,23.62,57.3,-4438,-177,-4885,-343,1366,1270
525038,68.82,69.45,24.1,57.975,-4430,-183,-4882,-336,1371,1270
525040,68.18,68.625,22.98,57.525,-4435,-192,-4892,-341,1371,1268
525042,68.9,69.825,23.62,57.375,-4429,-178,-4885,-343,1367,1271
525044,68.82,68.85,24.18,58.725,-4428,-189,-4880,-328,1369,1268
525046,68.42,68.7,24.5,58.725,-4432,-191,-4876,-327,1371,1269
525048,68.5,69.9,23.86,57.225,-4432,-178,-4881,-344,1368,1269
525050,68.66,69.45,23.22,58.05,-4430,-182,-4889,-335,1367,1268
525052,68.02,69.225,24.1,57.15,-4436,-185,-4878,-344,1370,1270
525054,67.54,69.975,22.74,56.925,-4442,-178,-4892,-348,1370,1271
525056,67.7,69.6,23.22,57.15,-4439,-182,-4887,-345,1367,1270
525058,67.86,67.8,23.54,57.375,-4436,-200,-4884,-342,1369,1267
525060,67.86,68.925,22.98,57,-4437,-188,-4889,-347,1370,1270
525062,68.02,68.475,23.22,57.45,-4434,-193,-4887,-342,1369,1270
525064,67.14,67.875,22.98,57,-4443,-200,-4889,-346,1368,1272
525066,67.78,67.95,22.34,55.575,-4436,-199,-4894,-362,1371,1273
525068,67.7,68.4,23.06,56.7,-4438,-194,-4888,-349,1373,1269
525070,67.3,67.95,22.34,56.7,-4442,-199,-4896,-350,1373,1269
525072,67.86,68.4,22.18,57.15,-4436,-194,-4898,-345,1369,1271
525074,67.06,68.55,22.34,56.475,-4444,-193,-4895,-352,1369,1270
525076,66.74,68.4,22.82,56.625,-4448,-195,-4891,-350,1370,1268
525078,67.22,68.25,20.9,55.65,-4443,-196,-4909,-362,1368,1274
525080,66.82,67.65,22.02,55.5,-4446,-202,-4898,-362,1367,1273
525082,67.06,68.25,21.7,55.65,-4444,-196,-4901,-362,1366,1275
525084,66.74,67.875,21.86,57.3,-4448,-200,-4902,-344,1369,1268
525086,67.54,68.25,21.22,54.9,-4440,-196,-4905,-369,1367,1274
525088,67.3,67.725,21.86,55.425,-4442,-201,-4899,-363,1366,1274
525090,66.98,67.95,21.38,55.5,-4445,-199,-4905,-363,1368,1275
525092,66.5,67.65,21.78,55.275,-4450,-202,-4901,-365,1367,1274
525094,66.34,67.35,20.58,55.275,-4451,-206,-4913,-366,1366,1270
525096,66.82,67.5,21.46,55.95,-4447,-204,-4905,-358,1369,1263
525098,66.82,66.825,21.7,55.65,-4446,-211,-4902,-362,1368,1268
525100,66.58,67.875,21.94,56.475,-4450,-201,-4901,-353,1365,1268
525102,66.34,67.875,21.14,57,-4452,-201,-4910,-347,1367,1267
525104,66.26,67.65,21.3,56.025,-4454,-203,-4907,-358,1365,1270
525106,66.82,67.35,21.14,57.3,-4447,-205,-4910,-345,1366,1265
525108,65.86,67.95,21.54,57.3,-4458,-200,-4906,-344,1364,1264
525110,66.66,68.4,21.78,56.85,-4451,-195,-4903,-349,1361,1265
525112,66.26,68.475,21.38,57.45,-4455,-195,-4909,-342,1364,1266
525114,66.34,68.325,21.46,57.3,-4454,-196,-4907,-344,1366,1265
525116,66.1,67.95,22.02,57.6,-4456,-200,-4902,-340,1364,1265
525118,66.42,68.325,21.7,57.15,-4454,-195,-4905,-346,1362,1264
525120,66.34,68.475,22.02,56.475,-4455,-194,-4901,-352,1359,1266
525122,65.7,67.5,22.58,57.075,-4460,-205,-4897,-345,1365,1264
525124,65.94,68.85,21.94,58.05,-4460,-190,-4905,-335,1360,1264
525126,66.02,68.775,20.82,57.3,-4459,-191,-4915,-344,1362,1265
525128,65.46,67.5,21.14,56.1,-4464,-204,-4910,-356,1362,1263
525130,66.1,67.35,22.58,58.125,-4456,-206,-4898,-334,1362,1265
525132,65.86,68.025,21.46,57.45,-4460,-198,-4909,-342,1359,1258
525134,66.9,68.025,21.14,55.5,-4449,-198,-4910,-363,1363,1261
525136,66.34,68.55,19.78,56.55,-4456,-192,-4926,-352,1359,1261
525138,66.74,67.875,22.1,56.25,-4451,-199,-4902,-354,1362,1261
525140,67.22,67.875,21.22,55.575,-4446,-199,-4910,-361,1363,1260
525142,66.9,67.875,21.78,55.425,-4450,-199,-4904,-362,1361,1261
525144,66.1,67.875,21.54,56.025,-4458,-200,-4907,-356,1362,1263
525146,66.98,68.475,21.38,55.125,-4450,-192,-4908,-366,1364,1261
525148,66.66,66,21.94,55.725,-4450,-218,-4903,-359,1362,1256
525150,66.26,66.3,21.38,53.55,-4454,-216,-4906,-382,1363,1263
525152,66.42,67.5,21.38,54.525,-4454,-203,-4907,-372,1366,1262
525154,66.5,66,21.62,54.225,-4452,-218,-4904,-374,1365,1258
525156,66.98,66.3,21.62,53.625,-4447,-215,-4903,-381,1363,1259
525158,66.9,66.675,21.94,54.375,-4448,-211,-4901,-373,1365,1258
525160,66.26,66.15,22.9,54.75,-4454,-217,-4891,-368,1361,1257
525162,66.66,65.775,22.42,53.4,-4449,-221,-4895,-383,1362,1261
525164,66.02,65.4,23.14,54,-4455,-225,-4888,-376,1364,1258
525166,66.98,65.7,22.82,54.6,-4446,-222,-4892,-370,1363,1257
525168,66.66,65.7,21.54,54.075,-4449,-221,-4904,-376,1363,1259
525170,67.46,66.225,21.62,54.15,-4441,-216,-4903,-375,1362,1260
525172,66.26,65.85,23.22,54.375,-4453,-220,-4887,-372,1361,1257
525174,67.14,65.4,22.98,54.075,-4443,-224,-4889,-375,1362,1264
525176,66.18,66.525,23.54,54,-4454,-212,-4883,-375,1365,1260
525178,65.7,66.3,24.34,55.275,-4459,-215,-4876,-361,1365,1256
525180,66.26,66.15,23.78,54.75,-4453,-217,-4881,-367,1363,1257
525182,66.74,66.6,23.86,56.025,-4448,-211,-4881,-354,1365,1259
525184,65.86,67.35,22.42,55.575,-4457,-204,-4895,-359,1361,1261
525186,66.1,66.45,22.9,57.075,-4454,-213,-4891,-343,1364,1264
525188,66.1,67.8,23.14,56.775,-4455,-198,-4888,-345,1359,1268
525190,66.26,68.475,22.02,57.825,-4454,-191,-4901,-335,1363,1263
525192,65.94,70.575,22.1,60.6,-4459,-169,-4903,-305,1367,1262
525194,65.94,73.65,20.26,66.525,-4462,-136,-4929,-245,1365,1259
525196,64.98,80.1,16.74,73.875,-4479,-69,-4973,-169,1366,1248
525198,63.78,94.05,11.62,89.4,-4507,76,-5044,-9,1374,1258
525200,62.02,106.575,6.26000000000001,100.5,-4539,209,-5113,104,1371,1266
525202,60.58,118.125,1.46,114.825,-4566,330,-5180,253,1388,1267
525204,59.54,130.35,-3.26000000000001,128.625,-4591,459,-5246,397,1396,1279
525206,59.14,136.275,-5.5,137.55,-4601,522,-5279,491,1400,1274
525208,58.98,143.325,-7.42,143.925,-4610,598,-5307,558,1412,1290
525210,59.22,146.7,-7.98,146.85,-4612,634,-5316,589,1414,1296
525212,59.94,149.775,-8.46,148.2,-4607,668,-5323,604,1417,1301
525214,61.14,150.75,-5.73999999999999,148.425,-4595,679,-5294,608,1422,1299
525216,62.42,153.15,-4.7,146.325,-4584,706,-5280,587,1416,1299
525218,64.42,152.85,-2.94,145.425,-4563,704,-5261,578,1415,1297
525220,64.18,153.75,-1.58,144.9,-4566,714,-5245,573,1419,1298
525222,63.62,153.525,-0.140000000000001,141.45,-4571,711,-5226,538,1419,1296
525224,63.86,151.65,1.14,139.125,-4566,691,-5209,514,1418,1290
525226,62.98,150.975,1.06,138.525,-4575,683,-5209,507,1418,1288
525228,62.26,150.9,1.94,138.525,-4582,682,-5199,508,1415,1287
525230,62.58,150.225,2.26000000000001,138.45,-4577,674,-5196,507,1415,1287
525232,62.02,150.375,1.06,138.975,-4583,675,-5208,511,1406,1282
525234,61.3,150.15,2.1,139.275,-4591,673,-5198,515,1411,1286
525236,60.98,150.375,2.02,141.075,-4594,674,-5201,534,1410,1284
525238,59.62,147.975,1.7,140.625,-4606,648,-5204,529,1409,1283
525240,58.74,146.625,1.3,141.225,-4613,631,-5209,534,1412,1283
525242,58.58,147.45,1.38,140.175,-4615,641,-5207,523,1412,1288
525244,58.58,147.6,1.94,141.9,-4616,641,-5203,541,1410,1286
525246,58.42,147.9,1.77999999999999,140.925,-4618,644,-5203,530,1408,1288
525248,58.02,146.85,1.38,141.3,-4620,631,-5207,533,1411,1291
525250,58.1,147.75,1.22000000000001,140.475,-4620,641,-5208,523,1414,1281
525252,57.14,147.825,1.22000000000001,140.7,-4630,640,-5208,525,1412,1286
525254,57.86,147.375,1.22000000000001,140.1,-4622,636,-5207,518,1410,1286
525256,56.9,146.325,0.820000000000007,140.4,-4631,622,-5211,520,1413,1286
525258,56.9,147.3,2.17999999999999,140.4,-4632,633,-5198,521,1411,1290
525260,57.14,148.05,1.94,140.025,-4631,640,-5200,516,1413,1290
525262,56.82,147.45,2.26000000000001,140.775,-4634,633,-5197,524,1417,1288
525264,56.18,147.675,1.94,141.45,-4641,634,-5202,529,1415,1289
525266,55.62,148.05,1.86,141.225,-4647,637,-5202,527,1417,1292
525268,55.86,148.725,2.17999999999999,140.025,-4645,644,-5197,513,1421,1292
525270,55.54,148.575,1.06,141.075,-4648,641,-5210,524,1420,1292
525272,55.54,148.275,1.86,141.975,-4648,637,-5203,533,1421,1289
525274,54.5,148.05,1.54,141.075,-4658,634,-5205,523,1420,1294
525276,55.06,148.5,2.02,142.2,-4653,638,-5201,534,1420,1291
525278,55.54,148.35,2.42,142.35,-4648,637,-5198,536,1423,1293
525280,55.06,148.875,2.58,141.45,-4654,641,-5196,525,1421,1292
525282,54.5,149.7,2.66,141.75,-4661,649,-5195,529,1426,1297
525284,55.14,149.925,2.66,142.05,-4655,652,-5196,531,1420,1296
525286,54.18,149.175,3.3,141.675,-4664,643,-5188,527,1427,1296
525288,54.58,150.375,3.3,142.05,-4662,655,-5189,531,1423,1298
525290,54.34,148.875,3.7,140.775,-4663,640,-5184,518,1424,1299
525292,54.42,150.3,3.14,142.125,-4664,654,-5192,531,1425,1294
525294,54.18,149.7,3.38,141.75,-4665,648,-5189,527,1424,1299
525296,54.02,149.7,3.14,143.1,-4667,647,-5193,541,1427,1295
525298,53.94,149.475,3.62,141.45,-4668,645,-5186,524,1430,1294
525300,54.98,151.05,4.1,141.675,-4659,662,-5182,526,1420,1297
525302,54.5,150,4.26000000000001,143.25,-4663,651,-5182,544,1427,1299
525304,54.42,150.3,4.02,141.225,-4665,654,-5182,521,1426,1298
525306,54.98,150.6,3.38,141.525,-4659,657,-5189,524,1425,1300
525308,54.1,150.675,4.5,143.325,-4669,657,-5180,544,1424,1300
525310,54.34,151.125,4.66,141.525,-4666,662,-5175,525,1425,1295
525312,54.1,150.3,4.02,142.05,-4668,653,-5183,530,1423,1298
525314,54.18,149.925,4.58,143.25,-4666,650,-5179,544,1427,1300
525316,54.26,149.1,3.7,142.65,-4665,641,-5187,537,1423,1299
525318,53.7,149.85,4.1,141.675,-4672,649,-5182,527,1426,1297
525320,53.78,150.15,5.3,142.05,-4671,652,-5169,532,1426,1300
525322,53.78,149.325,4.34,142.575,-4670,643,-5180,536,1429,1300
525324,53.46,149.325,4.66,143.7,-4673,644,-5178,550,1430,1298
525326,55.14,151.05,4.34,141.6,-4657,663,-5179,527,1425,1301
525328,53.7,150.3,4.9,143.85,-4672,655,-5175,552,1428,1305
525330,53.86,149.925,5.7,143.25,-4670,650,-5166,546,1431,1303
525332,53.7,150.375,4.34,142.575,-4671,656,-5180,538,1427,1304
525334,53.86,149.925,4.5,143.1,-4669,651,-5178,544,1430,1304
525336,53.38,149.775,4.73999999999999,143.175,-4673,650,-5175,545,1430,1308
525338,54.42,150.6,4.82000000000001,142.875,-4663,659,-5174,542,1430,1305
525340,53.94,151.35,4.98,142.2,-4668,667,-5170,535,1431,1303
525342,53.7,151.125,5.14,141.375,-4670,665,-5168,526,1433,1303
525344,54.18,150.675,4.26000000000001,142.725,-4664,661,-5178,541,1429,1303
525346,52.98,149.625,4.58,143.025,-4675,649,-5175,544,1434,1309
525348,53.22,149.4,5.22000000000001,142.575,-4672,647,-5167,541,1434,1306
525350,54.02,150.075,4.42,141.6,-4665,655,-5175,529,1431,1309
525352,53.54,149.475,4.73999999999999,143.775,-4668,649,-5172,554,1437,1305
525354,53.54,151.575,5.14,144.9,-4670,671,-5170,566,1433,1310
525356,53.3,150.6,4.26000000000001,142.575,-4671,661,-5175,541,1437,1308
525358,53.38,150.6,5.14,144.375,-4670,661,-5169,561,1437,1307
525360,53.7,150.15,4.34,143.775,-4665,658,-5175,555,1439,1311
525362,53.62,151.05,4.34,141.975,-4667,667,-5174,535,1440,1308
525364,54.42,149.7,5.06,141.975,-4657,654,-5165,537,1441,1310
525366,53.22,149.55,5.3,144.6,-4669,651,-5165,565,1440,1305
525368,53.94,150.675,5.54,144.3,-4662,665,-5162,562,1439,1308
525370,53.78,150.825,5.86,142.875,-4664,666,-5157,548,1439,1311
525372,53.3,150.375,6.17999999999999,145.125,-4667,662,-5155,572,1440,1313
525374,54.02,151.125,5.06,144.15,-4661,670,-5166,561,1443,1313
525376,53.38,150.675,5.14,143.1,-4666,666,-5163,551,1445,1312
525378,53.54,150.75,6.17999999999999,144.675,-4665,666,-5154,568,1440,1319
525380,53.22,150,6.1,143.625,-4667,659,-5153,557,1442,1323
525382,53.86,150.525,6.17999999999999,145.2,-4660,665,-5154,575,1441,1327
525384,54.18,151.2,6.42,144.3,-4657,673,-5150,565,1444,1324
525386,53.54,150.375,6.17999999999999,144.525,-4663,663,-5152,568,1444,1320
525388,53.7,150.975,5.77999999999999,143.325,-4661,671,-5154,556,1444,1321
525390,53.38,150.9,5.86,143.7,-4664,669,-5154,560,1445,1321
525392,52.74,149.55,6.34,144.375,-4669,655,-5149,567,1444,1322
525394,53.06,149.85,7.54,144,-4666,658,-5136,564,1443,1325
525396,52.74,149.25,6.34,142.875,-4668,652,-5146,552,1447,1323
525398,53.86,150.375,6.1,144,-4658,665,-5151,564,1445,1324
525400,53.22,149.25,6.82000000000001,143.7,-4662,653,-5142,561,1444,1320
525402,53.78,150.9,7.22000000000001,143.325,-4658,671,-5137,557,1445,1319
525404,53.38,149.475,6.26000000000001,143.85,-4660,655,-5147,562,1445,1319
525406,53.3,149.175,7.62,143.475,-4660,652,-5133,559,1444,1323
525408,53.14,148.8,6.17999999999999,140.925,-4661,648,-5144,531,1445,1317
525410,53.06,148.95,7.22000000000001,142.425,-4662,649,-5135,547,1443,1319
525412,52.74,148.35,7.77999999999999,141.675,-4664,643,-5127,540,1444,1318
525414,53.3,149.25,7.3,140.775,-4659,653,-5131,530,1443,1315
525416,52.9,148.275,7.7,142.8,-4662,642,-5129,552,1445,1319
525418,52.26,147.75,7.06,141.675,-4668,636,-5135,539,1444,1322
525420,52.34,147.075,6.42,141.375,-4666,629,-5140,535,1442,1315
525422,52.26,148.275,7.22000000000001,140.025,-4668,641,-5131,521,1446,1318
525424,53.06,147.9,9.14,142.35,-4659,637,-5113,547,1444,1324
525426,55.46,148.125,12.9,143.4,-4634,641,-5074,561,1446,1327
525428,62.66,148.8,20.1,144.6,-4559,653,-5000,579,1447,1322
525430,74.26,148.95,33.94,149.925,-4438,663,-4861,645,1447,1328
525432,88.74,147.675,52.9,152.625,-4285,659,-4665,687,1441,1336
525434,110.02,147.3,77.14,152.85,-4063,670,-4412,706,1448,1339
525436,134.9,148.5,104.1,155.25,-3806,699,-4133,751,1457,1355
525438,162.34,149.55,132.58,154.2,-3522,730,-3836,759,1466,1360
525440,190.34,150.675,162.98,154.05,-3233,761,-3520,778,1479,1363
525442,218.66,148.725,191.62,152.625,-2939,760,-3222,783,1490,1368
525444,248.42,147.75,221.22,151.275,-2632,770,-2916,789,1489,1364
525446,278.26,144.975,250.1,146.775,-2323,761,-2614,760,1487,1363
525448,308.82,144.675,280.66,140.925,-2011,779,-2295,720,1490,1351
525450,337.54,142.2,308.82,138.525,-1715,772,-2005,714,1500,1352
525452,368.42,141.15,338.9,137.85,-1400,783,-1698,727,1496,1352
525454,398.18,140.7,367.78,136.8,-1098,798,-1403,736,1495,1350
525456,427.46,141.375,395.3,138.525,-802,825,-1125,773,1492,1352
525458,454.9,139.875,420.82,138.9,-524,828,-867,794,1496,1347
525460,479.62,138.075,441.78,140.475,-274,826,-656,825,1491,1351
525462,500.02,137.1,456.58,139.95,-68,830,-507,830,1496,1347
525464,517.7,136.5,467.22,137.925,109,836,-398,817,1503,1348
525466,527.46,133.875,470.42,137.4,208,815,-366,813,1500,1348
525468,531.94,132.3,470.66,135.225,254,802,-362,790,1505,1356
525470,533.06,129.15,470.74,133.425,267,770,-360,772,1505,1356
525472,532.1,127.05,469.14,132.75,258,747,-377,764,1504,1355
525474,531.06,125.775,468.9,131.775,249,733,-378,754,1507,1354
525476,531.3,126.825,470.74,130.875,250,745,-360,746,1504,1356
525478,533.22,126.675,472.34,131.1,269,745,-344,750,1504,1363
525480,536.18,127.8,475.14,132.3,298,759,-317,765,1503,1362
525482,537.62,127.725,476.1,132.3,312,759,-307,765,1502,1368
525484,539.38,128.775,477.78,133.275,329,772,-291,777,1505,1369
525486,539.78,128.55,476.42,134.325,333,770,-306,787,1504,1362
525488,538.66,129.45,476.34,133.425,321,778,-306,778,1506,1362
525490,538.74,130.2,475.3,133.2,321,786,-317,775,1506,1367
525492,538.1,130.125,474.9,132.3,314,785,-320,765,1502,1363
525494,537.46,130.05,474.58,131.925,308,784,-323,761,1505,1365
525496,536.9,129.75,474.02,133.5,302,781,-331,777,1506,1366
525498,536.82,130.5,473.62,131.7,301,788,-333,758,1506,1366
525500,536.26,129.75,473.38,131.325,295,781,-336,755,1504,1368
525502,535.86,129.675,473.86,132.525,291,780,-332,767,1504,1367
525504,536.5,128.55,473.7,132.975,298,768,-335,772,1507,1364
525506,536.82,128.4,474.34,133.2,301,767,-328,774,1505,1365
525508,535.7,127.2,474.42,132.825,290,754,-328,771,1502,1361
525510,535.38,125.925,474.34,132.3,288,740,-329,765,1501,1364
525512,535.22,126.75,474.5,132.15,285,749,-327,764,1502,1363
525514,534.34,126,474.02,131.7,277,740,-332,759,1500,1363
525516,534.42,125.7,474.34,132.375,277,737,-330,766,1501,1362
525518,534.1,124.95,474.42,132.075,274,729,-328,763,1502,1359
525520,534.18,124.95,473.78,131.1,274,729,-335,752,1502,1365
525522,533.7,124.575,473.46,130.05,270,724,-337,741,1502,1367
525524,534.26,124.5,474.82,130.725,275,723,-325,748,1500,1363
525526,534.42,124.425,475.22,130.95,276,723,-321,751,1502,1361
525528,533.86,124.575,475.22,129.675,270,723,-321,737,1505,1368
525530,533.94,123.225,475.38,129.225,272,710,-319,733,1502,1365
525532,533.94,123.825,475.46,129.75,270,715,-320,738,1503,1366
525534,533.78,123.075,474.1,128.4,270,707,-332,723,1506,1368
525536,533.62,122.7,476.1,128.55,267,704,-313,725,1498,1367
525538,533.62,121.35,475.7,126,268,689,-315,698,1505,1372
525540,533.46,120.9,475.22,126.15,266,684,-321,699,1503,1371
525542,534.1,120.6,477.22,124.575,272,681,-300,684,1501,1367
525544,533.62,120.975,476.98,126.3,267,684,-304,702,1500,1366
525546,533.22,120.075,477.62,124.5,263,675,-296,683,1504,1369
525548,533.22,119.625,477.38,125.925,263,670,-300,697,1506,1371
525550,532.9,119.1,477.46,125.475,261,664,-299,693,1503,1366
525552,532.9,119.7,477.7,125.625,259,670,-297,694,1504,1364
525554,533.38,119.4,476.82,125.1,264,667,-305,688,1503,1367
525556,533.54,119.1,477.14,123.525,267,664,-301,672,1503,1371
525558,533.62,119.1,477.22,123.675,267,663,-301,673,1506,1367
525560,533.54,118.725,477.38,122.775,267,659,-298,663,1506,1374
525562,533.3,118.575,477.22,122.25,265,658,-300,658,1503,1376
525564,532.98,118.875,478.9,122.325,261,660,-283,659,1503,1371
525566,533.86,117.9,477.46,122.175,270,651,-298,657,1505,1373
525568,532.42,118.35,478.02,122.85,256,655,-293,664,1503,1373
525570,533.3,116.025,478.74,122.25,266,631,-284,658,1510,1373
525572,533.38,117.075,478.26,122.325,265,641,-290,659,1505,1371
525574,533.78,116.4,478.74,122.55,270,635,-285,662,1511,1375
525576,534.26,116.925,478.5,121.725,275,641,-287,653,1505,1373
525578,533.54,115.5,478.5,121.275,269,625,-286,648,1508,1380
525580,533.94,115.65,478.02,122.475,273,628,-291,660,1510,1374
525582,533.7,116.625,477.78,121.05,270,637,-292,645,1508,1381
525584,533.54,115.275,478.42,120.975,270,623,-286,645,1512,1379
525586,533.62,114.975,478.58,121.2,271,620,-285,648,1511,1382
525588,533.78,114.75,478.18,121.425,272,618,-288,649,1510,1381
525590,534.26,115.2,479.14,120.9,277,623,-278,645,1513,1381
525592,533.38,114.075,478.66,122.325,269,611,-284,659,1514,1376
525594,533.94,114.3,478.98,120.9,275,613,-280,645,1512,1381
525596,533.14,114.15,479.06,120.45,268,612,-278,640,1514,1380
525598,533.38,113.325,479.46,119.625,270,603,-274,632,1516,1385
525600,533.62,114.225,479.06,120,273,613,-278,636,1512,1385
525602,532.58,113.4,478.58,119.925,262,604,-282,635,1509,1384
525604,533.7,113.4,478.82,120.375,274,605,-280,640,1514,1382
525606,532.58,112.65,478.02,120.3,263,596,-287,638,1512,1378
525608,533.7,113.025,478.9,121.05,274,601,-279,647,1510,1378
525610,534.1,111.975,478.26,119.475,279,590,-285,630,1513,1381
525612,533.78,113.025,478.74,119.25,276,601,-280,629,1513,1383
525614,533.14,111.825,479.14,119.4,270,588,-275,631,1516,1382
525616,532.66,110.925,478.26,119.175,266,579,-284,628,1518,1381
525618,532.42,111.825,478.82,119.85,263,588,-279,635,1513,1381
525620,532.34,111.825,478.82,120.525,263,588,-279,642,1515,1376
525622,533.06,110.475,478.34,118.875,270,574,-282,625,1516,1380
525624,532.98,111,479.46,120.375,269,580,-272,641,1515,1380
525626,533.3,110.4,478.58,118.65,273,574,-280,622,1513,1380
525628,533.38,111.225,479.38,119.55,273,583,-273,633,1514,1378
525630,533.62,110.775,478.42,119.55,275,578,-282,632,1517,1380
525632,533.14,111.225,479.06,119.925,270,582,-276,637,1511,1383
525634,532.98,111.15,478.9,117.75,269,582,-277,614,1520,1389
525636,532.66,111.525,479.22,118.725,265,585,-274,625,1522,1385
525638,532.26,111.45,479.3,119.1,261,585,-273,628,1520,1384
525640,532.5,112.275,478.42,118.95,263,593,-282,626,1518,1382
525642,532.66,111.375,479.3,119.775,266,584,-274,635,1522,1385
525644,532.26,112.05,478.18,119.625,262,591,-285,633,1519,1386
525646,531.3,113.025,478.82,118.2,251,600,-277,619,1522,1383
525648,531.94,112.05,479.22,119.4,258,591,-275,632,1521,1380
525650,531.86,113.85,478.34,119.475,256,610,-283,632,1515,1385
525652,531.78,112.35,478.74,118.5,256,594,-279,622,1520,1387
525654,531.78,112.275,478.74,119.175,256,593,-279,629,1520,1386
525656,531.3,113.85,479.14,119.4,250,610,-276,632,1519,1389
525658,530.42,112.8,478.58,119.175,242,598,-281,629,1520,1386
525660,531.22,112.8,479.38,119.325,250,599,-273,631,1520,1385
525662,531.54,112.8,479.22,118.425,253,599,-274,622,1519,1388
525664,530.98,113.775,479.06,119.325,247,609,-276,631,1523,1389
525666,530.02,115.425,479.38,119.475,236,625,-273,633,1521,1394
525668,531.7,115.05,479.38,119.175,253,623,-273,630,1518,1389
525670,530.9,113.925,479.62,120.825,246,610,-272,648,1523,1384
525672,530.1,113.775,479.06,120.3,238,608,-277,642,1520,1386
525674,530.1,113.925,479.94,118.275,238,611,-267,622,1525,1394
525676,530.34,114.675,479.14,118.575,240,619,-275,625,1524,1389
525678,530.34,115.5,479.14,119.4,239,627,-276,633,1523,1389
525680,529.86,114.75,478.98,119.175,234,619,-277,631,1523,1389
525682,529.78,114,480.1,119.55,235,612,-266,635,1528,1389
525684,530.26,114.375,479.86,119.325,239,615,-268,633,1524,1392
525686,530.42,114.3,479.78,119.4,241,615,-269,634,1527,1392
525688,531.3,116.25,478.9,120.225,248,636,-279,642,1528,1388
525690,529.86,119.1,477.54,122.1,232,665,-294,660,1524,1393
525692,529.22,124.5,475.14,129,222,720,-322,731,1529,1386
525694,526.82,130.5,469.86,135.975,194,782,-381,800,1531,1389
525696,524.18,138.975,463.06,143.775,162,869,-455,878,1531,1387
525698,521.7,150.525,458.34,154.875,130,988,-511,991,1549,1404
525700,520.42,158.625,453.14,165.15,112,1072,-570,1096,1555,1409
525702,520.26,162.375,450.74,171.825,108,1112,-600,1165,1557,1412
525704,519.86,166.8,448.5,172.8,101,1158,-623,1174,1561,1416
525706,521.38,165.675,449.22,172.8,117,1147,-616,1174,1562,1418
525708,521.78,161.85,451.78,170.25,123,1107,-587,1149,1566,1422
525710,522.98,160.65,452.26,167.85,136,1095,-581,1124,1566,1423
525712,523.3,159.525,454.5,166.725,140,1083,-558,1113,1564,1419
525714,523.46,159.9,456.34,165.225,141,1087,-538,1099,1559,1415
525716,523.06,160.65,456.5,165.225,137,1094,-536,1098,1556,1413
525718,521.7,161.85,456.74,166.425,123,1106,-534,1111,1559,1412
525720,521.78,162.375,456.18,166.425,124,1112,-540,1111,1559,1411
525722,521.06,162.075,456.9,166.95,116,1108,-534,1117,1559,1411
525724,520.58,162.525,457.3,167.175,111,1112,-529,1120,1559,1411
525726,520.82,162.15,457.06,167.1,114,1109,-532,1118,1555,1409
525728,520.42,161.4,457.46,169.125,111,1100,-529,1140,1558,1406
525730,519.94,162.15,457.7,167.925,106,1108,-525,1127,1562,1415
525732,520.18,162.6,457.62,168.525,108,1113,-526,1133,1553,1413
525734,519.94,162,457.62,168.225,106,1106,-525,1131,1555,1413
525736,519.94,162.6,458.66,168.3,106,1113,-515,1132,1559,1409
525738,519.22,162.45,458.18,169.425,99,1110,-521,1143,1557,1407
525740,519.14,162.9,458.58,168.225,98,1115,-515,1131,1559,1407
525742,519.14,162.225,458.5,167.775,98,1108,-516,1126,1559,1410
525744,518.98,162.9,459.62,167.7,97,1115,-504,1126,1557,1412
525746,519.38,162.225,459.94,168,101,1108,-502,1129,1560,1410
525748,519.06,163.275,460.5,167.775,98,1119,-495,1127,1559,1409
525750,519.7,162.825,461.06,168.45,104,1114,-490,1135,1557,1406
525752,519.3,162.75,460.5,168,101,1113,-495,1130,1558,1411
525754,518.74,164.025,461.38,168.3,94,1126,-486,1134,1552,1408
525756,519.22,164.325,462.02,168.225,99,1130,-480,1133,1553,1407
525758,518.9,163.725,462.02,168.45,96,1123,-480,1136,1560,1413
525760,518.82,164.25,462.34,169.2,95,1129,-476,1143,1557,1412
525762,519.14,163.5,462.74,168.675,99,1121,-472,1138,1557,1415
525764,518.66,163.425,462.42,168.9,95,1120,-475,1140,1561,1413
525766,518.66,163.8,463.14,168.225,95,1124,-467,1134,1560,1415
525768,518.18,165.075,462.58,169.575,89,1138,-473,1149,1559,1410
525770,517.3,163.65,463.3,168.15,81,1122,-466,1134,1558,1412
525772,517.06,164.625,462.66,168.3,79,1133,-472,1135,1558,1414
525774,518.02,163.35,462.58,167.925,89,1120,-473,1131,1558,1417
525776,517.38,164.55,463.38,166.95,82,1132,-463,1121,1557,1414
525778,517.54,163.8,463.7,168.3,84,1125,-461,1136,1559,1410
525780,517.54,163.725,464.1,167.925,83,1124,-457,1133,1557,1413
525782,516.58,164.775,462.98,167.625,73,1134,-468,1129,1556,1416
525784,516.74,163.875,463.06,168.15,76,1125,-467,1134,1555,1411
525786,516.18,163.8,463.62,167.7,70,1124,-461,1130,1555,1412
525788,516.18,163.8,463.62,167.55,70,1124,-461,1128,1556,1414
525790,516.26,162.6,464.26,166.8,72,1111,-454,1121,1554,1413
525792,515.7,162.6,464.02,167.55,67,1111,-458,1129,1555,1414
525794,515.38,164.475,463.7,166.5,62,1130,-460,1117,1551,1414
525796,514.82,162.9,464.26,167.1,57,1114,-455,1124,1554,1412
525798,514.98,162.525,464.58,165.6,59,1110,-450,1108,1556,1415
525800,515.06,163.425,464.82,165.525,59,1119,-448,1108,1555,1419
525802,515.86,163.725,464.82,165.6,67,1123,-448,1109,1551,1412
525804,514.58,162.45,464.26,166.2,55,1109,-455,1114,1555,1418
525806,514.98,162.375,465.78,165.675,59,1108,-439,1111,1554,1413
525808,515.14,162.075,465.3,164.1,60,1105,-443,1093,1552,1416
525810,514.58,161.25,465.86,165.225,55,1096,-438,1105,1557,1415
525812,514.74,162.3,466.18,164.25,56,1107,-435,1095,1552,1413
525814,515.06,162.45,465.38,165.15,58,1109,-443,1104,1552,1415
525816,514.74,162.225,465.7,164.775,55,1105,-440,1100,1553,1413
525818,514.1,162.3,465.7,165.075,48,1106,-440,1103,1551,1408
525820,514.74,162.375,466.02,164.25,54,1107,-437,1094,1550,1410
525822,514.26,161.7,465.7,165.075,50,1099,-442,1103,1553,1412
525824,513.7,162.225,465.38,165.075,43,1104,-445,1102,1551,1411
525826,513.06,162.225,465.54,164.55,37,1104,-443,1097,1553,1411
525828,512.18,163.2,465.78,165,26,1113,-442,1101,1550,1409
525830,513.14,162.075,465.7,164.85,37,1102,-443,1100,1552,1412
525832,512.66,163.5,465.14,165,30,1116,-449,1101,1548,1406
525834,512.02,162.9,465.38,165.3,24,1110,-447,1104,1552,1408
525836,512.58,162.075,466.02,164.925,29,1101,-441,1100,1553,1408
525838,512.02,162.6,465.94,163.8,23,1106,-441,1088,1551,1412
525840,511.94,163.875,466.02,165.15,21,1119,-443,1102,1548,1411
525842,512.02,162.15,465.46,165.975,22,1101,-449,1111,1554,1407
525844,511.62,163.275,465.46,164.25,17,1112,-448,1092,1550,1413
525846,511.3,163.125,465.38,165.15,14,1111,-450,1102,1551,1410
525848,510.42,162.075,465.06,164.625,5,1099,-454,1096,1551,1409
525850,511.3,163.425,464.74,164.625,13,1114,-456,1095,1549,1411
525852,510.66,164.1,465.94,163.875,5,1120,-445,1088,1546,1410
525854,510.5,162.225,465.22,164.475,5,1100,-452,1094,1555,1407
525856,510.5,163.8,465.78,164.325,3,1117,-447,1093,1553,1410
525858,510.74,162.75,464.98,164.7,6,1105,-455,1096,1551,1413
525860,509.78,161.775,465.62,164.025,-3,1095,-449,1089,1554,1413
525862,510.1,162.225,464.98,163.2,0,1100,-455,1080,1550,1414
525864,510.18,162.3,466.26,164.25,0,1100,-444,1092,1554,1408
525866,510.02,161.55,465.3,163.425,-1,1093,-453,1082,1553,1412
525868,510.26,162.15,466.9,163.2,0,1099,-438,1081,1548,1409
525870,510.26,162.15,466.42,163.65,0,1099,-443,1085,1552,1410
525872,510.18,161.175,466.42,162.45,-1,1088,-443,1073,1554,1410
525874,510.02,161.325,466.18,162.975,-2,1089,-445,1078,1551,1413
525876,509.3,161.1,466.82,162.45,-10,1087,-440,1073,1553,1415
525878,510.02,160.8,466.66,161.85,-3,1084,-441,1066,1552,1414
525880,509.14,160.575,466.74,161.85,-12,1081,-440,1066,1551,1414
525882,509.7,160.275,466.42,160.875,-7,1078,-443,1056,1549,1416
525884,509.3,161.025,466.66,162.45,-12,1086,-443,1073,1551,1410
525886,509.06,160.425,466.58,160.8,-13,1079,-442,1055,1551,1413
525888,509.86,159.45,466.58,159.45,-6,1070,-442,1041,1552,1417
525890,510.02,159.3,466.74,159.525,-4,1068,-440,1042,1548,1417
525892,508.58,160.05,466.9,162.975,-19,1075,-441,1078,1551,1412
525894,509.3,160.2,467.22,161.7,-12,1077,-438,1065,1551,1413
525896,509.94,159.45,467.22,161.7,-5,1070,-438,1065,1551,1415
525898,508.74,159.675,467.54,162.75,-18,1072,-435,1076,1550,1414
525900,509.7,160.05,466.9,162.075,-9,1076,-442,1069,1550,1414
525902,509.38,160.05,467.78,162.525,-12,1076,-433,1075,1547,1412
525904,508.74,160.425,467.54,162.975,-19,1079,-436,1079,1548,1412
525906,509.38,160.125,467.22,163.275,-12,1077,-440,1082,1549,1412
525908,509.14,161.925,466.74,163.725,-16,1096,-445,1087,1540,1409
525910,507.94,161.4,466.74,164.55,-28,1090,-446,1095,1545,1410
525912,509.06,161.25,467.62,164.55,-17,1089,-437,1096,1545,1409
525914,508.26,162.375,467.94,165,-25,1101,-433,1101,1543,1409
525916,508.58,162.45,467.3,165.375,-22,1102,-440,1105,1544,1411
525918,509.06,162.3,467.94,164.7,-17,1101,-433,1099,1545,1412
525920,508.74,162,468.1,165.225,-20,1097,-432,1105,1546,1409
525922,508.66,163.2,468.5,163.875,-22,1110,-428,1091,1543,1411
525924,508.26,162.825,468.34,165,-25,1106,-430,1103,1542,1408
525926,509.06,161.7,468.02,165.075,-17,1095,-433,1103,1543,1409
525928,508.9,162.375,468.66,164.625,-19,1103,-426,1100,1545,1406
525930,508.74,163.5,468.1,164.325,-21,1115,-432,1096,1545,1413
525932,510.5,163.425,469.3,163.575,-3,1116,-418,1090,1540,1410
525934,511.86,164.475,470.98,165.075,9,1127,-403,1107,1544,1409
525936,514.82,167.475,474.18,169.875,37,1162,-373,1160,1538,1405
525938,523.7,169.575,479.22,175.95,125,1189,-326,1227,1540,1401
525940,534.74,177.6,487.46,185.4,232,1282,-250,1333,1549,1416
525942,549.38,186.75,498.42,196.425,373,1388,-146,1457,1553,1417
525944,565.06,195.15,509.38,209.55,527,1486,-43,1603,1554,1416
525946,582.34,206.85,522.9,217.2,693,1621,87,1694,1564,1427
525948,597.3,212.4,533.78,224.475,841,1690,193,1778,1573,1436
525950,611.86,215.7,547.3,227.1,985,1734,328,1814,1584,1433
525952,624.66,215.85,559.62,226.575,1114,1744,453,1816,1583,1436
525954,636.34,215.55,569.78,225.975,1231,1748,556,1816,1591,1442
525956,647.7,216.525,578.5,224.625,1345,1765,646,1807,1589,1445
525958,657.54,214.575,586.5,225.3,1444,1751,726,1819,1588,1445
525960,663.54,214.2,592.02,225.075,1505,1750,782,1820,1585,1441
525962,668.98,212.925,595.06,226.05,1560,1740,812,1832,1585,1431
525964,669.86,212.7,597.3,226.875,1569,1738,835,1842,1581,1434
525966,670.42,212.175,598.18,226.725,1576,1733,843,1841,1578,1434
525968,670.58,212.325,597.46,228.525,1577,1734,836,1859,1579,1422
525970,668.74,212.325,598.1,226.275,1559,1732,844,1835,1579,1435
525972,666.98,211.125,598.34,225.825,1542,1717,846,1829,1581,1435
525974,666.58,210.525,598.98,225.975,1539,1711,853,1831,1578,1436
525976,666.34,211.425,599.46,226.575,1535,1719,858,1837,1577,1435
525978,666.9,211.275,600.26,227.025,1542,1718,865,1842,1578,1440
525980,666.34,212.25,601.06,227.175,1535,1726,874,1843,1575,1431
525982,666.82,212.325,600.5,228.75,1541,1727,867,1859,1574,1429
525984,666.82,213.6,601.86,230.4,1540,1740,880,1877,1573,1424
525986,666.58,214.275,602.02,229.5,1538,1747,882,1867,1574,1425
525988,663.78,215.025,601.86,228.9,1510,1752,881,1860,1572,1431
525990,665.38,216,601.06,228.075,1525,1763,874,1850,1579,1432
525992,663.78,215.325,602.1,229.65,1509,1754,883,1867,1580,1425
525994,662.98,214.425,601.94,228.075,1501,1744,882,1849,1578,1430
525996,664.02,215.325,600.82,226.5,1512,1754,872,1832,1579,1433
525998,663.06,215.025,602.02,230.4,1502,1750,881,1874,1577,1423
526000,662.98,215.1,603.14,231,1501,1750,892,1880,1578,1422
526002,662.82,215.325,602.82,228.375,1499,1752,891,1852,1579,1426
526004,662.9,214.425,602.66,229.575,1500,1742,888,1864,1576,1426
526006,662.5,215.025,603.06,228.675,1496,1748,893,1855,1578,1425
526008,662.5,215.25,602.58,228.675,1495,1750,888,1854,1577,1427
526010,662.26,214.65,604.18,229.05,1494,1743,903,1859,1578,1429
526012,662.58,215.175,603.46,229.125,1497,1749,897,1859,1577,1428
526014,661.94,215.025,604.1,228.6,1490,1747,903,1854,1578,1428
526016,661.62,214.05,603.86,230.1,1487,1736,900,1869,1581,1426
526018,661.86,214.125,603.94,226.5,1490,1737,902,1831,1582,1432
526020,661.38,214.2,604.74,228.3,1485,1737,910,1850,1582,1428
526022,661.3,214.35,605.86,227.175,1484,1739,921,1839,1577,1432
526024,662.18,213.975,605.22,227.625,1493,1735,915,1843,1581,1428
526026,661.86,214.125,606.42,226.575,1490,1736,928,1833,1582,1433
526028,661.7,215.325,606.5,228.75,1487,1749,927,1856,1579,1432
526030,661.38,214.575,606.02,227.325,1484,1740,923,1841,1583,1437
526032,661.62,214.575,607.46,227.925,1487,1741,936,1848,1582,1427
526034,661.78,214.575,607.14,226.95,1488,1741,934,1837,1582,1435
526036,661.22,214.725,607.14,227.925,1482,1742,934,1848,1585,1434
526038,661.62,214.275,608.02,227.55,1487,1738,943,1844,1581,1432
526040,661.78,215.175,606.74,226.875,1489,1747,931,1837,1579,1435
526042,661.14,214.8,607.14,226.35,1482,1743,935,1831,1587,1437
526044,661.38,214.425,608.26,226.425,1485,1740,947,1833,1582,1436
526046,661.3,214.8,609.22,224.85,1484,1744,957,1817,1581,1439
526048,661.06,214.875,608.5,226.5,1482,1745,949,1835,1583,1440
526050,660.42,215.025,609.38,227.475,1475,1746,957,1845,1585,1437
526052,660.02,215.475,607.86,227.55,1471,1750,941,1845,1581,1437
526054,660.42,214.575,608.42,227.625,1476,1741,947,1847,1585,1439
526056,660.42,214.725,609.86,227.175,1475,1743,962,1843,1584,1439
526058,660.9,214.95,609.62,226.425,1480,1746,960,1835,1586,1443
526060,659.86,213.975,609.7,228.225,1471,1735,960,1855,1589,1436
526062,659.94,214.2,609.62,225.6,1471,1738,961,1827,1586,1442
526064,659.62,214.8,610.02,227.4,1468,1744,964,1846,1586,1440
526066,660.18,214.2,610.34,227.325,1473,1738,967,1846,1588,1439
526068,659.22,215.025,609.54,226.05,1464,1747,961,1833,1584,1444
526070,658.74,214.425,609.38,228.6,1459,1741,957,1859,1583,1439
526072,660.26,215.1,609.94,227.025,1474,1749,964,1844,1587,1442
526074,659.3,214.35,609.62,225.45,1465,1741,961,1827,1587,1453
526076,659.78,214.65,610.1,224.55,1470,1745,968,1818,1588,1455
526078,659.94,214.35,610.26,226.875,1472,1742,968,1843,1586,1447
526080,659.22,214.275,610.42,225.375,1465,1741,970,1828,1586,1448
526082,659.54,213.45,610.1,226.05,1469,1732,967,1835,1586,1448
526084,659.7,213.225,610.82,225.825,1470,1731,974,1833,1592,1447
526086,659.14,213.6,611.14,224.475,1465,1734,979,1819,1589,1451
526088,659.54,213.525,610.82,224.85,1470,1734,975,1824,1590,1448
526090,658.66,213.525,611.62,224.475,1460,1734,983,1820,1590,1448
526092,659.62,213.825,612.18,227.625,1471,1738,988,1854,1587,1438
526094,659.86,212.925,611.86,226.425,1474,1729,985,1841,1590,1442
526096,658.98,213.75,611.38,227.025,1465,1737,981,1848,1589,1440
526098,659.62,214.275,611.54,224.775,1471,1743,984,1824,1584,1445
526100,659.54,212.4,611.06,227.025,1471,1724,978,1848,1590,1440
526102,658.66,213.075,611.86,225.3,1462,1731,987,1830,1587,1448
526104,659.7,213.975,611.3,225.525,1472,1741,981,1833,1590,1446
526106,659.54,214.125,611.86,226.125,1471,1743,987,1839,1591,1444
526108,659.06,213.975,612.42,228.225,1466,1741,991,1862,1590,1441
526110,659.14,213.6,612.66,225.75,1467,1737,995,1836,1589,1448
526112,659.22,213.825,613.06,226.65,1468,1740,999,1847,1590,1443
526114,659.06,213.6,612.98,226.125,1467,1738,998,1841,1588,1450
526116,658.42,214.125,612.58,224.85,1460,1743,995,1828,1591,1447
526118,659.06,214.65,612.66,226.2,1466,1749,995,1842,1591,1443
526120,659.62,213.9,613.14,225.45,1472,1742,1001,1835,1591,1450
526122,658.98,213.375,612.82,227.175,1467,1735,997,1853,1590,1444
526124,658.82,214.425,612.34,224.775,1464,1747,993,1827,1590,1449
526126,658.5,214.35,612.98,225.6,1462,1746,999,1836,1591,1453
526128,658.98,213.825,612.98,226.575,1466,1741,999,1847,1589,1446
526130,658.42,213.45,612.82,224.85,1461,1736,998,1828,1593,1452
526132,658.66,213.15,613.06,224.325,1463,1734,1001,1823,1594,1449
526134,657.7,213.15,613.3,224.625,1454,1733,1003,1826,1590,1453
526136,658.42,213.75,613.62,225.675,1461,1740,1005,1838,1590,1449
526138,658.9,213.15,613.06,224.775,1465,1734,1001,1828,1593,1451
526140,658.98,213,613.22,225.225,1466,1733,1001,1833,1594,1452
526142,658.74,213.15,612.26,225.675,1463,1734,991,1838,1592,1450
526144,658.5,213,612.34,224.775,1461,1732,992,1828,1592,1451
526146,658.26,213,612.74,223.95,1459,1733,997,1820,1589,1455
526148,658.42,213.45,612.58,224.85,1460,1737,995,1829,1590,1450
526150,657.62,213.75,613.22,224.4,1452,1740,1002,1825,1594,1456
526152,658.1,213.675,612.58,226.2,1457,1739,994,1843,1593,1452
526154,658.42,213.15,611.46,224.325,1460,1734,983,1823,1594,1460
526156,658.34,210.9,612.34,222.075,1460,1711,994,1799,1591,1457
526158,659.86,207.3,613.38,218.325,1478,1674,1006,1761,1594,1458
526160,662.26,203.175,614.34,213.825,1503,1631,1018,1714,1588,1456
526162,664.26,194.175,616.82,207.975,1528,1538,1046,1653,1597,1463
526164,666.98,184.8,618.02,202.275,1559,1441,1061,1594,1591,1452
526166,667.54,177.75,618.42,195.3,1569,1367,1069,1520,1583,1438
526168,671.06,173.25,618.66,189.15,1606,1323,1075,1455,1577,1436
526170,673.78,170.4,618.82,184.65,1634,1294,1079,1408,1573,1439
526172,676.02,168.525,619.7,183.15,1657,1276,1088,1393,1566,1438
526174,677.38,167.85,620.34,181.35,1671,1270,1096,1375,1565,1447
526176,678.18,166.95,619.86,182.475,1679,1261,1090,1386,1566,1444
526178,678.66,166.875,618.26,182.775,1684,1261,1074,1388,1564,1444
526180,679.62,167.625,617.06,182.475,1693,1269,1061,1383,1566,1444
526182,678.74,167.7,617.22,184.275,1684,1269,1062,1403,1569,1446
526184,677.86,168.6,617.78,184.05,1675,1277,1068,1400,1568,1448
526186,678.1,168.825,618.1,182.925,1677,1280,1071,1388,1567,1449
526188,677.46,168.225,618.98,185.625,1670,1273,1079,1417,1571,1444
526190,677.06,168.675,619.62,184.05,1667,1277,1086,1401,1570,1444
526192,676.74,169.125,620.58,182.925,1662,1282,1096,1390,1571,1445
526194,676.74,168.6,620.18,184.275,1663,1276,1091,1403,1572,1441
526196,676.34,168.825,621.06,183.3,1659,1278,1100,1394,1573,1445
526198,676.66,169.875,620.74,183.3,1661,1289,1097,1394,1569,1443
526200,676.02,169.8,621.3,183.15,1654,1287,1102,1392,1572,1442
526202,675.54,170.55,621.22,182.775,1649,1295,1101,1388,1570,1444
526204,675.94,170.7,621.78,183.6,1652,1297,1106,1397,1567,1441
526206,676.5,170.475,622.34,183.9,1658,1295,1111,1401,1569,1443
526208,676.34,170.7,622.42,184.125,1656,1297,1112,1403,1572,1441
526210,676.02,171.15,621.54,183.375,1652,1301,1104,1394,1570,1443
526212,676.34,171.375,621.78,184.425,1655,1303,1105,1406,1568,1439
526214,675.62,171.225,621.46,183.375,1648,1301,1103,1394,1567,1442
526216,675.22,171.225,622.02,183.225,1644,1301,1108,1393,1568,1442
526218,675.22,170.1,621.94,181.95,1644,1289,1108,1379,1569,1443
526220,675.14,170.325,621.78,183.225,1643,1291,1105,1392,1571,1442
526222,675.3,171.375,621.86,183.675,1644,1302,1105,1398,1567,1442
526224,674.58,171,621.94,184.5,1637,1298,1105,1406,1566,1436
526226,674.58,170.55,621.78,184.8,1637,1293,1103,1409,1569,1435
526228,674.82,170.925,622.26,183.6,1638,1297,1108,1397,1569,1440
526230,673.62,170.775,621.86,183.45,1626,1295,1104,1395,1568,1441
526232,673.78,170.325,621.14,184.575,1627,1290,1095,1406,1567,1437
526234,674.1,170.475,621.78,183.675,1630,1292,1102,1396,1565,1439
526236,673.78,170.25,622.9,183.675,1627,1289,1113,1397,1568,1438
526238,673.46,169.95,621.54,183.525,1623,1286,1100,1395,1566,1440
526240,673.46,169.575,622.42,183.3,1623,1282,1107,1393,1567,1439
526242,673.46,169.125,622.58,181.875,1624,1277,1110,1378,1565,1436
526244,672.58,168.975,623.22,182.775,1615,1274,1115,1387,1568,1437
526246,672.98,169.125,622.66,183,1618,1277,1110,1390,1564,1438
526248,672.82,168.45,623.7,181.725,1616,1269,1120,1377,1564,1437
526250,673.62,168.375,622.5,181.575,1624,1268,1108,1374,1565,1440
526252,673.54,168.45,623.54,181.2,1622,1269,1118,1371,1563,1440
526254,672.5,168,623.54,181.65,1612,1264,1117,1375,1561,1436
526256,673.46,168.9,623.3,181.575,1621,1273,1114,1374,1559,1427
526258,672.9,168.15,623.62,180.3,1615,1265,1118,1361,1560,1436
526260,672.34,167.7,623.3,181.125,1609,1260,1114,1369,1560,1427
526262,672.82,167.775,623.54,180.975,1614,1261,1117,1367,1558,1428
526264,673.7,168.075,622.9,179.85,1622,1265,1110,1355,1556,1432
526266,672.9,168.45,624.02,180.975,1614,1268,1121,1367,1559,1428
526268,673.22,167.85,623.14,179.625,1617,1261,1112,1352,1555,1428
526270,673.06,167.85,624.58,180.225,1616,1261,1126,1360,1557,1433
526272,672.9,168.6,624.66,181.425,1613,1268,1126,1372,1554,1426
526274,673.06,168.75,623.62,181.125,1615,1270,1116,1367,1552,1423
526276,672.34,168.675,624.34,180.375,1608,1268,1123,1360,1553,1428
526278,672.26,168.75,624.98,180.825,1607,1269,1129,1366,1553,1430
526280,672.9,168.6,624.58,181.2,1613,1268,1125,1369,1550,1426
526282,672.9,168.675,624.26,180.3,1612,1269,1122,1359,1550,1427
526284,673.06,169.275,625.22,181.125,1614,1274,1131,1368,1550,1426
526286,673.06,168.675,623.7,182.175,1614,1268,1115,1378,1547,1416
526288,672.18,169.35,624.74,181.875,1604,1274,1125,1375,1548,1419
526290,672.26,169.2,625.7,183.6,1605,1273,1134,1394,1548,1417
526292,672.42,168.975,625.38,182.475,1606,1271,1130,1382,1544,1408
526294,672.9,170.175,625.14,182.925,1610,1284,1128,1386,1540,1415
526296,673.46,169.8,626.02,184.8,1616,1280,1135,1407,1538,1404
526298,672.82,169.725,624.5,183.15,1610,1279,1121,1388,1541,1406
526300,672.98,169.8,625.14,182.55,1611,1280,1127,1382,1537,1406
526302,673.38,170.1,625.46,181.5,1614,1283,1131,1371,1537,1406
526304,672.82,169.725,626.26,185.475,1609,1279,1137,1414,1534,1397
526306,672.58,170.4,624.5,181.95,1606,1286,1121,1376,1535,1405
526308,672.02,170.4,625.78,183.75,1601,1285,1132,1395,1532,1398
526310,672.66,169.95,625.38,184.65,1607,1281,1128,1405,1532,1394
526312,672.74,170.475,625.62,181.95,1607,1287,1132,1376,1530,1400
526314,672.02,169.5,626.02,183.45,1601,1276,1135,1393,1529,1391
526316,672.98,169.8,626.9,182.7,1610,1280,1143,1386,1529,1393
526318,672.58,169.8,625.94,184.275,1606,1280,1133,1402,1527,1388
526320,672.34,170.025,626.42,183,1603,1283,1138,1388,1526,1389
526322,672.34,169.125,625.62,183.225,1604,1273,1130,1390,1527,1387
526324,673.06,169.425,626.74,182.325,1610,1277,1142,1382,1524,1390
526326,672.98,169.575,626.18,181.275,1609,1278,1137,1371,1523,1393
526328,672.66,169.05,627.46,182.925,1606,1273,1149,1389,1524,1383
526330,673.06,168.525,627.38,183.6,1611,1267,1147,1396,1520,1382
526332,670.74,169.425,625.94,182.025,1587,1276,1134,1378,1520,1390
526334,666.9,171,622.74,180.375,1548,1289,1103,1359,1517,1383
526336,658.5,173.475,617.06,183.075,1463,1310,1045,1384,1518,1381
526338,644.98,176.25,604.74,180,1327,1330,923,1343,1520,1384
526340,627.38,180.675,588.66,179.925,1149,1365,762,1332,1519,1381
526342,604.98,185.175,567.78,182.55,923,1398,551,1346,1517,1386
526344,580.66,190.8,542.1,185.25,675,1442,291,1357,1518,1389
526346,554.82,193.125,517.7,186.225,414,1449,45,1352,1527,1391
526348,529.3,195,492.1,185.25,156,1452,-212,1325,1524,1389
526350,504.26,195.6,466.74,183.675,-96,1442,-468,1291,1522,1390
526352,479.46,195.75,440.42,183.375,-347,1427,-734,1270,1515,1390
526354,452.82,195.75,412.58,184.05,-617,1410,-1017,1259,1501,1382
526356,426.1,196.8,385.38,182.475,-889,1403,-1293,1224,1493,1379
526358,399.62,194.775,355.78,178.95,-1158,1364,-1593,1166,1486,1373
526360,371.7,195,325.62,177,-1443,1347,-1899,1126,1474,1372
526362,344.18,197.25,297.06,175.65,-1726,1353,-2191,1092,1467,1369
526364,316.98,200.55,266.9,174.6,-2008,1371,-2500,1060,1464,1357
526366,291.7,203.7,238.74,175.2,-2271,1387,-2791,1047,1455,1354
526368,267.62,206.25,212.66,178.05,-2521,1398,-3062,1060,1447,1346
526370,245.46,207,186.42,178.275,-2751,1391,-3335,1044,1446,1349
526372,224.82,208.125,163.62,182.25,-2966,1389,-3575,1071,1437,1342
526374,205.7,207.675,143.38,187.05,-3163,1373,-3791,1109,1433,1329
526376,189.7,208.95,126.02,188.475,-3331,1375,-3973,1112,1433,1333
526378,175.86,210.225,111.14,190.575,-3477,1379,-4131,1124,1431,1331
526380,165.22,209.625,100.5,191.175,-3586,1366,-4243,1123,1432,1330
526382,160.66,210.45,93.06,193.725,-3635,1372,-4323,1146,1430,1340
526384,158.82,210,91.62,195.225,-3653,1365,-4339,1161,1431,1336
526386,160.18,209.4,92.82,193.275,-3638,1359,-4325,1141,1437,1339
526388,161.94,208.575,94.58,193.275,-3618,1352,-4306,1142,1431,1340
526390,163.14,206.85,96.34,191.4,-3604,1334,-4285,1123,1436,1335
526392,163.3,205.2,99.3,187.8,-3601,1317,-4250,1086,1437,1338
526394,163.14,204.3,99.54,187.65,-3601,1306,-4248,1084,1436,1339
526396,162.66,204.75,97.06,188.025,-3606,1311,-4273,1087,1439,1329
526398,161.46,207.15,95.94,187.875,-3622,1336,-4285,1085,1427,1327
526400,160.9,208.575,95.06,189.225,-3628,1352,-4296,1099,1429,1326
526402,160.58,208.425,93.78,189.6,-3631,1350,-4309,1102,1429,1331
526404,160.26,208.35,93.54,189.15,-3635,1349,-4311,1097,1428,1326
526406,160.34,207.75,95.14,190.125,-3633,1342,-4296,1109,1426,1325
526408,160.9,206.625,94.66,190.05,-3626,1330,-4300,1108,1423,1325
526410,161.46,205.95,96.1,189.075,-3620,1324,-4284,1098,1421,1320
526412,161.22,204.75,95.86,188.625,-3620,1311,-4286,1093,1422,1323
526414,161.06,205.05,96.42,188.775,-3622,1313,-4279,1095,1420,1322
526416,161.06,204.975,96.1,188.7,-3622,1313,-4283,1094,1422,1318
526418,159.54,203.325,96.1,187.8,-3635,1294,-4281,1084,1417,1318
526420,159.06,203.625,96.1,187.95,-3641,1297,-4282,1085,1413,1319
526422,158.66,204.15,95.3,186.975,-3646,1302,-4289,1075,1415,1321
526424,158.02,204.3,96.18,187.65,-3653,1304,-4280,1082,1412,1320
526426,158.02,203.775,96.18,186.6,-3652,1298,-4279,1071,1411,1316
526428,157.46,202.65,96.82,185.85,-3657,1286,-4272,1063,1410,1314
526430,156.34,203.025,96.98,186.075,-3668,1289,-4270,1066,1412,1320
526432,156.42,201.675,97.62,185.325,-3666,1274,-4263,1059,1408,1317
526434,155.7,201.375,97.94,185.025,-3674,1271,-4259,1056,1408,1311
526436,155.62,201.9,96.98,185.7,-3675,1276,-4270,1062,1406,1318
526438,155.14,201.75,98.18,186.3,-3680,1274,-4258,1069,1404,1318
526440,154.98,202.05,97.14,186.075,-3682,1277,-4269,1066,1405,1313
526442,154.82,201.375,97.14,184.575,-3683,1270,-4267,1050,1406,1317
526444,154.5,201,97.94,185.625,-3686,1265,-4260,1061,1407,1316
526446,154.58,199.65,97.38,185.1,-3684,1251,-4265,1056,1411,1313
526448,153.38,200.175,97.78,184.65,-3697,1256,-4261,1051,1408,1313
526450,152.74,200.475,98.18,184.275,-3704,1258,-4256,1047,1410,1318
526452,152.74,198.9,96.98,184.125,-3702,1241,-4269,1044,1405,1319
526454,151.54,199.875,97.78,184.275,-3716,1251,-4261,1046,1408,1313
526456,151.94,199.95,98.1,184.725,-3712,1252,-4258,1052,1408,1314
526458,151.86,199.575,98.66,185.85,-3713,1248,-4253,1064,1405,1314
526460,151.06,199.575,97.78,184.425,-3721,1248,-4261,1048,1405,1320
526462,150.82,198.975,97.78,184.5,-3723,1241,-4262,1049,1409,1317
526464,151.06,199.65,98.98,185.1,-3722,1248,-4250,1057,1405,1318
526466,150.5,199.35,97.54,184.5,-3728,1245,-4265,1049,1405,1318
526468,150.58,199.35,98.5,183.9,-3727,1245,-4254,1043,1403,1319
526470,150.34,198.825,97.7,184.8,-3729,1239,-4264,1053,1402,1328
526472,151.06,198.975,97.7,182.475,-3722,1241,-4261,1028,1403,1323
526474,150.58,198.6,98.1,184.425,-3726,1237,-4259,1049,1403,1323
526476,149.78,197.7,98.02,183.45,-3734,1226,-4259,1038,1405,1324
526478,149.7,198.9,97.7,183.225,-3736,1239,-4262,1036,1403,1321
526480,149.62,198.675,98.02,183.3,-3738,1237,-4260,1037,1403,1321
526482,149.78,198.15,97.3,183.6,-3735,1232,-4268,1040,1406,1316
526484,149.7,198.525,97.3,183.825,-3737,1236,-4269,1042,1403,1318
526486,149.54,197.4,96.9,182.7,-3738,1224,-4271,1030,1400,1321
526488,149.38,198.6,98.18,183.525,-3741,1236,-4259,1040,1403,1317
526490,149.38,198.075,98.02,181.875,-3740,1231,-4259,1022,1399,1321
526492,149.54,197.925,98.1,183.675,-3739,1230,-4261,1042,1398,1316
526494,149.46,197.4,98.98,182.925,-3739,1224,-4251,1035,1398,1320
526496,149.3,197.925,98.02,182.4,-3742,1230,-4261,1028,1397,1320
526498,149.3,197.7,97.78,182.85,-3741,1228,-4264,1033,1397,1319
526500,147.94,195.675,98.26,181.95,-3754,1204,-4258,1024,1399,1324
526502,149.38,197.325,98.02,180.3,-3740,1223,-4258,1005,1396,1327
526504,149.06,195.9,97.14,179.55,-3743,1208,-4267,997,1395,1327
526506,149.06,195.75,97.86,180.6,-3743,1206,-4261,1008,1397,1326
526508,149.54,195.675,98.18,181.8,-3738,1206,-4259,1022,1401,1322
526510,149.46,196.575,98.34,181.35,-3740,1215,-4257,1017,1396,1325
526512,149.46,196.2,98.5,180.825,-3740,1211,-4255,1011,1395,1324
526514,149.86,196.275,98.02,180.15,-3736,1212,-4260,1004,1396,1328
526516,149.3,195.6,98.98,179.1,-3741,1204,-4249,993,1399,1329
526518,149.46,195.75,99.46,179.4,-3740,1206,-4244,996,1398,1328
526520,148.26,195.15,99.7,180.9,-3752,1198,-4244,1012,1397,1326
526522,149.94,195.675,99.22,180.6,-3735,1205,-4248,1008,1400,1325
526524,149.22,195.525,99.3,178.8,-3743,1203,-4246,990,1397,1328
526526,149.54,194.775,99.7,181.65,-3739,1195,-4245,1020,1399,1324
526528,149.7,194.925,99.78,180.6,-3738,1197,-4244,1008,1397,1322
526530,150.1,195.225,98.98,178.2,-3733,1200,-4249,983,1398,1333
526532,149.14,195.375,99.62,180.15,-3744,1200,-4245,1004,1397,1327
526534,150.42,195.975,99.86,179.85,-3731,1208,-4242,1001,1394,1328
526536,149.54,194.325,100.18,179.025,-3739,1190,-4238,992,1400,1329
526538,149.46,193.95,100.18,180.075,-3739,1186,-4239,1003,1402,1327
526540,149.7,194.25,99.62,178.425,-3737,1188,-4244,985,1398,1330
526542,149.38,193.8,99.94,178.35,-3740,1183,-4240,984,1399,1333
526544,149.38,194.85,99.78,179.625,-3741,1195,-4243,997,1396,1328
526546,150.1,193.275,99.94,179.7,-3732,1178,-4241,999,1403,1328
526548,150.26,195,100.26,178.95,-3733,1196,-4238,991,1402,1329
526550,149.7,194.475,100.5,177.375,-3738,1191,-4233,974,1401,1336
526552,149.46,193.425,99.54,176.475,-3740,1179,-4242,964,1404,1339
526554,149.86,194.475,100.5,177.075,-3737,1190,-4232,971,1405,1334
526556,149.3,193.05,99.62,179.175,-3741,1175,-4244,992,1403,1331
526558,150.02,193.05,100.1,178.05,-3734,1176,-4238,980,1406,1333
526560,150.1,193.35,99.94,176.175,-3733,1179,-4238,961,1404,1337
526562,149.62,193.05,99.7,176.175,-3738,1175,-4241,960,1404,1340
526564,149.22,193.425,99.7,175.95,-3742,1179,-4241,958,1405,1342
526566,149.46,193.275,98.98,176.4,-3740,1177,-4249,962,1406,1341
526568,149.78,193.35,99.38,174.675,-3737,1179,-4243,944,1407,1345
526570,149.06,193.875,99.86,175.95,-3745,1183,-4239,958,1402,1341
526572,149.06,193.5,99.62,177.45,-3745,1180,-4243,974,1403,1336
526574,148.82,193.5,99.62,174.3,-3747,1180,-4240,940,1402,1345
526576,149.14,193.2,98.9,175.35,-3744,1176,-4249,950,1406,1342
526578,149.06,193.275,99.54,175.8,-3745,1177,-4243,956,1404,1339
526580,148.82,192.975,99.46,174.45,-3747,1173,-4243,941,1404,1345
526582,149.94,191.625,100.26,173.7,-3735,1160,-4234,934,1406,1346
526584,152.98,191.025,104.34,173.325,-3703,1155,-4191,932,1409,1345
526586,158.66,188.925,109.94,174,-3641,1137,-4133,943,1407,1342
526588,164.66,186.75,117.7,170.4,-3577,1117,-4049,911,1402,1347
526590,174.82,183.375,126.1,170.925,-3468,1088,-3962,922,1402,1345
526592,183.54,181.2,135.54,169.05,-3375,1071,-3862,908,1405,1345
526594,190.66,177.75,141.22,168.9,-3298,1039,-3803,910,1404,1349
526596,193.94,176.175,143.46,168.3,-3263,1024,-3780,906,1401,1345
526598,194.26,178.95,144.34,165.9,-3262,1054,-3767,880,1393,1352
526600,194.1,181.275,142.82,165.525,-3267,1079,-3783,875,1391,1348
526602,193.38,183.525,140.1,166.05,-3277,1102,-3812,879,1395,1346
526604,192.34,182.55,137.54,166.05,-3287,1091,-3839,877,1399,1345
526606,191.54,183.3,135.86,165.075,-3297,1098,-3856,866,1403,1343
526608,191.22,182.775,136.1,167.025,-3300,1093,-3855,886,1409,1344
526610,191.22,180.825,137.38,165.975,-3297,1071,-3841,876,1411,1347
526612,192.1,176.775,137.14,166.65,-3285,1029,-3845,882,1406,1343
526614,192.18,177.6,137.94,167.475,-3284,1037,-3837,892,1407,1342
526616,192.42,177.525,139.22,166.65,-3283,1037,-3824,884,1411,1345
526618,192.26,179.325,139.14,166.875,-3286,1056,-3825,886,1405,1345
526620,192.34,179.475,139.62,166.275,-3285,1058,-3819,880,1403,1345
526622,191.14,180.225,139.38,168,-3298,1064,-3823,898,1413,1344
526624,190.34,181.35,138.82,168.525,-3307,1077,-3830,903,1416,1344
526626,190.26,182.1,139.3,167.7,-3309,1084,-3824,895,1413,1344
526628,190.34,182.775,140.02,167.85,-3309,1092,-3816,898,1416,1344
526630,189.62,182.175,140.58,167.55,-3316,1085,-3810,894,1418,1344
526632,190.5,183.45,140.58,168.075,-3308,1099,-3811,900,1418,1343
526634,190.1,181.5,140.34,167.4,-3310,1078,-3813,893,1417,1345
526636,190.74,181.5,140.42,168,-3304,1079,-3813,900,1415,1344
526638,190.42,180.675,140.18,167.475,-3306,1069,-3815,894,1419,1348
526640,190.66,180.75,139.94,167.1,-3304,1070,-3817,889,1418,1344
526642,191.86,181.875,140.82,166.875,-3292,1083,-3808,888,1417,1345
526644,190.66,180.75,140.82,167.4,-3304,1071,-3808,893,1410,1342
526646,190.02,181.275,141.06,168.675,-3311,1075,-3807,907,1419,1342
526648,190.98,180,141.54,166.8,-3300,1063,-3800,888,1424,1342
526650,190.5,180.075,140.9,167.625,-3306,1063,-3808,896,1420,1341
526652,190.5,179.4,142.02,167.175,-3305,1056,-3796,892,1420,1340
526654,190.1,179.475,142.18,166.875,-3309,1057,-3794,889,1424,1342
526656,190.66,179.775,141.62,167.475,-3304,1060,-3800,895,1419,1339
526658,190.02,177.9,142.34,167.1,-3308,1039,-3793,892,1420,1341
526660,190.74,178.725,142.82,166.575,-3302,1049,-3787,886,1419,1341
526662,190.42,177,142.26,165.3,-3303,1030,-3792,872,1424,1343
526664,190.18,177.375,141.94,165.675,-3306,1034,-3795,876,1421,1343
526666,190.02,176.1,141.3,164.7,-3307,1020,-3801,864,1421,1349
526668,190.82,174.675,141.54,163.875,-3298,1005,-3798,855,1421,1347
526670,189.86,174.3,141.78,165.75,-3307,1000,-3797,875,1419,1340
526672,188.74,175.425,142.42,165.525,-3320,1010,-3791,873,1423,1343
526674,190.02,175.425,142.66,165.825,-3307,1011,-3788,876,1424,1339
526676,190.02,175.05,141.06,164.7,-3307,1006,-3805,862,1419,1340
526678,189.78,174.3,142.02,164.775,-3308,998,-3795,864,1420,1337
526680,190.5,172.8,141.7,164.475,-3300,981,-3797,859,1417,1337
526682,189.46,171.375,140.98,164.925,-3309,966,-3806,863,1417,1337
526684,189.46,172.425,141.54,166.575,-3310,976,-3802,880,1422,1333
526686,189.22,172.725,141.38,166.425,-3313,979,-3803,878,1422,1333
526688,188.74,173.325,140.74,164.7,-3319,983,-3808,858,1421,1332
526690,188.42,173.175,140.74,164.775,-3322,982,-3809,859,1423,1335
526692,188.66,173.1,141.46,165.375,-3319,980,-3802,865,1418,1333
526694,188.26,173.55,141.38,165.45,-3324,984,-3802,866,1417,1330
526696,187.78,172.875,140.34,165,-3328,975,-3813,859,1418,1332
526698,187.62,172.35,140.34,163.725,-3330,970,-3812,845,1417,1332
526700,188.26,172.425,140.34,165.15,-3323,970,-3813,859,1416,1329
526702,188.26,171.75,140.34,164.55,-3323,963,-3813,853,1416,1330
526704,186.98,170.775,139.78,163.575,-3335,950,-3818,841,1419,1334
526706,187.54,171.6,139.94,163.575,-3330,959,-3816,840,1419,1330
526708,188.02,171.975,140.66,164.775,-3326,962,-3810,853,1417,1330
526710,187.78,173.625,140.42,165.225,-3330,980,-3813,858,1420,1325
526712,187.54,173.175,139.46,163.5,-3333,974,-3822,837,1421,1327
526714,187.38,173.55,140.26,164.25,-3335,978,-3815,846,1420,1325
526716,186.82,173.1,140.58,164.625,-3341,972,-3812,849,1423,1325
526718,186.98,173.175,140.9,163.425,-3339,973,-3808,836,1420,1327
526720,187.62,174.075,140.42,164.55,-3334,982,-3814,848,1419,1321
526722,186.98,173.7,139.94,164.1,-3340,977,-3819,842,1421,1323
526724,187.22,173.325,139.38,164.475,-3338,973,-3825,845,1421,1327
526726,187.3,172.5,140.98,164.025,-3336,964,-3808,842,1419,1322
526728,187.38,174,140.18,164.625,-3337,980,-3817,847,1421,1318
526730,187.46,173.175,140.1,163.575,-3336,972,-3817,836,1421,1321
526732,187.06,172.95,141.06,164.925,-3340,968,-3809,851,1415,1317
526734,187.3,173.025,140.42,164.475,-3338,969,-3816,845,1421,1317
526736,187.54,173.55,141.22,162.525,-3336,975,-3806,826,1423,1316
526738,187.3,172.425,141.38,164.7,-3338,963,-3806,849,1421,1316
526740,186.9,174.075,140.66,164.85,-3344,980,-3815,850,1424,1316
526742,187.46,173.025,141.54,162.975,-3337,970,-3803,831,1418,1311
526744,187.46,173.55,141.54,164.325,-3338,975,-3805,845,1420,1314
526746,186.5,173.325,141.3,163.95,-3347,972,-3808,841,1429,1318
526748,186.5,173.475,142.26,163.05,-3348,974,-3797,832,1429,1314
526750,186.66,172.65,140.66,163.95,-3346,965,-3814,841,1432,1310
526752,186.58,173.925,141.3,163.2,-3348,979,-3807,834,1427,1312
526754,186.26,172.95,141.38,163.95,-3350,968,-3807,841,1428,1309
526756,186.42,173.4,141.7,164.475,-3350,974,-3805,847,1429,1306
526758,186.98,175.05,142.34,164.55,-3346,992,-3798,848,1434,1309
526760,186.1,172.5,141.86,163.35,-3352,964,-3802,836,1428,1305
526762,186.26,173.625,141.06,164.25,-3352,977,-3811,845,1426,1308
526764,186.42,173.325,141.14,164.325,-3350,974,-3811,847,1429,1309
526766,186.02,173.4,141.3,163.875,-3354,974,-3809,842,1429,1321
526768,186.34,173.025,140.9,163.65,-3351,971,-3813,840,1433,1315
526770,186.34,174.225,141.62,165,-3352,984,-3807,854,1433,1304
526772,186.5,174,141.78,165.75,-3350,982,-3806,864,1432,1306
526774,186.26,174.075,141.22,164.55,-3353,983,-3811,850,1432,1304
526776,184.98,175.05,140.34,164.85,-3367,993,-3820,854,1429,1303
526778,181.62,176.325,136.98,165.975,-3403,1004,-3856,863,1427,1306
526780,177.54,178.2,131.86,164.775,-3447,1022,-3908,847,1432,1301
526782,170.58,182.925,124.18,166.95,-3524,1068,-3990,865,1430,1307
526784,163.22,187.5,113.86,168.825,-3605,1113,-4100,879,1430,1303
526786,156.5,189.825,105.14,170.925,-3678,1133,-4193,895,1426,1303
526788,148.82,189.975,96.82,175.65,-3758,1130,-4285,940,1425,1297
526790,144.98,191.1,90.58,176.85,-3799,1139,-4352,948,1417,1295
526792,143.46,191.475,88.34,177.45,-3815,1143,-4376,954,1417,1291
526794,143.14,189.675,88.58,179.625,-3816,1123,-4375,978,1416,1288
526796,144.26,189.375,89.46,177.225,-3804,1121,-4363,953,1417,1293
526798,145.46,188.1,92.02,174.6,-3790,1109,-4334,927,1417,1298
526800,147.14,187.725,95.94,177.3,-3771,1106,-4295,959,1420,1292
526802,146.9,187.725,97.38,172.725,-3774,1106,-4275,911,1423,1302
526804,147.06,187.05,98.34,172.95,-3771,1099,-4264,914,1421,1301
526806,147.3,188.175,98.26,173.325,-3770,1111,-4265,918,1417,1297
526808,146.58,188.7,97.94,176.4,-3777,1117,-4272,952,1420,1293
526810,146.34,188.7,96.74,173.475,-3780,1117,-4281,920,1421,1295
526812,145.86,188.85,96.5,177.9,-3784,1119,-4287,967,1419,1291
526814,145.94,188.625,95.78,176.7,-3783,1117,-4293,954,1422,1293
526816,145.38,188.4,95.22,177.9,-3788,1115,-4300,967,1420,1291
526818,145.7,188.475,94.42,175.65,-3785,1116,-4306,942,1421,1292
526820,145.94,188.85,95.14,178.725,-3782,1120,-4301,977,1422,1286
526822,145.38,189,95.7,178.5,-3788,1122,-4295,974,1421,1289
526824,145.38,189.3,96.66,179.025,-3787,1125,-4285,982,1418,1288
526826,145.3,188.325,96.66,178.725,-3787,1115,-4284,978,1424,1286
526828,144.98,188.7,96.5,177.15,-3789,1119,-4284,962,1421,1291
526830,145.78,189.15,96.34,176.55,-3782,1124,-4285,955,1418,1293
526832,145.46,188.4,96.42,178.2,-3784,1116,-4285,973,1423,1286
526834,144.66,188.625,96.82,176.625,-3792,1118,-4279,956,1422,1291
526836,144.34,187.5,95.94,173.925,-3794,1106,-4285,927,1423,1294
526838,144.82,188.55,96.34,176.85,-3790,1118,-4283,959,1423,1290
526840,144.58,188.325,96.58,177.75,-3792,1115,-4281,969,1422,1287
526842,144.98,187.65,96.9,175.5,-3787,1108,-4275,945,1427,1293
526844,145.22,187.65,97.3,177.375,-3783,1109,-4273,965,1427,1292
526846,144.9,187.65,96.58,175.875,-3787,1109,-4279,949,1425,1292
526848,144.82,185.925,97.62,174.9,-3785,1090,-4266,939,1429,1294
526850,144.42,187.2,96.82,177.975,-3791,1103,-4278,972,1428,1284
526852,145.38,186.675,96.02,175.2,-3780,1099,-4283,941,1427,1296
526854,143.78,185.625,96.82,173.25,-3795,1086,-4272,921,1431,1295
526856,144.5,186.525,96.02,173.4,-3788,1096,-4280,922,1427,1294
526858,144.34,186.075,96.58,173.925,-3789,1091,-4275,928,1430,1301
526860,143.7,186,96.58,172.65,-3795,1090,-4273,913,1430,1299
526862,144.1,184.875,96.82,171.75,-3790,1078,-4270,905,1431,1305
526864,143.86,184.425,96.82,171.9,-3792,1072,-4269,905,1433,1307
526866,143.54,184.725,96.42,172.875,-3796,1075,-4275,916,1433,1304
526868,143.7,185.175,96.5,172.125,-3794,1080,-4273,907,1434,1301
526870,143.54,184.8,96.1,172.8,-3795,1076,-4277,914,1431,1302
526872,143.86,185.475,95.78,174.375,-3793,1083,-4282,930,1431,1299
526874,143.46,184.8,96.9,175.35,-3796,1075,-4271,941,1431,1290
526876,143.06,185.85,96.26,174.825,-3802,1085,-4278,935,1431,1295
526878,143.14,184.8,96.02,175.575,-3799,1074,-4281,942,1432,1294
526880,143.14,185.925,96.26,173.475,-3801,1086,-4276,920,1428,1299
526882,143.3,185.1,95.62,173.625,-3798,1078,-4283,921,1430,1297
526884,142.98,185.1,95.22,175.35,-3801,1077,-4290,939,1431,1292
526886,143.46,185.475,96.26,173.4,-3797,1081,-4276,918,1433,1297
526888,143.14,185.025,95.54,175.5,-3799,1075,-4286,940,1432,1293
526890,143.22,184.575,95.22,174.525,-3798,1070,-4289,930,1433,1296
526892,143.62,185.925,95.94,174.825,-3796,1085,-4282,933,1431,1297
526894,143.22,184.725,95.3,174.975,-3799,1072,-4288,934,1433,1295
526896,142.98,186.3,96.74,177.375,-3803,1088,-4277,961,1432,1293
526898,142.66,186.225,96.18,174.75,-3806,1087,-4279,932,1431,1297
526900,142.74,186.3,95.86,175.125,-3806,1088,-4283,936,1433,1298
526902,142.66,186.6,95.46,174.75,-3808,1091,-4287,931,1430,1297
526904,142.5,185.85,96.82,177.225,-3809,1083,-4276,958,1434,1294
526906,142.9,185.775,96.34,175.95,-3804,1082,-4280,945,1433,1300
526908,142.98,187.2,96.1,175.575,-3805,1098,-4282,941,1431,1299
526910,142.82,186.225,96.9,176.85,-3806,1087,-4275,955,1433,1299
526912,142.74,187.05,95.78,176.175,-3809,1096,-4287,947,1431,1295
526914,142.5,186.75,95.54,175.95,-3810,1093,-4289,944,1433,1300
526916,142.5,187.2,96.1,175.425,-3812,1098,-4283,939,1431,1297
526918,142.82,186.375,96.1,175.65,-3807,1089,-4284,941,1435,1299
526920,142.26,186.225,96.18,174.75,-3814,1087,-4282,932,1435,1302
526922,142.58,186.6,96.82,176.7,-3810,1092,-4278,954,1433,1295
526924,142.66,186.45,96.02,176.55,-3810,1090,-4286,951,1432,1300
526926,142.42,186.9,95.86,175.05,-3813,1095,-4286,935,1434,1304
526928,142.58,186.525,96.26,177.225,-3811,1091,-4285,959,1433,1298
526930,142.5,186.525,96.9,176.325,-3812,1091,-4278,950,1433,1296
526932,142.98,186.45,95.7,176.1,-3808,1091,-4290,947,1436,1303
526934,142.9,186.45,96.1,176.7,-3808,1091,-4286,954,1434,1301
526936,142.34,185.85,96.34,176.4,-3814,1084,-4284,951,1437,1303
526938,141.62,185.925,96.5,173.85,-3822,1084,-4280,923,1437,1304
526940,141.06,186.375,94.9,174.825,-3829,1088,-4298,932,1436,1305
526942,141.86,184.8,95.22,174.3,-3819,1072,-4294,927,1442,1309
526944,142.42,185.25,96.02,175.125,-3814,1077,-4288,936,1441,1308
526946,141.7,186.15,95.78,175.8,-3822,1086,-4290,943,1442,1305
526948,141.78,184.875,95.46,176.7,-3821,1072,-4296,953,1442,1304
526950,141.3,184.5,95.14,175.2,-3826,1068,-4297,936,1444,1307
526952,141.94,184.8,95.3,176.025,-3820,1071,-4297,945,1442,1305
526954,141.46,184.875,94.82,175.2,-3824,1072,-4301,935,1441,1308
526956,141.46,183.975,94.9,173.4,-3824,1062,-4299,916,1446,1313
526958,141.14,183.825,95.62,174.675,-3828,1060,-4293,930,1448,1315
526960,140.26,183.675,94.58,174.6,-3837,1057,-4304,929,1449,1314
526962,141.06,183.9,95.06,173.1,-3829,1060,-4297,913,1449,1323
526964,141.78,182.4,95.14,172.2,-3820,1044,-4296,903,1451,1320
526966,140.34,182.775,95.22,172.65,-3835,1048,-4295,907,1450,1320
526968,140.98,182.925,95.46,172.95,-3829,1049,-4294,911,1451,1320
526970,140.82,183.15,94.82,172.725,-3831,1051,-4300,908,1450,1319
526972,140.66,183.075,94.82,174.075,-3833,1050,-4302,921,1451,1318
526974,139.94,182.4,94.66,173.4,-3840,1042,-4303,914,1452,1316
526976,140.58,182.025,94.74,174.6,-3834,1038,-4304,927,1455,1319
526978,141.54,182.775,94.5,173.4,-3825,1047,-4305,913,1450,1318
526980,141.46,182.775,95.7,174.525,-3826,1046,-4294,926,1451,1317
526982,141.06,181.95,95.22,173.25,-3829,1037,-4298,912,1455,1320
526984,141.3,182.25,96.02,173.4,-3827,1041,-4290,914,1452,1320
526986,141.78,182.475,95.7,174.375,-3822,1043,-4294,924,1450,1316
526988,142.26,182.925,96.42,175.425,-3818,1048,-4288,935,1451,1315
526990,144.26,182.475,98.82,174,-3797,1044,-4261,922,1445,1318
526992,147.86,181.5,106.66,177.3,-3758,1036,-4183,962,1452,1316
526994,157.38,182.025,116.82,178.95,-3660,1049,-4079,987,1452,1317
526996,172.9,184.95,134.66,184.35,-3501,1090,-3898,1057,1456,1318
526998,192.98,187.575,156.42,188.925,-3295,1132,-3677,1122,1458,1317
527000,216.1,191.025,179.62,192.15,-3059,1185,-3438,1171,1471,1334
527002,243.94,193.425,208.58,196.575,-2772,1230,-3142,1239,1482,1347
527004,272.34,198.225,236.9,199.2,-2484,1300,-2851,1286,1490,1352
527006,301.3,200.025,265.78,200.775,-2187,1339,-2554,1323,1501,1354
527008,330.5,202.35,293.62,199.425,-1889,1383,-2266,1327,1511,1357
527010,360.58,203.775,322.74,199.95,-1582,1419,-1967,1352,1514,1359
527012,390.26,204.3,352.18,198.825,-1278,1444,-1664,1360,1517,1356
527014,421.06,202.5,380.18,196.5,-963,1446,-1375,1355,1517,1355
527016,450.98,200.925,408.66,194.475,-657,1449,-1083,1352,1510,1354
527018,480.5,199.425,437.7,193.8,-356,1453,-787,1365,1513,1348
527020,510.1,197.85,462.58,192.675,-55,1456,-533,1369,1510,1345
527022,538.66,196.2,488.18,195.225,233,1457,-275,1413,1513,1341
527024,562.42,195.825,509.14,197.775,473,1469,-65,1454,1513,1346
527026,584.74,195.3,528.18,199.875,697,1479,125,1490,1510,1334
527028,602.42,193.95,540.02,200.175,876,1476,245,1500,1508,1333
527030,614.98,194.1,548.34,199.575,1002,1485,329,1499,1513,1338
527032,622.42,192.375,552.34,198.6,1077,1472,370,1491,1511,1334
527034,625.46,190.875,552.66,197.7,1109,1458,374,1482,1515,1339
527036,625.62,189.075,552.34,196.575,1111,1440,372,1470,1521,1341
527038,624.66,186.3,552.74,194.475,1104,1410,377,1448,1521,1345
527040,624.26,186.975,552.58,195.075,1099,1417,375,1454,1518,1350
527042,623.54,186,553.22,195.45,1092,1406,381,1459,1525,1353
527044,624.82,186,555.54,194.925,1106,1407,405,1455,1524,1353
527046,627.38,186.225,556.82,195.675,1131,1411,417,1464,1527,1360
527048,629.38,187.05,557.7,196.125,1150,1421,426,1469,1518,1362
527050,630.42,188.475,557.94,197.025,1161,1437,428,1479,1520,1356
527052,631.3,189.075,558.34,198.675,1168,1444,431,1497,1514,1358
527054,629.54,189,556.9,197.925,1151,1442,417,1488,1521,1357
527056,629.22,189,555.62,199.5,1148,1442,403,1503,1520,1359
527058,628.34,189.225,554.74,198.075,1139,1444,395,1488,1525,1362
527060,627.46,189.45,554.9,197.325,1130,1445,397,1481,1520,1364
527062,627.62,189.3,555.22,197.175,1132,1444,400,1479,1524,1367
527064,626.58,188.1,555.22,198.675,1121,1431,399,1495,1523,1364
527066,625.62,188.85,555.62,196.875,1112,1438,404,1476,1523,1369
527068,626.26,188.325,556.26,198,1118,1433,410,1489,1525,1368
527070,625.7,187.875,555.46,199.125,1113,1428,401,1500,1525,1358
527072,625.3,187.725,554.98,198.075,1108,1426,396,1489,1525,1365
527074,625.3,187.725,557.3,197.175,1108,1426,420,1481,1523,1367
527076,624.66,187.275,556.58,198.225,1102,1421,412,1492,1524,1369
527078,624.66,186.45,556.98,197.7,1102,1412,417,1486,1527,1362
527080,625.14,186.375,557.38,197.775,1107,1412,421,1487,1526,1363
527082,624.34,186.3,556.42,198.075,1099,1411,410,1490,1527,1361
527084,624.66,186.6,558.1,197.025,1102,1414,428,1479,1524,1362
527086,624.74,186.45,557.46,197.1,1102,1412,422,1480,1527,1361
527088,624.5,186.675,557.22,196.575,1100,1415,419,1475,1526,1356
527090,624.9,185.925,557.7,197.025,1104,1407,423,1480,1525,1363
527092,625.54,186.6,558.5,196.575,1109,1414,431,1475,1524,1366
527094,624.82,185.625,558.58,196.725,1103,1404,432,1476,1528,1365
527096,625.3,186.075,557.86,197.4,1107,1409,424,1483,1524,1366
527098,624.34,185.775,558.58,196.275,1098,1405,431,1472,1523,1366
527100,624.58,185.925,558.26,196.5,1100,1406,428,1474,1527,1366
527102,624.42,185.325,558.98,196.725,1099,1400,436,1477,1527,1363
527104,624.58,185.7,558.9,195.375,1100,1404,435,1463,1527,1368
527106,624.34,186,558.26,195.15,1097,1407,429,1459,1525,1369
527108,624.58,185.175,558.02,195,1100,1399,427,1458,1529,1368
527110,624.34,185.025,559.46,194.25,1098,1397,441,1451,1530,1370
527112,624.5,185.325,558.5,195.15,1099,1400,431,1460,1529,1369
527114,624.18,185.55,559.14,194.175,1096,1403,438,1450,1528,1371
527116,624.58,185.175,558.82,193.5,1100,1399,435,1442,1529,1372
527118,623.78,184.05,559.06,196.125,1092,1387,436,1471,1532,1365
527120,624.34,185.175,559.22,194.925,1098,1399,438,1458,1531,1370
527122,624.02,185.25,560.1,193.125,1094,1399,448,1440,1532,1375
527124,624.1,185.175,559.94,195.225,1095,1399,445,1462,1529,1372
527126,623.54,184.35,560.02,194.4,1090,1389,447,1454,1535,1372
527128,623.54,185.1,558.82,194.1,1090,1398,435,1450,1532,1375
527130,623.94,185.4,559.22,193.35,1093,1401,439,1442,1531,1377
527132,623.86,184.125,560.18,194.55,1093,1388,449,1455,1532,1373
527134,624.58,184.125,560.26,192.225,1101,1388,451,1431,1533,1379
527136,623.7,183.825,560.66,193.125,1093,1385,455,1441,1533,1377
527138,623.7,183.675,560.34,191.475,1093,1383,453,1423,1534,1381
527140,622.9,183.15,560.34,193.425,1086,1378,452,1444,1538,1376
527142,624.5,183.15,560.5,192.6,1102,1379,454,1436,1536,1377
527144,624.1,183.525,559.94,191.925,1098,1383,450,1429,1536,1384
527146,624.18,183.225,561.22,189.675,1099,1380,464,1405,1537,1391
527148,624.26,183.15,560.74,190.875,1100,1379,459,1418,1537,1383
527150,624.58,183.075,561.7,190.425,1103,1379,469,1414,1538,1394
527152,623.78,182.775,561.3,189.975,1097,1375,466,1409,1537,1391
527154,623.3,181.875,560.66,189.75,1092,1366,459,1407,1539,1389
527156,623.78,181.5,561.54,189.15,1097,1362,469,1401,1539,1389
527158,623.22,181.725,561.22,189.225,1092,1364,466,1401,1540,1394
527160,623.62,182.175,560.58,188.625,1096,1369,460,1395,1538,1395
527162,624.42,181.5,561.46,188.775,1105,1362,469,1396,1539,1395
527164,623.46,181.65,562.34,189.075,1096,1363,478,1401,1540,1392
527166,623.78,181.275,560.9,188.925,1099,1359,464,1398,1542,1389
527168,623.46,181.8,561.22,189.45,1096,1365,468,1404,1539,1389
527170,623.06,181.65,561.54,189.225,1092,1363,470,1401,1542,1390
527172,623.78,181.275,561.86,190.35,1100,1360,474,1414,1541,1386
527174,624.66,181.425,561.54,188.025,1108,1362,472,1389,1541,1396
527176,623.62,181.575,560.66,188.325,1098,1363,464,1392,1541,1393
527178,623.14,181.8,562.02,189.075,1094,1365,476,1401,1540,1393
527180,622.82,181.05,560.98,188.625,1092,1357,467,1396,1544,1393
527182,623.22,180.6,560.82,189.15,1096,1353,465,1401,1543,1392
527184,623.22,181.65,561.62,188.25,1095,1364,474,1392,1541,1394
527186,623.94,181.05,561.46,188.625,1103,1358,472,1396,1545,1395
527188,623.7,181.425,561.7,188.325,1100,1362,475,1393,1542,1395
527190,623.22,181.425,562.42,187.95,1095,1362,482,1389,1543,1399
527192,624.18,181.8,562.02,188.325,1105,1366,478,1393,1540,1397
527194,622.9,181.425,560.9,189.15,1093,1361,466,1402,1542,1394
527196,622.58,181.5,561.14,188.925,1090,1362,469,1399,1541,1396
527198,622.82,181.575,561.54,188.85,1092,1363,473,1399,1543,1394
527200,622.5,181.8,561.78,188.925,1089,1366,476,1400,1541,1398
527202,623.46,181.5,561.78,188.625,1099,1363,476,1397,1541,1397
527204,622.5,181.875,561.54,189.225,1089,1367,474,1403,1543,1400
527206,622.9,181.425,561.38,189.075,1093,1362,472,1402,1541,1398
527208,622.98,181.8,561.54,189.525,1094,1366,473,1407,1542,1396
527210,622.74,180.975,561.94,190.2,1092,1357,477,1414,1542,1404
527212,622.42,181.275,562.26,190.8,1089,1361,480,1421,1543,1403
527214,622.26,181.65,561.3,189.75,1087,1365,471,1410,1545,1402
527216,622.42,181.65,562.5,189.975,1088,1365,483,1413,1547,1406
527218,622.5,181.35,561.46,189.45,1089,1362,473,1406,1546,1401
527220,621.78,181.425,561.38,188.775,1082,1363,472,1400,1542,1400
527222,621.94,181.5,562.58,187.725,1083,1364,485,1390,1547,1406
527224,621.78,180.825,561.3,189.825,1082,1357,471,1411,1547,1403
527226,622.02,181.05,561.3,188.625,1085,1359,472,1399,1546,1400
527228,621.54,181.125,561.54,188.55,1080,1360,474,1398,1546,1404
527230,621.94,180.825,562.18,187.35,1084,1357,482,1386,1545,1401
527232,621.78,180.75,562.02,187.65,1082,1357,480,1390,1547,1405
527234,621.38,180.825,561.78,187.875,1078,1357,477,1392,1547,1404
527236,621.78,180.825,562.34,186.75,1082,1357,482,1380,1546,1404
527238,620.98,181.05,562.02,187.575,1074,1359,479,1389,1545,1404
527240,621.38,180.9,562.02,187.425,1078,1358,479,1388,1546,1407
527242,621.06,180.975,562.1,186.975,1075,1358,479,1382,1550,1404
527244,621.46,180.6,561.86,187.65,1078,1355,477,1390,1549,1400
527246,621.14,180.375,561.62,188.85,1075,1352,473,1402,1547,1402
527248,621.38,180.375,561.62,187.275,1078,1353,474,1386,1548,1401
527250,621.22,181.725,562.5,187.875,1075,1367,483,1393,1547,1406
527252,621.14,181.575,562.42,187.575,1074,1365,482,1389,1549,1406
527254,620.98,180.975,561.06,187.65,1073,1359,468,1390,1547,1405
527256,620.34,180.525,561.7,186.75,1066,1354,475,1381,1550,1405
527258,620.74,180.825,562.1,186.15,1070,1357,479,1375,1550,1413
527260,620.34,181.275,561.54,187.95,1065,1362,472,1393,1548,1410
527262,620.26,181.05,561.86,186.75,1064,1359,476,1380,1552,1413
527264,619.94,180.6,561.54,187.275,1061,1355,472,1386,1552,1414
527266,619.86,181.65,561.94,186.375,1059,1366,476,1377,1549,1412
527268,619.94,181.725,562.9,187.2,1060,1366,485,1386,1549,1412
527270,619.46,181.8,562.18,187.575,1055,1367,477,1389,1551,1414
527272,619.86,181.35,562.5,186.675,1059,1362,481,1380,1552,1410
527274,619.62,180.825,562.1,187.5,1057,1357,476,1389,1554,1410
527276,619.62,181.425,562.1,186.975,1056,1363,476,1383,1552,1408
527278,619.3,181.5,561.46,186.675,1053,1363,470,1380,1553,1406
527280,619.62,181.425,561.46,188.025,1056,1363,469,1394,1556,1415
527282,618.98,180.975,561.06,185.85,1049,1358,466,1370,1556,1410
527284,619.06,180.825,561.62,186.6,1050,1357,471,1379,1554,1409
527286,619.54,181.65,562.02,186.45,1054,1366,475,1378,1551,1408
527288,619.38,180.75,562.42,186.075,1053,1356,479,1374,1550,1412
527290,619.38,180.15,562.5,184.725,1053,1350,481,1360,1555,1410
527292,619.62,180.675,562.58,185.7,1055,1356,481,1371,1554,1409
527294,620.02,180.375,562.02,185.4,1059,1353,475,1367,1551,1411
527296,619.86,179.7,562.74,184.2,1058,1345,482,1355,1554,1410
527298,619.86,180.15,562.74,184.875,1057,1350,482,1362,1553,1411
527300,619.94,179.325,561.94,184.5,1058,1342,474,1358,1554,1409
527302,620.26,179.475,562.58,184.2,1062,1344,481,1355,1550,1409
527304,619.54,179.25,562.82,183.675,1054,1341,483,1350,1554,1411
527306,619.54,178.65,562.9,183.525,1055,1335,484,1348,1554,1410
527308,619.86,178.725,563.3,184.725,1057,1336,487,1361,1553,1410
527310,619.7,178.5,562.98,183.45,1056,1333,485,1348,1552,1411
527312,619.86,178.725,563.14,183.225,1057,1336,486,1345,1553,1409
527314,619.3,178.65,563.38,183.675,1052,1335,488,1350,1554,1410
527316,619.22,179.475,563.46,185.325,1051,1343,488,1368,1558,1407
527318,619.14,179.925,562.42,185.175,1050,1348,478,1366,1557,1410
527320,618.9,179.1,562.5,184.95,1048,1339,479,1363,1557,1410
527322,619.06,179.85,562.9,184.875,1049,1347,483,1363,1555,1411
527324,618.58,179.175,562.9,185.025,1045,1340,484,1365,1559,1407
527326,618.18,179.7,562.66,184.875,1041,1345,481,1363,1555,1407
527328,618.5,181.125,563.78,185.475,1044,1361,492,1371,1554,1409
527330,618.82,179.925,562.5,185.925,1047,1348,479,1374,1558,1410
527332,618.74,180.825,563.3,186.75,1046,1358,487,1384,1557,1410
527334,618.58,180.15,563.78,186.6,1045,1351,492,1383,1557,1412
527336,618.18,180,562.34,187.35,1041,1349,477,1390,1556,1409
527338,618.42,180.525,562.66,185.775,1044,1355,482,1373,1557,1407
527340,617.86,181.425,563.14,186.9,1038,1365,486,1386,1558,1408
527342,615.3,181.725,562.18,187.35,1012,1366,476,1390,1555,1418
527344,609.22,183.825,557.54,186,950,1384,431,1373,1554,1423
527346,600.18,186.3,550.02,186.525,858,1405,355,1374,1557,1414
527348,585.14,190.125,536.74,188.55,705,1435,220,1386,1555,1415
527350,566.42,194.175,517.06,190.8,515,1465,20,1397,1558,1411
527352,542.82,198.825,495.86,193.05,275,1499,-195,1406,1561,1416
527354,518.9,201,471.54,193.425,32,1507,-441,1395,1569,1423
527356,492.98,201.75,446.66,194.025,-229,1497,-693,1384,1567,1424
527358,466.9,203.325,418.58,192,-494,1497,-977,1344,1566,1420
527360,441.78,204,394.1,190.125,-750,1487,-1225,1308,1564,1421
527362,416.18,202.35,366.9,189.825,-1009,1452,-1502,1286,1555,1411
527364,390.66,202.575,339.62,187.95,-1269,1437,-1780,1247,1550,1410
527366,364.02,203.1,312.1,184.65,-1542,1425,-2059,1193,1535,1417
527368,340.26,203.625,283.38,184.95,-1786,1415,-2354,1177,1528,1411
527370,314.9,205.5,256.18,185.475,-2048,1417,-2634,1163,1517,1395
527372,289.3,209.1,229.86,185.55,-2314,1438,-2906,1146,1499,1391
527374,264.58,209.625,203.06,185.925,-2570,1428,-3184,1132,1496,1393
527376,242.18,211.95,179.78,186.525,-2804,1437,-3426,1122,1497,1381
527378,221.3,212.1,157.54,186.525,-3020,1424,-3657,1106,1493,1386
527380,204.1,210.9,137.38,190.05,-3197,1399,-3870,1129,1491,1383
527382,189.46,211.5,123.3,194.85,-3350,1396,-4023,1172,1488,1371
527384,179.46,211.95,110.5,194.25,-3454,1393,-4155,1156,1482,1372
527386,171.94,211.425,100.82,197.025,-3532,1382,-4260,1179,1481,1370
527388,168.5,211.2,96.74,197.025,-3567,1377,-4302,1175,1478,1368
527390,167.62,209.775,94.82,195.15,-3575,1361,-4319,1153,1480,1366
527392,167.38,208.5,96.02,192,-3575,1346,-4303,1119,1485,1373
527394,168.18,205.575,98.74,190.725,-3564,1315,-4273,1108,1492,1375
527396,168.26,204.375,99.54,190.275,-3561,1301,-4264,1102,1490,1376
527398,169.3,204.075,100.98,188.925,-3550,1299,-4247,1090,1495,1380
527400,167.94,205.05,100.18,190.275,-3564,1307,-4256,1102,1493,1374
527402,165.38,205.35,100.66,190.575,-3591,1309,-4251,1106,1491,1368
527404,165.22,206.7,99.38,191.175,-3594,1322,-4265,1110,1492,1365
527406,164.98,207.45,97.38,190.8,-3597,1330,-4285,1105,1494,1370
527408,164.74,207.975,97.14,193.425,-3600,1334,-4290,1132,1490,1357
527410,165.22,208.725,97.46,193.35,-3595,1343,-4287,1131,1493,1363
527412,165.14,208.65,98.5,192.225,-3596,1341,-4274,1119,1491,1363
527414,164.74,208.2,98.82,191.925,-3599,1336,-4270,1116,1493,1362
527416,164.02,206.85,99.22,191.325,-3605,1320,-4265,1108,1489,1362
527418,164.5,206.775,98.74,192.75,-3600,1320,-4272,1124,1486,1363
527420,163.7,206.7,99.38,191.325,-3607,1317,-4262,1108,1488,1368
527422,163.14,206.475,100.58,191.1,-3613,1315,-4249,1107,1486,1361
527424,163.7,206.775,100.66,190.05,-3606,1317,-4247,1094,1486,1367
527426,162.98,206.85,100.66,190.875,-3614,1318,-4248,1104,1486,1362
527428,163.06,206.625,101.3,187.65,-3612,1315,-4237,1068,1484,1360
527430,162.66,206.625,99.94,187.65,-3617,1315,-4251,1068,1485,1365
527432,160.9,205.35,101.54,188.325,-3633,1299,-4235,1075,1490,1359
527434,161.3,205.5,101.06,187.8,-3629,1301,-4240,1070,1487,1356
527436,160.98,206.175,100.58,186.3,-3633,1308,-4243,1053,1485,1360
527438,160.98,205.875,101.14,189.975,-3633,1304,-4241,1093,1484,1357
527440,161.06,205.875,102.34,186.45,-3631,1304,-4224,1055,1484,1362
527442,160.58,204.825,101.7,185.475,-3635,1293,-4230,1044,1484,1364
527444,159.94,205.2,101.46,185.625,-3643,1296,-4232,1046,1489,1356
527446,159.3,203.85,101.7,185.325,-3648,1282,-4230,1043,1487,1356
527448,159.22,203.775,100.98,186.825,-3649,1280,-4239,1059,1485,1355
527450,159.3,202.8,101.38,185.175,-3647,1270,-4233,1041,1487,1360
527452,158.18,202.725,100.9,184.575,-3659,1269,-4237,1034,1489,1355
527454,157.54,202.05,101.3,183,-3665,1261,-4231,1018,1489,1360
527456,158.02,202.5,100.82,183.825,-3660,1267,-4237,1027,1485,1361
527458,158.18,201.3,100.42,183.225,-3658,1254,-4242,1020,1486,1371
527460,156.98,201.3,100.98,183.75,-3671,1253,-4236,1026,1484,1363
527462,156.58,201.6,101.46,181.725,-3675,1256,-4229,1005,1485,1359
527464,156.66,201.675,100.74,182.85,-3674,1258,-4238,1017,1491,1362
527466,156.74,201.525,101.22,184.125,-3673,1256,-4235,1031,1489,1354
527468,156.1,201,100.9,183.525,-3680,1250,-4238,1025,1485,1362
527470,156.18,201.075,101.06,182.55,-3679,1251,-4235,1014,1488,1357
527472,156.34,200.775,101.14,185.325,-3677,1248,-4238,1044,1488,1353
527474,156.02,201.15,100.9,183,-3682,1253,-4238,1019,1486,1359
527476,156.02,201.675,101.38,183.45,-3682,1258,-4234,1025,1487,1352
527478,155.7,201.3,101.06,183.45,-3686,1254,-4237,1025,1486,1350
527480,154.58,200.925,100.9,181.125,-3697,1250,-4237,1000,1482,1354
527482,154.9,200.55,102.26,182.55,-3694,1246,-4224,1017,1484,1356
527484,155.54,201.45,101.3,183,-3688,1257,-4235,1022,1485,1357
527486,154.42,201.15,101.46,181.8,-3700,1253,-4232,1009,1483,1353
527488,154.58,201.525,101.7,182.1,-3699,1258,-4231,1013,1484,1355
527490,154.26,201.225,102.34,182.475,-3702,1255,-4224,1018,1484,1357
527492,153.78,200.7,101.94,182.625,-3707,1249,-4228,1020,1484,1353
527494,154.18,200.475,102.1,181.05,-3702,1247,-4225,1003,1486,1352
527496,153.78,199.725,101.78,183.225,-3705,1240,-4231,1027,1485,1351
527498,154.26,200.25,101.62,181.5,-3701,1246,-4231,1008,1482,1357
527500,154.5,200.775,102.26,183.45,-3699,1253,-4226,1030,1484,1353
527502,154.5,200.55,102.42,181.8,-3699,1250,-4222,1013,1487,1351
527504,154.42,200.7,102.66,181.5,-3700,1252,-4220,1011,1482,1350
527506,154.5,199.425,102.9,181.8,-3698,1239,-4217,1014,1488,1349
527508,154.9,199.95,103.3,182.775,-3694,1246,-4214,1026,1484,1349
527510,154.18,199.65,103.22,181.95,-3701,1242,-4214,1017,1487,1347
527512,154.34,200.1,103.14,182.475,-3699,1248,-4215,1023,1485,1347
527514,153.86,198.825,102.74,179.4,-3703,1234,-4215,990,1487,1356
527516,154.42,199.5,103.3,179.925,-3698,1242,-4210,997,1483,1350
527518,154.42,199.425,103.7,179.7,-3697,1241,-4206,994,1484,1357
527520,153.62,197.925,103.78,181.05,-3704,1225,-4206,1010,1485,1355
527522,154.58,198.75,103.78,179.85,-3694,1235,-4204,997,1482,1349
527524,153.38,198,104.02,179.25,-3705,1226,-4200,991,1483,1353
527526,153.7,198.375,103.46,179.775,-3703,1231,-4207,996,1485,1356
527528,154.02,198.525,103.7,180.6,-3698,1233,-4204,1006,1482,1350
527530,153.7,198.15,103.94,180.15,-3702,1228,-4202,1001,1487,1348
527532,153.54,198.6,103.94,179.25,-3702,1233,-4199,992,1483,1352
527534,153.46,197.7,104.5,179.475,-3703,1224,-4194,995,1483,1351
527536,153.38,198.075,103.7,180.375,-3703,1228,-4202,1004,1479,1351
527538,152.5,197.1,103.54,178.575,-3711,1217,-4202,985,1485,1356
527540,153.14,197.025,104.02,176.925,-3703,1217,-4194,968,1486,1353
527542,153.14,197.55,104.42,178.8,-3703,1222,-4192,988,1484,1352
527544,153.86,197.175,103.14,177.15,-3695,1219,-4203,969,1483,1357
527546,151.7,195.825,103.94,177.825,-3716,1203,-4195,977,1488,1349
527548,152.02,196.35,104.26,177.075,-3712,1209,-4190,969,1484,1354
527550,152.42,195.45,103.54,175.875,-3707,1200,-4196,956,1486,1356
527552,152.9,195.15,104.74,177.075,-3701,1197,-4184,970,1488,1351
527554,152.74,194.925,104.34,175.575,-3701,1194,-4186,954,1484,1357
527556,152.66,195.225,104.74,176.175,-3702,1198,-4181,960,1483,1357
527558,152.5,195.525,103.7,175.95,-3704,1201,-4192,957,1484,1359
527560,152.26,194.325,103.94,174.45,-3703,1187,-4187,941,1488,1361
527562,152.82,193.8,104.82,176.025,-3697,1182,-4179,959,1484,1350
527564,152.1,192,104.42,173.475,-3702,1162,-4179,930,1488,1355
527566,151.3,192.375,104.74,174.975,-3710,1166,-4178,947,1486,1353
527568,151.86,192.225,104.82,176.325,-3703,1164,-4177,961,1486,1352
527570,151.94,191.4,104.74,175.125,-3702,1156,-4176,949,1488,1351
527572,151.94,192.525,104.18,175.2,-3702,1168,-4181,949,1481,1350
527574,150.74,192.6,104.02,176.55,-3714,1168,-4185,963,1486,1356
527576,150.9,192.525,104.18,175.575,-3711,1167,-4181,952,1485,1354
527578,150.26,192.525,104.1,174.75,-3717,1166,-4180,944,1482,1354
527580,150.9,192.75,104.26,176.625,-3710,1169,-4179,964,1485,1351
527582,150.5,194.1,104.98,175.275,-3715,1183,-4171,950,1476,1353
527584,150.98,192.9,104.66,175.425,-3708,1170,-4173,952,1477,1349
527586,150.5,193.8,104.42,176.4,-3714,1180,-4176,961,1477,1351
527588,149.54,193.2,103.94,176.025,-3723,1173,-4179,957,1480,1352
527590,150.18,192.975,103.46,175.65,-3716,1171,-4184,953,1479,1353
527592,150.26,195.825,103.62,177.45,-3717,1202,-4183,972,1478,1354
527594,149.78,194.625,105.38,177.6,-3720,1189,-4165,975,1476,1352
527596,150.5,194.625,104.42,177.375,-3712,1189,-4174,972,1485,1355
527598,150.9,194.85,104.9,177.525,-3708,1192,-4170,974,1479,1352
527600,150.1,194.775,104.5,178.275,-3716,1191,-4173,982,1479,1351
527602,148.66,190.425,103.54,174.3,-3726,1143,-4179,939,1484,1353
527604,146.9,189.525,101.86,173.85,-3742,1133,-4196,933,1489,1353
527606,144.74,187.2,98.1,170.4,-3763,1106,-4231,894,1482,1353
527608,142.98,185.7,94.58,169.875,-3778,1090,-4266,886,1473,1356
527610,140.5,184.875,90.66,167.4,-3803,1079,-4305,857,1472,1351
527612,139.94,184.95,89.7,167.1,-3809,1079,-4313,853,1466,1349
527614,139.86,183.9,90.26,167.7,-3808,1068,-4308,860,1466,1348
527616,140.66,184.875,91.62,168.75,-3801,1080,-4295,873,1464,1345
527618,142.66,183.825,93.3,169.35,-3779,1070,-4278,881,1467,1348
527620,143.78,184.275,94.42,170.25,-3767,1076,-4267,892,1467,1345
527622,143.3,184.875,94.82,169.05,-3773,1082,-4261,879,1470,1351
527624,142.98,185.325,95.86,168.975,-3776,1087,-4250,879,1468,1350
527626,143.54,184.875,95.06,168.3,-3770,1083,-4258,871,1470,1352
527628,142.74,185.175,94.42,167.85,-3779,1086,-4264,867,1468,1351
527630,142.58,184.725,94.5,168,-3780,1081,-4264,869,1471,1352
527632,141.7,184.125,94.5,168.9,-3788,1075,-4264,878,1470,1350
527634,141.62,184.95,94.58,168.75,-3791,1083,-4264,877,1469,1353
527636,141.54,184.5,93.94,168.825,-3791,1080,-4271,878,1467,1350
527638,141.62,183.825,95.38,168.3,-3790,1072,-4255,874,1475,1351
527640,140.82,184.05,94.5,167.55,-3798,1074,-4263,865,1475,1352
527642,141.38,183.825,94.1,168.675,-3792,1072,-4269,877,1475,1350
527644,140.5,184.275,94.74,168.375,-3802,1077,-4262,875,1473,1352
527646,139.7,183.75,94.1,167.7,-3809,1071,-4268,867,1471,1353
527648,139.62,183.9,94.26,168.225,-3811,1073,-4267,873,1469,1350
527650,139.46,182.1,95.22,168.75,-3810,1053,-4258,879,1471,1350
527652,139.46,183.15,94.42,167.85,-3813,1065,-4266,870,1469,1352
527654,138.58,181.5,94.58,167.55,-3820,1046,-4264,866,1475,1361
527656,137.7,181.35,93.86,166.8,-3829,1044,-4271,858,1470,1359
527658,138.82,182.175,93.78,166.725,-3818,1054,-4272,858,1469,1353
527660,137.78,180.525,93.62,166.95,-3829,1036,-4275,860,1470,1354
527662,137.7,181.275,93.86,166.8,-3830,1043,-4272,858,1470,1349
527664,137.94,182.025,94.1,167.25,-3829,1052,-4270,863,1467,1351
527666,137.7,181.35,94.18,166.575,-3831,1044,-4269,856,1470,1352
527668,137.3,180.975,93.46,166.275,-3835,1040,-4277,852,1468,1351
527670,136.82,179.325,94.1,166.275,-3839,1022,-4270,852,1470,1352
527672,137.78,180.15,93.78,166.2,-3831,1031,-4275,851,1472,1352
527674,136.98,181.125,93.38,166.35,-3839,1041,-4279,853,1465,1354
527676,136.82,180.9,93.78,165.75,-3842,1039,-4274,847,1470,1352
527678,136.82,179.625,94.1,166.425,-3841,1025,-4272,853,1469,1351
527680,136.74,180,93.62,166.2,-3843,1028,-4278,850,1468,1352
527682,136.74,179.55,93.7,165.975,-3843,1024,-4277,849,1467,1349
527684,136.82,179.025,94.02,165.9,-3842,1018,-4274,848,1475,1350
527686,137.06,179.625,94.02,165.3,-3840,1024,-4273,841,1468,1352
527688,136.5,179.475,94.82,165.825,-3847,1022,-4267,846,1469,1354
527690,136.34,179.475,94.1,165.6,-3848,1022,-4274,844,1470,1352
527692,136.98,180,94.42,165.45,-3843,1028,-4271,842,1466,1346
527694,136.98,179.325,93.7,164.475,-3843,1020,-4278,831,1469,1355
527696,136.74,178.5,93.86,165.825,-3846,1011,-4279,846,1469,1348
527698,136.82,178.725,94.58,164.775,-3845,1013,-4270,835,1469,1355
527700,136.74,179.625,94.34,164.4,-3847,1022,-4273,830,1464,1350
527702,136.1,178.425,94.9,165.225,-3853,1009,-4268,839,1469,1351
527704,136.34,178.575,94.42,165,-3852,1010,-4274,836,1468,1356
527706,136.74,179.25,94.42,164.7,-3848,1018,-4274,833,1467,1351
527708,136.66,178.2,94.82,165.675,-3848,1006,-4271,843,1471,1351
527710,136.02,178.875,94.66,166.05,-3856,1013,-4273,847,1469,1353
527712,136.1,178.8,95.38,165.9,-3856,1012,-4266,846,1466,1350
527714,136.26,178.65,94.82,165.375,-3853,1010,-4272,840,1468,1350
527716,136.5,178.875,94.74,165.15,-3852,1013,-4272,837,1469,1353
527718,136.18,178.35,95.06,164.25,-3855,1007,-4268,827,1466,1351
527720,136.1,179.1,95.06,165.375,-3856,1014,-4270,839,1467,1353
527722,135.78,177.9,95.7,164.775,-3859,1001,-4263,833,1467,1351
527724,136.58,179.4,95.86,164.55,-3852,1018,-4262,830,1466,1347
527726,135.7,179.25,95.78,164.85,-3862,1015,-4262,834,1466,1354
527728,135.3,178.875,95.14,165.075,-3866,1011,-4270,836,1465,1349
527730,135.62,177.975,96.1,165.525,-3862,1002,-4261,841,1467,1348
527732,134.34,178.275,96.26,165,-3875,1004,-4259,835,1463,1353
527734,135.14,178.05,95.62,164.475,-3867,1002,-4265,829,1461,1352
527736,135.3,177.525,96.26,163.35,-3865,996,-4257,818,1463,1351
527738,135.14,177.825,96.58,163.725,-3867,1000,-4254,822,1465,1350
527740,135.06,177.525,95.86,165.225,-3867,996,-4263,837,1466,1350
527742,135.22,177.525,96.82,164.775,-3866,996,-4253,833,1467,1346
527744,134.98,178.275,96.02,165.225,-3869,1004,-4261,837,1464,1350
527746,135.38,177.525,97.22,165.6,-3865,996,-4250,842,1465,1349
527748,135.3,176.7,97.46,165,-3864,988,-4246,836,1464,1348
527750,135.06,177.375,96.5,165.3,-3868,995,-4257,838,1464,1347
527752,134.5,177.675,96.66,164.4,-3873,998,-4254,829,1464,1350
527754,134.34,177.525,96.98,165.075,-3875,996,-4251,837,1463,1347
527756,133.78,176.55,96.9,163.8,-3880,985,-4250,823,1463,1348
527758,134.58,177,96.82,165.3,-3872,991,-4253,839,1464,1350
527760,133.94,177.3,97.38,166.425,-3878,993,-4248,852,1464,1347
527762,134.26,176.625,98.02,164.55,-3874,986,-4239,832,1467,1351
527764,134.26,177.6,97.46,164.85,-3876,997,-4245,835,1461,1350
527766,134.02,177.525,96.9,164.1,-3878,996,-4250,826,1463,1351
527768,134.26,177.45,98.1,163.725,-3875,995,-4237,823,1461,1351
527770,133.7,176.85,98.34,164.4,-3880,988,-4235,830,1461,1354
527772,133.7,176.7,97.3,164.925,-3880,987,-4246,835,1462,1348
527774,133.46,175.725,97.3,163.95,-3881,976,-4246,825,1463,1350
527776,132.66,177.525,98.82,164.55,-3891,995,-4230,832,1457,1350
527778,132.58,175.575,97.86,163.725,-3889,974,-4239,823,1462,1352
527780,132.58,174.75,98.18,163.65,-3889,965,-4235,822,1463,1354
527782,132.82,175.8,97.78,163.575,-3888,977,-4239,822,1454,1350
527784,133.3,175.8,97.54,164.325,-3881,977,-4242,829,1456,1353
527786,133.94,176.175,97.94,164.025,-3875,981,-4238,827,1459,1351
527788,133.06,175.8,98.42,163.725,-3884,977,-4231,824,1455,1350
527790,133.3,176.625,97.94,164.25,-3882,986,-4237,829,1461,1347
527792,134.5,175.8,98.26,163.05,-3869,978,-4232,816,1459,1350
527794,132.9,174.3,98.74,163.725,-3884,961,-4228,824,1459,1351
527796,132.5,175.125,98.66,163.575,-3888,970,-4228,822,1458,1350
527798,133.54,174.825,98.74,163.65,-3877,967,-4228,823,1461,1354
527800,132.74,176.025,98.58,163.725,-3886,980,-4229,824,1458,1352
527802,132.1,176.025,98.74,164.4,-3893,980,-4228,832,1451,1349
527804,132.74,176.325,98.66,164.25,-3886,983,-4228,830,1458,1349
527806,132.02,173.775,97.46,163.275,-3891,955,-4240,819,1462,1350
527808,132.58,172.95,97.78,163.125,-3883,947,-4235,818,1462,1352
527810,133.46,171.075,98.26,161.475,-3873,928,-4229,800,1467,1350
527812,133.7,167.55,99.86,156.225,-3865,891,-4206,746,1464,1344
527814,134.02,160.65,100.1,147.975,-3855,817,-4194,658,1460,1334
527816,135.3,148.575,100.02,133.8,-3828,690,-4179,507,1450,1343
527818,137.14,135.525,100.18,120.975,-3795,552,-4163,371,1452,1342
527820,138.66,120.375,99.86,106.575,-3762,393,-4150,219,1448,1323
527822,140.74,108.3,99.54,90.525,-3729,266,-4136,49,1435,1327
527824,142.02,94.275,97.46,76.725,-3699,120,-4141,-96,1421,1322
527826,145.14,80.025,96.9,63.675,-3652,-27,-4133,-234,1411,1304
527828,146.82,72.675,97.38,55.65,-3627,-102,-4119,-318,1401,1292
527830,149.06,61.35,96.74,45.75,-3593,-219,-4114,-421,1380,1280
527832,151.14,57.75,96.34,38.025,-3567,-256,-4110,-502,1370,1269
527834,153.62,55.725,95.78,36.825,-3539,-275,-4114,-515,1371,1267
527836,155.86,57.375,96.02,38.625,-3518,-256,-4114,-496,1363,1262
527838,157.7,58.2,95.54,38.625,-3499,-246,-4118,-496,1362,1263
527840,158.26,59.25,95.78,40.35,-3494,-234,-4117,-478,1365,1265
527842,158.66,60.675,95.06,43.275,-3491,-219,-4127,-448,1371,1268
527844,158.66,61.725,95.94,43.65,-3492,-208,-4118,-443,1377,1271
527846,158.18,60.375,93.86,39.45,-3495,-222,-4135,-489,1383,1279
527848,156.42,58.65,95.3,38.625,-3511,-241,-4118,-496,1388,1277
527850,155.86,57.825,97.46,36.225,-3516,-250,-4093,-519,1387,1287
527852,155.7,56.475,98.34,34.05,-3516,-264,-4082,-541,1390,1292
527854,154.02,55.575,100.26,33.825,-3532,-275,-4062,-542,1388,1285
527856,153.54,55.65,100.18,35.85,-3536,-275,-4064,-521,1386,1283
527858,153.06,55.05,101.62,36.15,-3541,-281,-4050,-517,1381,1282
527860,152.26,55.35,101.46,34.575,-3549,-279,-4049,-534,1385,1290
527862,152.26,54.6,101.94,36.9,-3548,-287,-4047,-509,1385,1283
527864,151.94,55.35,101.7,35.925,-3551,-279,-4047,-520,1381,1285
527866,151.54,54.75,100.58,34.05,-3555,-286,-4057,-539,1386,1287
527868,150.82,54.525,100.02,34.5,-3562,-288,-4063,-536,1383,1287
527870,150.98,54.45,100.9,33.15,-3560,-289,-4053,-549,1384,1286
527872,151.62,55.05,101.62,35.7,-3553,-282,-4047,-521,1385,1284
527874,150.74,53.325,101.78,36.825,-3561,-301,-4047,-510,1387,1283
527876,150.34,53.625,101.14,34.35,-3565,-299,-4050,-536,1386,1289
527878,150.82,53.775,101.46,33.825,-3560,-296,-4047,-541,1387,1292
527880,150.42,53.55,101.62,34.35,-3564,-299,-4045,-536,1386,1287
527882,150.74,53.325,102.26,34.125,-3560,-301,-4038,-538,1385,1285
527884,149.94,54.3,101.7,33.375,-3569,-292,-4043,-546,1387,1288
527886,150.18,53.025,100.82,32.55,-3565,-305,-4051,-555,1388,1291
527888,149.46,52.2,102.5,35.475,-3571,-314,-4037,-524,1388,1285
527890,148.82,52.725,103.38,34.05,-3579,-309,-4027,-538,1386,1288
527892,148.74,52.875,102.9,33.375,-3580,-307,-4031,-545,1384,1289
527894,147.7,51.675,103.14,35.925,-3589,-321,-4032,-518,1387,1285
527896,147.7,52.125,102.98,34.575,-3591,-316,-4031,-533,1385,1288
527898,148.26,51.9,103.06,33.375,-3585,-318,-4029,-545,1387,1290
527900,147.38,51.825,102.82,33.9,-3593,-320,-4033,-540,1390,1287
527902,146.82,51.675,102.82,33.9,-3599,-322,-4033,-540,1390,1288
527904,147.62,52.2,102.82,32.55,-3591,-316,-4032,-554,1389,1288
527906,147.78,51.75,103.3,32.85,-3589,-321,-4027,-551,1387,1287
527908,146.5,51.075,104.1,33,-3603,-328,-4019,-549,1386,1289
527910,147.22,50.925,102.82,33.15,-3594,-330,-4032,-548,1390,1288
527912,145.78,50.625,104.26,35.4,-3610,-334,-4020,-524,1387,1286
527914,145.94,50.55,103.38,32.625,-3608,-334,-4026,-554,1388,1292
527916,146.02,51.3,103.86,32.7,-3608,-327,-4022,-552,1390,1292
527918,144.74,50.775,103.54,33.975,-3621,-334,-4027,-539,1389,1291
527920,145.14,51.825,103.54,33.3,-3618,-322,-4027,-546,1394,1291
527922,145.3,50.925,103.22,32.25,-3615,-332,-4029,-557,1389,1292
527924,145.06,50.925,104.26,33.15,-3619,-331,-4020,-547,1388,1295
527926,144.58,51.075,104.58,32.1,-3624,-330,-4015,-558,1390,1291
527928,144.18,50.775,104.66,32.025,-3628,-334,-4014,-559,1392,1289
527930,143.78,49.95,104.26,33.3,-3631,-343,-4020,-546,1392,1293
527932,143.62,50.4,105.06,33,-3634,-338,-4012,-549,1388,1295
527934,143.3,50.175,103.86,31.425,-3637,-341,-4022,-566,1392,1292
527936,143.54,49.5,104.42,32.25,-3634,-348,-4018,-557,1394,1290
527938,142.58,48.975,105.06,33.15,-3643,-355,-4012,-547,1393,1291
527940,144.5,49.95,104.34,32.1,-3625,-343,-4019,-559,1390,1290
527942,142.74,49.425,104.5,32.325,-3642,-350,-4018,-557,1396,1291
527944,143.62,48.675,104.98,33.075,-3633,-357,-4014,-549,1397,1293
527946,143.38,50.1,104.5,32.325,-3637,-342,-4018,-557,1396,1294
527948,143.54,50.4,103.94,32.325,-3636,-339,-4024,-557,1392,1294
527950,142.82,50.025,103.7,30.975,-3642,-344,-4025,-571,1394,1297
527952,142.58,49.5,103.94,32.925,-3645,-349,-4024,-551,1398,1294
527954,142.82,48.675,104.58,32.25,-3642,-357,-4018,-557,1397,1294
527956,143.14,50.1,104.5,32.475,-3640,-342,-4018,-555,1396,1294
527958,142.74,49.725,104.74,32.175,-3644,-346,-4016,-558,1396,1294
527960,142.18,49.275,105.14,33.825,-3649,-351,-4013,-541,1399,1292
527962,142.5,50.175,103.86,31.8,-3646,-342,-4025,-562,1397,1296
527964,143.14,50.175,105.46,33.975,-3640,-341,-4011,-539,1402,1296
527966,143.14,51.15,105.06,33.525,-3641,-331,-4014,-543,1401,1295
527968,142.1,50.1,103.7,31.425,-3651,-343,-4026,-566,1400,1295
527970,142.66,50.1,105.46,33.675,-3645,-342,-4010,-541,1402,1294
527972,143.06,50.475,105.7,31.275,-3642,-338,-4006,-566,1402,1296
527974,141.94,49.725,105.3,31.725,-3652,-347,-4010,-562,1401,1293
527976,142.02,49.125,106.1,31.425,-3651,-353,-4002,-564,1401,1301
527978,143.38,50.4,106.02,31.575,-3638,-339,-4002,-562,1404,1300
527980,142.98,51.15,105.86,31.95,-3643,-331,-4005,-559,1404,1301
527982,142.26,49.725,106.02,32.55,-3649,-347,-4004,-552,1404,1296
527984,142.66,50.025,106.34,33.3,-3645,-343,-4001,-544,1404,1300
527986,142.9,50.175,106.34,30.9,-3643,-341,-3999,-569,1406,1299
527988,143.46,49.8,105.78,30.6,-3637,-344,-4004,-573,1408,1301
527990,142.58,50.475,106.74,31.875,-3647,-338,-3995,-559,1404,1300
527992,143.3,49.575,107.78,31.425,-3639,-347,-3984,-563,1407,1303
527994,143.54,49.2,106.9,30.9,-3635,-351,-3993,-569,1408,1307
527996,143.14,48.825,106.26,31.05,-3639,-355,-4000,-568,1406,1304
527998,143.7,49.65,107.78,31.05,-3635,-346,-3984,-566,1409,1302
528000,144.26,48.825,107.22,29.7,-3627,-354,-3988,-581,1411,1307
528002,144.66,49.35,108.26,30.6,-3624,-349,-3978,-571,1411,1303
528004,144.1,49.125,107.94,29.925,-3630,-351,-3981,-578,1410,1308
528006,144.58,49.35,107.46,29.325,-3625,-348,-3985,-585,1412,1309
528008,144.42,48.525,108.18,30.375,-3626,-357,-3979,-573,1412,1305
528010,144.18,48.75,107.78,32.025,-3628,-355,-3985,-556,1411,1306
528012,144.42,49.05,107.38,31.125,-3626,-351,-3988,-566,1413,1306
528014,144.1,48.075,107.06,31.875,-3628,-362,-3992,-558,1413,1307
528016,144.02,49.35,108.1,31.65,-3630,-349,-3981,-560,1411,1305
528018,145.22,49.2,107.54,30.675,-3618,-349,-3985,-570,1416,1308
528020,144.58,49.575,107.22,31.35,-3624,-346,-3989,-563,1413,1305
528022,143.94,49.275,108.5,33,-3631,-349,-3978,-545,1415,1306
528024,144.18,49.5,107.54,33.75,-3628,-346,-3988,-538,1414,1309
528026,144.34,49.875,107.46,33.6,-3627,-342,-3989,-540,1414,1306
528028,144.5,50.325,108.02,35.1,-3626,-337,-3985,-523,1413,1305
528030,144.34,50.4,106.98,34.35,-3627,-336,-3995,-531,1414,1312
528032,144.18,50.55,108.26,35.625,-3629,-335,-3982,-517,1413,1312
528034,144.34,50.625,108.02,36.075,-3627,-334,-3985,-513,1414,1313
528036,144.58,50.25,107.94,36.3,-3625,-337,-3986,-510,1415,1319
528038,143.54,50.25,108.58,36.75,-3635,-338,-3980,-505,1414,1306
528040,143.7,50.7,107.14,37.35,-3634,-333,-3996,-500,1413,1315
528042,144.02,50.475,108.26,36.6,-3630,-335,-3983,-506,1413,1318
528044,144.34,51.45,107.94,37.05,-3628,-324,-3987,-502,1412,1313
528046,144.74,50.775,107.78,34.275,-3623,-331,-3986,-531,1416,1322
528048,145.06,51.075,108.58,36.6,-3620,-328,-3980,-506,1415,1317
528050,144.66,51.225,108.02,37.125,-3624,-327,-3986,-501,1416,1319
528052,145.06,51.45,107.62,36.45,-3621,-324,-3990,-508,1417,1317
528054,144.74,50.625,108.82,35.175,-3623,-332,-3976,-521,1418,1317
528056,145.22,49.725,107.54,34.5,-3617,-341,-3988,-528,1418,1316
528058,145.14,50.1,109.38,36.15,-3618,-338,-3971,-510,1419,1311
528060,144.98,49.8,109.06,34.65,-3620,-341,-3973,-525,1419,1314
528062,144.82,50.025,108.9,33.375,-3621,-338,-3974,-539,1418,1314
528064,144.82,49.875,108.74,33.975,-3622,-340,-3977,-533,1420,1317
528066,144.66,50.175,108.34,35.175,-3624,-337,-3981,-521,1419,1313
528068,144.58,49.275,108.66,34.5,-3624,-347,-3978,-528,1419,1316
528070,145.06,49.725,109.3,33.825,-3620,-342,-3971,-535,1419,1312
528072,145.54,50.025,108.74,32.925,-3616,-339,-3976,-545,1421,1310
528074,144.9,49.95,109.54,33.6,-3622,-341,-3968,-537,1420,1314
528076,144.9,49.575,109.06,34.2,-3622,-345,-3974,-532,1422,1316
528078,144.74,49.275,108.98,33.675,-3624,-349,-3975,-538,1421,1312
528080,145.3,50.1,108.58,32.475,-3619,-340,-3978,-552,1421,1315
528082,144.34,48.75,108.66,32.175,-3627,-355,-3977,-555,1420,1312
528084,144.5,49.35,108.9,32.7,-3627,-349,-3975,-550,1422,1320
528086,144.5,48.6,107.94,31.5,-3626,-357,-3984,-563,1423,1313
528088,144.02,47.7,108.18,30.75,-3630,-369,-3981,-572,1422,1315
528090,144.34,48.6,108.18,31.2,-3628,-359,-3982,-567,1424,1320
528092,143.7,47.175,107.38,31.95,-3634,-375,-3991,-562,1424,1315
528094,142.82,46.8,108.5,32.1,-3642,-380,-3979,-559,1425,1315
528096,143.62,48.075,108.5,33.225,-3636,-367,-3982,-549,1423,1318
528098,143.22,46.875,107.94,31.5,-3640,-380,-3986,-567,1426,1318
528100,142.5,46.5,107.54,32.55,-3647,-386,-3992,-558,1430,1313
528102,142.26,45.825,107.78,32.25,-3648,-394,-3989,-561,1434,1323
528104,142.82,48.075,107.46,32.1,-3646,-371,-3992,-564,1431,1313
528106,141.86,47.175,107.22,31.8,-3655,-381,-3995,-567,1431,1318
528108,142.02,46.95,107.22,32.325,-3654,-385,-3996,-563,1434,1314
528110,141.7,47.85,106.9,32.7,-3658,-375,-3999,-560,1430,1315
528112,141.86,46.95,107.94,34.05,-3656,-386,-3991,-546,1433,1321
528114,142.26,48.375,107.46,32.4,-3653,-371,-3994,-563,1433,1318
528116,142.58,48.225,107.14,32.775,-3650,-373,-3999,-561,1430,1318
528118,141.78,47.325,107.22,34.35,-3657,-383,-3999,-545,1435,1321
528120,142.5,49.05,106.82,32.55,-3652,-366,-4002,-565,1432,1318
528122,141.78,49.275,107.22,32.025,-3660,-364,-3997,-570,1432,1318
528124,141.94,48.375,106.02,32.775,-3658,-374,-4012,-564,1434,1319
528126,142.18,49.125,107.46,33.9,-3657,-366,-3998,-551,1432,1324
528128,142.1,49.125,106.82,34.725,-3658,-367,-4006,-544,1433,1320
528130,142.58,49.35,107.62,35.025,-3653,-365,-3998,-540,1430,1321
528132,142.1,49.5,108.5,35.925,-3659,-363,-3991,-531,1433,1322
528134,142.1,49.2,107.94,33.975,-3659,-367,-3994,-551,1432,1319
528136,142.66,49.425,106.98,33.9,-3654,-365,-4005,-553,1437,1315
528138,142.74,49.2,108.26,35.25,-3653,-367,-3993,-538,1435,1325
528140,142.26,49.875,108.34,35.1,-3659,-360,-3992,-540,1434,1325
528142,143.22,50.55,108.26,34.05,-3650,-352,-3992,-551,1431,1327
528144,142.66,49.425,108.1,36.225,-3655,-364,-3996,-528,1436,1324
528146,143.22,49.65,107.86,34.5,-3649,-362,-3997,-546,1434,1324
528148,143.14,50.25,108.26,36.525,-3651,-354,-3996,-524,1432,1322
528150,142.58,49.65,109.38,35.7,-3656,-361,-3984,-532,1436,1323
528152,143.46,50.625,107.7,35.925,-3649,-350,-4002,-530,1434,1330
528154,143.14,50.475,107.86,36.225,-3652,-352,-4000,-527,1437,1324
528156,143.14,49.95,107.06,36.15,-3652,-357,-4009,-527,1436,1328
528158,142.9,50.175,108.1,35.4,-3655,-355,-3998,-535,1436,1329
528160,142.82,51,107.94,36.525,-3657,-345,-4001,-523,1436,1332
528162,142.18,52.125,105.86,36.9,-3665,-334,-4023,-520,1439,1328
528164,139.7,56.625,102.1,39.525,-3696,-288,-4065,-495,1445,1327
528166,135.46,60.75,96.82,42.375,-3744,-248,-4122,-469,1453,1332
528168,130.98,66.075,88.66,51.975,-3796,-195,-4217,-374,1448,1324
528170,126.66,69.15,82.26,55.95,-3843,-165,-4288,-337,1453,1325
528172,122.42,72.675,77.38,60.15,-3892,-131,-4343,-296,1453,1323
528174,120.98,74.4,75.14,61.425,-3908,-114,-4368,-284,1454,1325
528176,120.74,76.5,74.02,62.775,-3913,-92,-4381,-270,1456,1331
528178,120.42,75.375,75.62,62.7,-3915,-103,-4364,-269,1458,1325
528180,121.94,74.55,76.1,62.85,-3899,-110,-4360,-266,1454,1328
528182,123.94,73.875,78.66,61.125,-3877,-116,-4331,-282,1457,1328
528184,124.66,73.575,80.1,60.675,-3869,-117,-4316,-285,1456,1329
528186,125.06,73.425,81.62,60.525,-3865,-118,-4300,-285,1459,1335
528188,125.46,74.625,82.34,60.225,-3862,-105,-4292,-287,1455,1333
528190,124.98,74.4,83.22,60.825,-3867,-108,-4284,-280,1458,1334
528192,124.82,74.175,82.98,60.675,-3869,-109,-4286,-282,1461,1335
528194,124.58,72.975,82.74,61.875,-3870,-122,-4290,-269,1460,1330
528196,123.94,73.8,82.98,62.325,-3877,-113,-4288,-264,1462,1330
528198,124.74,73.275,82.26,61.125,-3869,-118,-4294,-277,1459,1334
528200,124.66,74.4,81.3,62.25,-3870,-105,-4305,-265,1460,1329
528202,124.1,73.875,81.78,61.425,-3875,-112,-4299,-274,1463,1331
528204,124.34,73.575,82.26,62.025,-3872,-114,-4294,-266,1460,1335
528206,123.46,73.05,82.18,61.575,-3881,-120,-4295,-271,1463,1334
528208,124.1,73.5,82.18,62.25,-3874,-114,-4296,-263,1464,1333
528210,124.02,72.45,82.58,61.65,-3874,-126,-4291,-270,1463,1334
528212,123.86,72.975,82.42,62.4,-3877,-119,-4293,-261,1461,1331
528214,123.06,73.35,83.14,62.25,-3885,-116,-4285,-262,1461,1335
528216,123.06,74.025,82.74,61.2,-3886,-108,-4288,-273,1464,1337
528218,122.5,73.35,82.74,61.35,-3890,-116,-4288,-271,1466,1337
528220,123.14,73.65,82.18,61.95,-3884,-112,-4294,-265,1462,1337
528222,122.26,72.825,82.82,60.9,-3892,-121,-4287,-275,1467,1335
528224,122.42,73.725,83.06,62.1,-3891,-111,-4285,-262,1467,1335
528226,122.34,73.2,82.58,62.175,-3892,-117,-4291,-262,1467,1334
528228,123.22,72.75,82.98,61.425,-3882,-121,-4286,-269,1467,1334
528230,122.02,72.825,82.74,62.025,-3895,-121,-4288,-263,1468,1337
528232,122.66,72.825,83.7,62.55,-3887,-120,-4279,-257,1466,1333
528234,123.06,72.975,83.46,62.025,-3884,-119,-4281,-263,1464,1334
528236,121.7,72.9,82.82,61.875,-3898,-121,-4287,-265,1463,1336
528238,122.1,72,82.58,62.475,-3892,-130,-4290,-259,1468,1335
528240,122.1,72.6,82.74,60.9,-3893,-124,-4286,-275,1465,1338
528242,121.62,72.225,83.7,59.925,-3897,-128,-4276,-284,1464,1347
528244,121.94,72.6,83.78,61.35,-3894,-123,-4276,-269,1463,1339
528246,121.86,71.775,83.3,60.15,-3894,-132,-4280,-283,1466,1344
528248,122.1,71.925,83.7,60.15,-3892,-131,-4276,-282,1466,1343
528250,121.86,71.925,84.5,60.15,-3894,-130,-4267,-281,1464,1338
528252,122.82,71.775,83.86,60.525,-3883,-131,-4274,-278,1461,1340
528254,122.34,71.325,83.94,61.35,-3888,-137,-4274,-270,1467,1341
528256,122.34,71.85,83.62,59.7,-3889,-131,-4275,-287,1464,1341
528258,121.94,71.55,84.26,60.75,-3893,-135,-4270,-276,1467,1338
528260,122.1,70.875,83.94,60.75,-3889,-142,-4273,-277,1465,1343
528262,121.7,70.95,84.66,61.425,-3894,-142,-4266,-269,1467,1340
528264,121.62,71.25,83.54,60.6,-3895,-139,-4277,-278,1465,1339
528266,121.46,71.175,83.86,61.05,-3896,-140,-4274,-273,1467,1341
528268,121.46,70.125,84.02,60.675,-3895,-151,-4271,-278,1465,1343
528270,121.14,70.65,83.54,61.35,-3898,-145,-4277,-270,1467,1340
528272,121.54,70.275,83.46,61.575,-3894,-150,-4278,-269,1466,1341
528274,121.38,70.2,83.3,60.825,-3896,-151,-4279,-277,1462,1342
528276,121.22,71.4,83.22,61.95,-3898,-138,-4280,-265,1465,1343
528278,120.74,70.65,83.7,62.55,-3902,-146,-4276,-259,1463,1337
528280,120.98,71.625,84.02,61.575,-3901,-136,-4272,-269,1461,1341
528282,120.82,70.8,83.3,61.275,-3902,-145,-4279,-273,1463,1342
528284,120.5,70.5,84.1,61.8,-3905,-148,-4272,-267,1466,1342
528286,120.26,70.35,83.38,62.625,-3907,-150,-4279,-258,1462,1339
528288,119.78,70.2,83.3,61.875,-3911,-152,-4279,-267,1464,1337
528290,119.78,69.45,84.5,61.575,-3911,-160,-4267,-269,1465,1339
528292,120.26,69.825,83.14,61.2,-3906,-157,-4281,-274,1464,1340
528294,120.02,70.5,84.26,61.05,-3909,-149,-4268,-275,1461,1341
528296,120.66,70.725,85.06,61.425,-3903,-147,-4260,-271,1462,1339
528298,120.1,70.35,84.42,61.725,-3908,-151,-4268,-268,1460,1335
528300,120.26,70.575,84.66,61.425,-3907,-148,-4265,-271,1466,1340
528302,120.34,70.575,84.26,61.05,-3906,-148,-4269,-276,1464,1340
528304,120.26,70.875,84.42,62.25,-3908,-145,-4269,-263,1460,1337
528306,120.5,70.2,85.06,61.8,-3905,-152,-4262,-266,1462,1337
528308,120.1,71.475,84.58,61.725,-3911,-139,-4267,-268,1459,1342
528310,120.26,71.175,85.7,61.725,-3909,-142,-4255,-267,1459,1337
528312,119.78,71.1,85.14,61.05,-3914,-143,-4261,-274,1458,1339
528314,120.26,71.7,85.46,61.725,-3910,-137,-4258,-267,1460,1336
528316,120.42,70.575,84.9,61.95,-3907,-148,-4265,-265,1460,1338
528318,119.7,71.55,84.66,61.725,-3916,-138,-4267,-267,1460,1336
528320,120.5,71.25,85.46,61.875,-3907,-141,-4260,-265,1460,1336
528322,120.1,71.55,85.62,62.4,-3912,-138,-4258,-259,1458,1335
528324,119.94,71.625,85.3,61.35,-3914,-137,-4261,-270,1457,1335
528326,120.18,71.55,85.78,61.125,-3912,-137,-4256,-272,1457,1333
528328,119.78,71.85,85.78,63.075,-3917,-134,-4259,-251,1454,1333
528330,120.18,72,85.62,62.55,-3913,-132,-4260,-257,1456,1330
528332,119.38,72.15,85.3,63,-3922,-131,-4264,-252,1451,1331
528334,119.14,72.075,84.66,62.7,-3924,-132,-4271,-256,1453,1330
528336,119.06,71.7,85.54,61.35,-3926,-136,-4261,-268,1451,1330
528338,119.38,71.775,85.38,62.4,-3923,-135,-4264,-257,1451,1326
528340,119.22,72.75,84.98,63.975,-3926,-124,-4270,-241,1448,1324
528342,118.82,71.925,84.58,63.3,-3930,-133,-4274,-249,1450,1330
528344,118.82,72,85.62,62.775,-3931,-132,-4264,-254,1451,1326
528346,119.54,72.525,84.34,62.25,-3923,-126,-4276,-259,1446,1326
528348,118.58,71.175,84.74,62.475,-3933,-140,-4273,-257,1446,1324
528350,118.5,72.075,85.78,61.95,-3935,-132,-4262,-262,1445,1320
528352,118.18,72.525,85.86,61.95,-3939,-127,-4262,-261,1442,1320
528354,117.86,71.775,83.94,61.575,-3942,-135,-4282,-267,1442,1312
528356,117.94,71.475,85.38,61.725,-3942,-139,-4268,-265,1440,1317
528358,118.02,70.95,85.06,62.25,-3940,-144,-4271,-259,1437,1312
528360,117.94,71.4,84.82,63,-3943,-139,-4276,-252,1437,1305
528362,117.46,70.575,84.58,62.25,-3947,-149,-4277,-260,1435,1309
528364,118.1,71.55,85.22,63.375,-3942,-138,-4273,-248,1433,1306
528366,117.46,71.025,84.34,62.775,-3948,-144,-4281,-255,1434,1305
528368,117.46,71.175,84.98,63.375,-3949,-143,-4276,-248,1433,1301
528370,117.3,70.875,83.78,61.125,-3950,-146,-4286,-272,1433,1306
528372,118.18,71.1,84.9,63.6,-3943,-143,-4279,-246,1428,1298
528374,117.78,71.625,83.54,61.725,-3947,-138,-4291,-267,1429,1297
528376,117.86,71.55,84.98,62.1,-3947,-139,-4277,-262,1425,1296
528378,117.22,70.95,85.14,62.1,-3953,-146,-4276,-262,1426,1293
528380,119.7,71.55,87.62,63.075,-3930,-138,-4252,-250,1420,1294
528382,124.98,72.15,95.54,64.425,-3875,-128,-4171,-231,1418,1294
528384,134.1,73.2,107.62,67.875,-3783,-111,-4051,-186,1418,1287
528386,149.06,76.8,124.74,71.625,-3633,-62,-3878,-134,1416,1288
528388,169.3,79.95,146.74,75.525,-3428,-15,-3656,-77,1421,1287
528390,193.14,84.3,172.5,80.475,-3188,47,-3396,-7,1424,1290
528392,219.86,86.625,200.26,89.1,-2916,90,-3119,102,1434,1290
528394,248.18,91.5,228.98,93,-2631,161,-2829,164,1439,1297
528396,276.82,96.45,258.82,93,-2344,234,-2525,185,1446,1303
528398,306.1,101.55,286.74,94.5,-2049,308,-2241,220,1445,1303
528400,336.82,107.025,315.62,98.025,-1742,387,-1951,278,1448,1302
528402,367.22,112.275,343.06,99.525,-1438,463,-1672,313,1450,1296
528404,397.3,117.6,372.02,101.775,-1138,540,-1382,357,1444,1294
528406,427.62,120.525,398.66,104.4,-834,592,-1114,403,1447,1288
528408,455.78,121.8,425.06,109.35,-552,625,-852,474,1449,1299
528410,482.26,121.2,450.66,111.9,-284,637,-596,518,1444,1292
528412,508.5,119.4,475.06,113.1,-20,636,-352,547,1442,1286
528414,533.86,118.65,497.62,113.625,233,646,-125,569,1446,1281
528416,557.06,118.95,515.7,112.8,465,665,55,572,1438,1274
528418,575.54,118.425,530.74,112.5,649,672,206,580,1441,1268
528420,590.9,119.55,540.34,114.525,801,695,300,608,1443,1273
528422,600.42,119.775,547.06,117.225,896,704,365,640,1446,1275
528424,604.1,120.45,547.38,118.425,932,713,367,653,1441,1274
528426,604.26,120.375,547.54,116.025,934,712,371,628,1444,1278
528428,603.86,117.375,548.18,115.95,931,681,377,628,1443,1279
528430,602.98,115.2,547.62,113.7,924,658,372,605,1439,1282
528432,604.26,112.275,549.3,112.125,938,629,391,590,1435,1271
528434,605.62,111.75,550.26,111.975,952,624,400,589,1429,1269
528436,606.98,112.125,552.82,113.55,965,629,424,607,1424,1265
528438,608.5,112.35,554.34,115.125,980,633,439,625,1419,1263
528440,610.26,114.225,555.06,117.225,996,654,445,648,1415,1263
528442,610.9,114,554.66,115.125,1003,652,442,626,1414,1266
528444,610.74,115.35,554.26,116.4,1001,667,438,639,1413,1266
528446,610.26,115.425,553.78,116.475,997,667,433,639,1410,1265
528448,607.86,114.225,552.58,115.5,974,653,423,629,1414,1260
528450,607.38,115.2,553.62,115.2,969,663,433,626,1412,1256
528452,608.58,114.15,553.94,114.3,981,653,437,617,1411,1255
528454,607.38,114.45,552.58,113.7,969,655,424,610,1410,1245
528456,607.78,114.825,552.74,114.75,973,659,425,621,1408,1247
528458,608.58,114,553.46,113.475,982,651,433,608,1408,1243
528460,607.46,113.4,553.62,113.25,972,644,435,606,1409,1246
528462,607.46,112.875,554.02,113.1,972,639,439,604,1408,1243
528464,608.5,113.55,554.34,112.95,982,646,443,603,1402,1240
528466,609.06,113.025,555.22,113.25,988,642,452,607,1395,1242
528468,607.78,111.525,554.82,112.575,977,625,449,600,1402,1239
528470,608.02,111.075,555.54,113.625,980,621,455,611,1402,1239
528472,608.82,111,555.86,113.7,988,620,459,612,1399,1235
528474,608.18,111.225,556.34,112.575,981,623,465,600,1398,1237
528476,607.94,110.475,556.58,112.95,980,614,467,604,1399,1236
528478,607.22,111,557.06,113.475,973,619,472,610,1395,1232
528480,607.38,110.55,556.98,112.8,975,614,472,603,1398,1230
528482,607.3,109.5,556.98,111.75,975,603,473,592,1393,1227
528484,607.38,110.55,557.38,111.825,975,614,477,593,1392,1228
528486,607.38,109.875,558.02,111.6,976,607,483,591,1390,1228
528488,607.3,110.55,557.94,111.825,975,614,482,593,1390,1228
528490,607.3,109.875,558.18,112.2,975,607,485,597,1389,1224
528492,607.62,110.25,558.26,112.2,978,611,485,597,1388,1220
528494,607.14,109.5,558.5,112.275,974,603,488,598,1387,1222
528496,607.22,109.95,558.74,112.575,974,607,490,601,1383,1224
528498,607.46,108.975,559.54,111.975,977,597,498,596,1385,1225
528500,607.22,110.1,558.66,111.6,975,608,490,591,1384,1219
528502,606.5,110.4,558.82,113.325,968,612,491,609,1378,1216
528504,606.58,110.025,559.3,111.225,969,607,497,587,1379,1220
528506,606.5,109.875,558.34,111.9,968,606,488,594,1383,1219
528508,605.94,110.85,558.66,112.95,962,616,490,605,1377,1217
528510,606.34,109.425,559.14,114,966,601,494,616,1378,1214
528512,605.94,110.175,559.14,113.625,963,608,494,613,1381,1212
528514,605.54,110.325,559.86,113.775,958,610,501,615,1375,1215
528516,605.54,110.175,559.14,113.025,958,608,494,606,1373,1213
528518,606.18,109.425,559.3,112.275,965,601,497,599,1374,1213
528520,606.26,109.875,560.58,112.5,965,606,509,602,1371,1213
528522,606.42,109.2,560.5,111.975,967,599,508,597,1375,1214
528524,606.9,108.225,560.42,112.35,973,589,507,600,1373,1211
528526,606.82,108.825,560.5,112.35,971,596,508,600,1366,1211
528528,607.14,108.375,561.14,111.9,975,592,514,596,1369,1210
528530,606.74,107.7,561.14,111.525,971,584,515,593,1365,1209
528532,607.22,107.175,560.82,111.675,976,579,512,594,1363,1210
528534,606.74,107.925,561.06,109.8,971,587,515,575,1367,1206
528536,605.86,106.125,561.38,110.85,964,568,518,586,1369,1207
528538,606.26,106.875,561.22,108.825,967,576,518,565,1365,1211
528540,605.86,107.775,561.3,110.1,963,585,518,579,1369,1212
528542,605.54,106.875,560.9,109.2,960,575,515,569,1361,1213
528544,605.7,107.175,560.98,110.025,962,579,515,578,1363,1211
528546,605.78,105.975,561.86,109.5,963,567,524,573,1365,1211
528548,605.78,105.9,561.54,109.275,963,566,521,571,1364,1209
528550,605.86,106.575,561.54,109.35,964,573,522,571,1362,1212
528552,606.1,106.275,562.42,109.725,966,571,530,576,1359,1211
528554,605.06,105.3,562.1,108.6,957,559,527,564,1364,1210
528556,606.26,105.9,562.26,110.55,969,566,527,585,1363,1208
528558,605.22,104.925,561.22,109.5,959,556,518,573,1360,1205
528560,604.98,105.525,561.14,109.8,956,562,517,576,1364,1204
528562,605.22,105.375,561.94,109.2,959,560,525,570,1363,1205
528564,605.62,105.825,562.18,109.8,962,565,527,577,1359,1205
528566,605.86,105.675,562.66,109.275,965,564,533,572,1361,1206
528568,605.94,105.525,562.26,109.2,966,562,529,571,1363,1205
528570,605.06,105.525,562.42,109.05,957,562,530,569,1359,1207
528572,604.66,105.075,562.26,110.025,953,557,528,579,1364,1204
528574,605.06,106.35,562.1,109.875,957,570,526,577,1362,1203
528576,605.38,105.525,562.58,108.975,960,562,532,568,1360,1206
528578,605.06,105.675,562.74,109.35,956,563,533,573,1359,1206
528580,604.98,105.525,562.02,109.425,955,562,526,573,1358,1204
528582,605.3,105.15,562.02,109.35,959,558,525,572,1359,1207
528584,604.82,105.675,562.5,108.75,953,564,531,567,1356,1205
528586,604.18,105.3,562.74,108.825,947,559,532,567,1361,1206
528588,604.18,106.05,562.1,109.35,946,567,525,572,1358,1204
528590,604.26,105,561.94,108.375,948,556,525,562,1357,1207
528592,604.74,104.7,562.42,109.35,952,553,529,573,1359,1203
528594,605.14,104.625,561.46,108.9,956,553,519,567,1361,1205
528596,604.82,104.1,561.38,109.575,953,547,517,574,1359,1203
528598,605.06,104.55,563.46,108.825,956,552,539,568,1358,1206
528600,604.58,104.775,562.42,108.975,950,554,528,569,1359,1205
528602,604.5,103.875,562.9,108.3,950,545,533,562,1358,1209
528604,604.1,103.65,562.02,109.35,946,542,524,572,1360,1205
528606,604.1,104.1,562.5,108,946,547,529,559,1362,1207
528608,604.58,104.325,562.26,109.425,950,549,526,573,1358,1205
528610,605.7,104.25,563.3,108.975,961,549,536,570,1358,1206
528612,605.22,104.625,563.7,108.975,956,553,540,570,1361,1204
528614,604.66,103.425,562.9,107.775,951,540,533,556,1362,1209
528616,603.22,100.95,561.94,106.5,938,513,525,543,1360,1207
528618,601.3,100.8,559.38,104.25,919,510,500,517,1356,1202
528620,597.46,97.425,556.26,100.875,883,473,472,480,1353,1204
528622,594.9,94.35,550.98,99.6,860,439,420,463,1349,1199
528624,592.82,94.8,549.94,97.95,839,442,411,445,1346,1200
528626,592.9,93.75,548.1,98.325,841,432,392,447,1348,1198
528628,594.58,93.3,548.82,98.775,857,428,399,453,1344,1200
528630,595.78,92.475,549.06,98.325,870,420,401,449,1346,1204
528632,598.18,93.675,550.42,100.95,893,434,413,476,1345,1201
528634,599.06,93.375,553.38,99.975,902,432,444,469,1348,1202
528636,599.94,93.225,553.94,100.2,911,431,449,472,1345,1202
528638,600.26,94.125,553.62,100.425,913,440,446,473,1345,1208
528640,599.14,93.45,553.78,98.7,903,433,448,456,1346,1206
528642,598.42,93.075,554.42,98.25,896,428,456,451,1351,1210
528644,598.02,93.6,552.74,98.775,892,433,439,456,1348,1206
528646,596.82,95.325,552.74,99,879,450,438,458,1347,1203
528648,597.06,94.125,553.38,99.15,883,438,445,460,1351,1206
528650,597.7,93.6,553.94,99.15,889,433,451,460,1349,1207
528652,598.66,93.975,553.54,99.75,899,437,446,466,1350,1209
528654,598.42,93.375,555.22,100.275,897,431,463,473,1349,1208
528656,598.58,93.6,553.38,99.15,899,434,445,460,1350,1206
528658,598.5,94.05,554.02,99.6,898,438,452,465,1350,1207
528660,597.62,94.275,554.9,99,889,440,461,459,1350,1210
528662,598.1,93.075,553.86,99.225,894,428,450,461,1354,1206
528664,598.66,92.775,554.66,98.625,901,425,460,455,1349,1205
528666,597.86,92.925,555.06,98.475,893,426,464,454,1350,1211
528668,598.18,93.375,554.98,99,895,431,462,460,1351,1208
528670,597.94,93.375,554.82,98.55,894,431,461,455,1352,1208
528672,597.62,92.925,554.98,98.175,891,426,464,451,1352,1210
528674,597.7,92.55,555.54,97.575,892,422,470,445,1352,1212
528676,597.78,93.825,553.94,97.8,892,436,454,447,1357,1205
528678,598.02,92.7,554.66,98.7,895,424,460,456,1353,1209
528680,598.02,92.55,554.9,98.325,896,423,463,453,1353,1209
528682,597.46,91.65,554.82,97.275,890,414,463,442,1358,1214
528684,597.7,92.85,554.42,97.725,892,426,459,447,1354,1211
528686,597.46,92.475,555.38,97.95,890,422,468,450,1355,1211
528688,597.7,91.575,554.58,97.05,894,413,461,440,1357,1213
528690,597.78,90.825,555.06,97.275,894,405,466,442,1354,1211
528692,597.94,91.575,555.3,96.6,896,413,469,436,1354,1214
528694,597.38,91.725,554.58,97.125,891,415,461,441,1356,1217
528696,596.74,91.8,555.62,96.75,884,415,472,438,1359,1216
528698,596.98,91.875,554.74,97.725,886,416,462,447,1360,1211
528700,597.54,91.2,555.06,97.725,893,410,466,448,1358,1220
528702,596.82,91.125,554.9,97.8,886,408,464,449,1362,1215
528704,597.78,90.975,555.14,97.95,895,408,467,450,1358,1217
528706,596.98,90.975,555.78,97.575,886,407,473,447,1359,1221
528708,596.9,92.325,554.5,97.875,885,421,460,450,1359,1219
528710,596.34,92.325,554.66,98.025,880,421,461,451,1359,1219
528712,596.1,91.125,555.3,98.55,877,409,467,457,1363,1225
528714,596.74,93.45,555.38,97.425,882,434,468,446,1365,1224
528716,596.1,93.075,555.46,99.225,876,429,467,465,1359,1220
528718,595.06,93.9,554.9,100.05,865,437,461,473,1360,1227
528720,595.86,93.9,554.34,99,872,438,456,462,1366,1225
528722,594.66,93.975,554.66,100.35,861,438,459,476,1366,1230
528724,594.9,94.35,555.06,100.05,862,442,462,474,1367,1227
528726,595.3,94.275,553.86,100.125,866,442,450,474,1369,1225
528728,595.46,92.925,554.26,99.675,868,428,454,470,1362,1231
528730,595.22,94.35,554.82,99.225,865,443,460,466,1368,1226
528732,594.74,94.8,554.98,99,859,448,461,464,1370,1227
528734,594.26,94.95,554.9,99.75,854,449,459,472,1372,1231
528736,594.98,94.8,555.06,100.425,861,449,460,479,1370,1229
528738,594.82,93.75,554.9,99.675,860,438,459,471,1372,1232
528740,594.5,95.175,555.38,98.7,855,452,463,462,1370,1231
528742,595.22,94.725,554.74,99.45,862,448,457,469,1374,1232
528744,594.82,93.975,555.06,99.9,858,440,460,474,1373,1235
528746,595.3,94.125,555.86,99.675,863,442,468,472,1372,1238
528748,596.02,94.2,556.9,98.325,870,444,478,459,1378,1233
528750,598.74,90.975,559.62,98.4,899,411,506,462,1367,1227
528752,603.78,91.425,564.74,98.775,949,420,556,469,1369,1230
528754,609.86,89.025,570.9,97.725,1010,399,618,462,1370,1237
528756,618.9,87.15,577.94,97.275,1101,386,688,462,1370,1235
528758,627.78,87.15,584.26,96.675,1189,392,752,460,1368,1236
528760,633.46,88.125,588.74,96.375,1244,405,796,460,1373,1235
528762,637.7,87.825,591.78,96.15,1286,405,826,459,1369,1235
528764,638.58,89.25,591.38,96.225,1294,420,822,460,1369,1232
528766,637.94,90.675,590.98,95.775,1286,434,818,455,1367,1234
528768,635.7,91.275,588.58,96.675,1264,438,793,462,1373,1229
528770,633.94,90.825,588.02,96.075,1247,432,788,455,1378,1235
528772,632.9,89.7,587.62,95.475,1237,419,784,448,1381,1228
528774,632.66,87.525,587.46,96.15,1236,397,782,454,1379,1231
528776,632.58,84.525,586.58,95.25,1236,364,774,444,1381,1238
528778,632.1,85.95,588.02,94.575,1230,379,788,438,1382,1232
528780,632.26,85.8,588.42,95.925,1232,377,792,451,1374,1237
528782,632.26,85.875,587.62,96.675,1232,378,783,458,1379,1239
528784,632.18,86.7,589.3,96.15,1231,385,800,453,1374,1239
528786,632.9,88.425,588.58,96.3,1237,403,793,454,1379,1241
528788,632.9,89.625,588.5,97.125,1236,415,791,462,1378,1239
528790,632.9,88.275,588.26,96.45,1236,400,789,455,1378,1237
528792,632.9,89.85,589.14,96.975,1235,416,798,459,1381,1241
528794,632.34,90.075,589.54,97.65,1230,418,801,467,1382,1243
528796,632.1,89.475,588.74,96.825,1227,410,793,457,1384,1244
528798,631.54,89.25,589.14,96.225,1222,408,798,451,1382,1242
528800,631.62,88.875,588.74,97.275,1223,404,793,461,1380,1241
528802,632.34,88.275,590.02,97.275,1230,398,805,461,1382,1242
528804,632.98,89.85,589.22,95.925,1235,414,798,447,1380,1244
528806,631.94,88.425,589.06,97.425,1226,398,795,462,1384,1244
528808,632.98,89.325,589.94,97.05,1235,407,804,458,1382,1242
528810,632.34,88.725,589.78,96.525,1229,401,803,452,1384,1246
528812,631.86,88.575,590.34,96.3,1224,399,808,450,1385,1249
528814,632.5,87.9,589.94,96.9,1231,392,803,456,1385,1251
528816,632.1,88.5,589.62,96.6,1226,397,800,452,1389,1247
528818,632.02,86.175,590.58,96.075,1227,374,810,447,1389,1251
528820,631.54,86.475,590.5,96.075,1221,376,809,447,1395,1246
528822,632.42,86.325,590.74,96.975,1230,375,811,457,1393,1247
528824,632.34,85.05,590.42,95.625,1231,362,809,442,1390,1249
528826,632.58,86.325,590.34,96.6,1232,375,807,452,1394,1249
528828,631.78,86.325,590.02,95.475,1224,374,805,440,1390,1253
528830,632.66,85.5,590.18,95.625,1233,366,806,442,1396,1249
528832,633.14,86.25,589.7,96.675,1237,374,801,452,1391,1247
528834,632.18,86.25,590.74,96.45,1228,374,811,450,1393,1251
528836,632.66,85.95,591.7,96.225,1233,370,821,449,1392,1250
528838,632.5,85.65,590.82,96,1231,368,812,445,1399,1252
528840,632.98,85.5,590.98,96.525,1236,366,814,451,1397,1252
528842,632.26,85.8,591.3,95.4,1229,369,818,440,1399,1257
528844,632.18,84.975,590.82,95.55,1229,361,813,441,1398,1253
528846,632.34,83.85,591.38,96.525,1231,349,818,452,1398,1253
528848,632.66,85.95,591.54,94.2,1234,371,821,428,1401,1258
528850,631.94,85.65,591.86,94.725,1227,368,824,433,1397,1253
528852,632.5,84.825,591.86,95.025,1233,360,824,437,1399,1259
528854,632.66,84.375,591.86,95.7,1235,355,824,444,1404,1257
528856,632.5,84.9,591.3,95.85,1233,360,818,445,1404,1255
528858,632.66,84.45,591.54,96.225,1234,356,820,449,1400,1257
528860,632.74,84.825,591.78,96.15,1236,360,824,449,1404,1257
528862,632.1,84.6,592.02,95.25,1230,357,826,440,1402,1258
528864,632.58,85.725,591.94,96.15,1234,370,825,449,1402,1263
528866,632.02,85.05,590.9,95.1,1229,362,816,438,1406,1260
528868,631.94,85.95,591.62,95.25,1228,372,824,440,1404,1261
528870,632.1,84.825,590.9,96.375,1230,361,816,451,1404,1259
528872,631.86,86.175,590.98,95.175,1228,375,818,440,1403,1268
528874,632.34,85.2,590.98,95.1,1234,365,818,439,1406,1265
528876,631.62,85.575,591.38,96,1227,369,822,449,1406,1265
528878,631.86,86.55,590.42,96.375,1229,379,812,452,1408,1269
528880,631.7,86.175,591.38,95.625,1227,375,823,446,1406,1268
528882,631.86,86.475,590.9,96.075,1229,379,818,450,1407,1270
528884,632.34,86.025,592.18,96.225,1234,375,831,453,1407,1268
528886,631.62,86.4,591.22,96.45,1228,378,821,454,1407,1267
528888,631.86,86.325,592.5,95.325,1230,379,834,444,1410,1271
528890,632.34,86.325,591.78,96,1235,378,827,451,1406,1270
528892,631.7,85.575,592.26,95.625,1229,371,833,448,1410,1272
528894,631.94,86.325,592.42,96.225,1231,379,834,454,1412,1271
528896,632.5,86.25,591.54,95.625,1237,380,826,448,1410,1273
528898,631.94,85.575,591.86,96.375,1233,372,829,456,1412,1274
528900,632.18,86.25,590.98,96.9,1235,380,820,462,1414,1274
528902,632.82,86.25,591.22,95.55,1241,381,823,448,1412,1276
528904,632.66,86.775,591.14,96.075,1240,386,823,454,1412,1272
528906,632.5,86.7,591.94,95.55,1239,385,831,449,1416,1280
528908,632.66,86.625,591.7,95.85,1240,386,829,453,1412,1274
528910,632.02,87.075,591.78,95.925,1234,389,829,454,1415,1280
528912,632.82,86.25,592.9,95.325,1243,382,842,449,1418,1277
528914,632.66,85.35,592.26,95.7,1241,373,835,452,1414,1276
528916,632.02,85.575,591.78,95.625,1236,375,831,452,1417,1279
528918,632.02,85.575,590.98,94.95,1236,375,823,444,1417,1281
528920,632.74,86.1,592.82,95.4,1242,381,842,450,1416,1280
528922,632.34,86.325,593.14,95.175,1238,383,844,448,1418,1281
528924,632.9,85.425,592.5,94.5,1244,375,839,441,1418,1282
528926,632.34,86.025,592.98,93.975,1239,380,844,436,1418,1289
528928,632.58,85.275,591.94,94.725,1242,373,834,443,1421,1288
528930,633.22,84.9,592.1,93.15,1248,370,836,427,1421,1286
528932,633.7,82.725,593.3,92.775,1255,348,849,424,1422,1286
528934,634.98,78.3,594.5,86.7,1269,303,864,362,1421,1293
528936,636.42,72.375,595.38,83.175,1287,243,875,326,1417,1294
528938,638.26,68.175,597.06,78.675,1308,201,895,281,1411,1301
528940,640.34,63.975,599.06,74.775,1331,159,917,242,1413,1297
528942,644.74,61.05,598.82,72.15,1376,133,916,215,1411,1296
528944,646.34,60.6,600.9,69,1392,128,938,183,1405,1293
528946,647.06,60.75,600.66,69.15,1399,131,936,184,1404,1289
528948,647.38,61.575,600.1,71.55,1402,139,930,209,1404,1287
528950,647.94,63.675,598.34,71.85,1406,161,912,211,1402,1288
528952,647.38,63.75,597.94,72.45,1401,161,908,216,1405,1290
528954,647.46,63.225,597.7,74.85,1402,156,904,241,1407,1296
528956,646.74,63.75,597.94,75.375,1395,160,906,246,1408,1299
528958,645.94,64.2,598.98,75.15,1386,164,917,245,1411,1299
528960,645.78,63.9,597.94,74.325,1385,161,907,235,1409,1302
528962,645.46,63.225,597.86,74.625,1382,154,905,238,1416,1301
528964,645.54,63.6,598.18,74.4,1383,157,909,235,1414,1302
528966,644.74,62.175,599.06,75.45,1376,142,917,247,1417,1298
528968,644.74,63.825,598.82,74.7,1375,159,915,239,1416,1299
528970,644.18,63.825,599.62,74.625,1369,158,923,238,1410,1299
528972,643.94,63.3,599.06,75.225,1367,152,917,244,1414,1299
528974,643.78,63.825,598.9,74.85,1365,158,915,240,1413,1299
528976,644.66,64.125,599.54,73.95,1373,161,923,232,1414,1298
528978,643.7,63.3,598.9,73.725,1365,153,916,229,1415,1298
528980,644.02,63.975,599.3,74.625,1367,160,919,238,1417,1300
528982,644.58,63.75,599.94,73.65,1372,157,926,228,1415,1301
528984,644.1,63.375,598.9,73.425,1368,153,915,225,1417,1305
528986,644.9,62.775,599.06,73.425,1376,147,917,225,1418,1303
528988,644.58,63.525,600.42,72.975,1372,155,931,221,1418,1306
528990,645.3,63,600.1,71.925,1380,150,928,211,1417,1311
528992,644.34,62.7,600.42,72.6,1370,147,931,218,1421,1304
528994,644.26,62.625,599.7,71.925,1369,145,924,210,1421,1312
528996,644.66,63.375,600.34,72.375,1373,154,930,216,1420,1312
528998,643.78,63.75,600.5,70.65,1364,157,932,198,1423,1316
529000,644.42,63.375,601.46,72.45,1370,154,940,217,1419,1310
529002,644.26,63.75,601.7,72.15,1368,158,943,214,1423,1311
529004,643.62,63.45,601.62,72.675,1362,154,941,219,1421,1313
529006,643.7,62.55,601.06,72.6,1363,145,935,218,1424,1308
529008,643.62,64.05,601.62,72.45,1360,160,941,217,1425,1311
529010,643.7,62.7,601.7,72.225,1362,147,941,215,1426,1308
529012,643.46,63.675,601.38,72.15,1359,156,939,214,1426,1309
529014,643.94,63.75,601.3,72.15,1364,157,937,214,1426,1313
529016,642.82,63.675,601.46,72.6,1353,156,938,219,1427,1312
529018,642.74,63.9,600.66,71.175,1351,158,931,204,1428,1307
529020,643.3,63.9,600.98,72.375,1357,158,933,216,1425,1316
529022,643.22,62.55,600.26,70.875,1357,145,927,200,1429,1317
529024,642.5,63.525,600.74,70.5,1349,154,933,197,1426,1321
529026,642.9,63,601.3,71.25,1353,148,937,205,1430,1317
529028,642.98,62.7,601.54,70.425,1354,145,940,196,1430,1324
529030,643.14,62.4,601.62,70.8,1355,142,941,201,1429,1323
529032,642.34,63.6,601.14,70.5,1346,155,935,197,1425,1321
529034,642.9,62.625,601.3,70.275,1352,145,937,195,1428,1324
529036,643.06,63.675,600.9,70.95,1352,155,932,202,1427,1317
529038,642.98,62.475,600.9,70.8,1352,143,932,200,1429,1324
529040,642.9,62.925,601.14,70.575,1351,147,934,198,1431,1324
529042,643.14,63.15,600.98,71.475,1353,150,932,207,1429,1319
529044,642.66,62.7,601.38,70.425,1348,145,936,196,1428,1322
529046,642.1,62.85,600.82,71.25,1342,146,930,204,1428,1322
529048,641.94,63,600.82,70.275,1340,148,930,193,1427,1322
529050,642.26,63.15,601.22,70.425,1343,149,934,196,1428,1322
529052,642.58,63.9,601.7,71.4,1345,157,937,206,1430,1322
529054,643.3,63.525,601.06,70.5,1352,153,932,196,1430,1325
529056,642.82,62.775,600.58,70.8,1348,145,926,199,1428,1321
529058,643.14,62.775,601.46,70.65,1351,145,934,197,1431,1322
529060,642.66,63.45,601.54,70.725,1345,151,935,198,1431,1323
529062,642.74,63.15,601.14,70.5,1346,149,931,195,1429,1322
529064,642.98,63,601.78,70.275,1348,147,937,194,1432,1326
529066,642.98,63.375,600.98,70.05,1347,151,929,191,1429,1323
529068,643.38,63,601.7,70.275,1351,147,935,193,1429,1323
529070,642.74,62.775,601.3,70.8,1345,145,931,198,1429,1323
529072,642.66,62.7,601.38,70.35,1344,143,931,193,1432,1323
529074,642.66,62.625,601.46,70.875,1343,143,932,199,1432,1323
529076,642.74,62.55,602.26,70.575,1344,142,939,197,1432,1326
529078,643.22,62.625,601.38,69.525,1349,143,931,185,1430,1324
529080,643.06,62.7,600.9,70.5,1347,144,926,194,1427,1321
529082,642.9,62.925,600.74,70.125,1345,146,924,191,1431,1322
529084,642.82,63.225,601.38,69.15,1344,148,931,180,1433,1320
529086,642.98,63.15,601.3,69.825,1345,148,930,188,1431,1326
529088,642.5,62.775,601.78,70.275,1341,143,934,193,1431,1324
529090,642.58,62.4,602.02,70.05,1342,140,937,190,1435,1326
529092,641.78,63.45,601.86,70.275,1333,149,934,192,1432,1326
529094,642.42,63,602.02,70.575,1339,146,936,195,1436,1322
529096,642.82,62.55,600.82,70.05,1344,141,925,190,1436,1320
529098,643.14,62.7,602.26,70.95,1347,143,938,199,1433,1325
529100,642.66,63.375,602.5,70.575,1342,149,941,196,1434,1324
529102,643.06,62.775,601.94,71.25,1346,143,935,203,1433,1323
529104,643.3,63.15,601.7,70.8,1348,148,932,198,1435,1324
529106,643.22,63.375,602.66,71.1,1347,150,942,201,1435,1324
529108,643.22,63.525,602.5,71.55,1347,152,940,207,1435,1322
529110,643.14,63.75,601.7,70.8,1346,154,932,198,1434,1325
529112,643.54,63.15,602.9,71.25,1350,148,944,203,1433,1326
529114,643.14,62.775,601.7,70.275,1347,144,933,193,1436,1326
529116,643.14,63.45,601.46,70.05,1347,152,931,190,1435,1324
529118,642.34,63,602.9,69.825,1339,146,946,189,1436,1326
529120,642.98,63.075,602.1,70.35,1345,148,938,194,1436,1325
529122,642.98,63.075,601.86,70.8,1345,148,935,199,1436,1322
529124,642.18,62.4,602.66,70.425,1338,140,943,195,1436,1325
529126,642.74,63.075,603.46,69.45,1343,148,952,186,1437,1331
529128,642.42,62.7,602.98,71.25,1340,144,946,204,1438,1330
529130,642.66,62.925,602.82,69.3,1343,146,946,185,1435,1329
529132,642.66,62.7,602.66,68.7,1343,144,945,178,1435,1327
529134,642.5,63,602.82,69.45,1342,147,945,186,1437,1326
529136,642.1,62.4,602.5,69.9,1338,141,942,191,1439,1325
529138,642.66,62.85,602.98,69.675,1343,146,947,188,1437,1330
529140,642.42,62.55,602.98,69.6,1341,143,947,188,1436,1329
529142,642.1,62.475,603.38,69.825,1337,142,951,190,1439,1329
529144,642.34,62.7,603.22,69.525,1340,144,949,187,1438,1328
529146,642.42,62.175,603.7,69.525,1341,139,955,188,1439,1331
529148,641.62,62.025,603.22,69.075,1333,137,950,183,1439,1332
529150,642.58,62.925,603.22,69.075,1343,146,950,183,1437,1330
529152,642.42,62.1,602.98,69.975,1342,138,948,191,1437,1328
529154,642.34,62.4,603.38,69,1340,141,952,182,1439,1331
529156,642.26,62.7,602.58,68.775,1340,144,945,179,1438,1329
529158,641.78,62.25,601.94,70.275,1336,139,937,194,1440,1324
529160,642.5,62.85,603.46,69.375,1343,145,953,186,1437,1333
529162,641.86,62.025,602.9,69.225,1336,137,948,184,1440,1330
529164,641.7,62.1,602.98,70.5,1335,137,948,197,1439,1330
529166,642.02,62.175,603.62,68.625,1338,138,956,178,1440,1333
529168,642.66,62.475,602.66,69.9,1345,142,945,190,1438,1331
529170,642.34,61.65,603.46,69.225,1342,133,953,184,1441,1333
529172,642.66,63.15,603.54,69.975,1344,148,954,192,1438,1327
529174,641.78,61.95,602.9,69.975,1336,136,948,191,1439,1333
529176,641.7,62.4,602.5,69.375,1335,140,944,184,1440,1331
529178,642.02,62.925,603.06,69.75,1338,146,949,189,1440,1325
529180,641.62,61.875,602.66,70.125,1335,134,945,192,1442,1324
529182,641.7,62.925,602.26,69.825,1335,145,941,189,1440,1327
529184,641.86,62.175,602.98,70.575,1337,137,949,197,1441,1328
529186,641.38,61.95,602.42,70.125,1333,135,943,192,1444,1327
529188,641.94,62.325,602.02,69.675,1338,139,939,187,1440,1328
529190,641.46,61.875,602.34,69.75,1334,134,942,188,1444,1331
529192,640.58,62.625,602.42,70.575,1325,141,943,196,1446,1328
529194,641.62,62.025,601.86,69.9,1335,135,937,189,1442,1326
529196,641.3,61.875,603.06,70.2,1332,134,949,193,1443,1328
529198,641.14,61.725,602.58,69.75,1330,132,945,188,1447,1330
529200,640.98,61.425,602.82,69.6,1328,129,947,186,1446,1329
529202,640.9,60.75,603.22,69.825,1328,122,951,189,1448,1330
529204,641.22,61.65,603.06,69.525,1330,131,950,187,1449,1330
529206,640.9,62.025,603.3,69.75,1327,135,951,189,1448,1329
529208,640.98,62.025,602.42,70.05,1328,135,943,191,1444,1327
529210,640.42,60.75,602.26,70.2,1324,122,941,192,1450,1325
529212,641.3,61.5,602.1,70.2,1332,130,940,193,1445,1325
529214,640.74,61.65,602.66,69.525,1326,131,945,186,1447,1326
529216,640.66,61.05,602.34,69.975,1325,125,942,191,1451,1325
529218,640.66,61.35,602.34,70.05,1325,129,942,191,1446,1326
529220,640.26,61.05,602.1,70.05,1322,125,940,191,1450,1322
529222,640.9,61.275,602.98,69.3,1328,128,948,184,1447,1329
529224,640.18,61.425,602.58,69.75,1321,129,944,188,1449,1329
529226,640.98,60.6,602.58,68.85,1329,121,945,180,1451,1328
529228,640.9,61.275,603.7,68.475,1328,128,956,177,1448,1332
529230,641.38,60.825,603.46,69.3,1333,124,954,185,1448,1332
529232,640.9,61.35,603.06,69.45,1328,129,950,186,1446,1330
529234,640.82,60.3,602.98,69.6,1328,118,949,187,1451,1330
529236,641.06,60.525,603.46,69.975,1330,121,953,192,1449,1328
529238,640.42,60.3,603.78,68.1,1324,118,957,173,1453,1336
529240,641.22,61.2,604.1,68.4,1332,128,961,176,1449,1336
529242,640.74,59.7,604.18,68.775,1328,113,962,181,1452,1334
529244,641.06,59.925,602.98,69.225,1331,115,950,184,1452,1330
529246,641.06,60.525,603.06,69.075,1331,121,950,183,1450,1328
529248,641.06,60.75,602.82,69.45,1331,124,949,186,1450,1330
529250,640.66,60.9,602.9,69.15,1327,125,950,183,1452,1333
529252,640.74,60.075,603.3,68.175,1328,117,954,174,1453,1336
529254,640.98,60.15,603.06,69.15,1331,117,951,184,1452,1330
529256,640.82,60.525,602.26,69.225,1329,121,943,184,1453,1329
529258,640.98,60.825,602.74,68.7,1331,125,948,179,1449,1334
529260,640.34,61.575,603.62,69,1324,131,957,183,1452,1335
529262,639.7,61.725,602.5,68.85,1318,133,946,180,1452,1333
529264,639.86,60,602.5,69,1320,115,946,182,1457,1328
529266,640.1,60.375,602.74,69,1323,119,948,182,1454,1332
529268,639.86,60.75,602.9,68.775,1320,123,950,180,1450,1334
529270,640.18,60.15,603.94,69.15,1323,117,961,185,1455,1335
529272,640.18,60.975,603.94,69.525,1323,125,960,188,1451,1331
529274,641.54,60.525,605.7,69.3,1336,122,978,187,1450,1335
529276,647.3,60.6,610.26,70.35,1393,126,1022,202,1457,1337
529278,652.98,60.15,616.9,70.95,1450,126,1087,212,1452,1330
529280,663.94,58.35,628.02,69.3,1559,115,1199,203,1452,1329
529282,678.66,55.8,640.02,70.2,1705,99,1317,221,1451,1329
529284,695.22,54.075,655.3,69.675,1868,93,1468,226,1453,1325
529286,711.3,52.8,671.06,73.425,2026,92,1621,275,1455,1324
529288,728.18,52.275,685.38,74.55,2191,98,1761,297,1461,1320
529290,743.86,54.825,698.9,74.025,2344,134,1895,300,1457,1324
529292,759.06,55.575,713.3,74.475,2492,152,2036,315,1455,1309
529294,772.5,56.625,724.34,73.575,2623,172,2144,313,1448,1305
529296,782.82,56.55,734.5,74.25,2722,179,2243,327,1451,1301
529298,794.5,58.35,740.74,73.875,2836,205,2305,327,1443,1299
529300,801.94,60.825,747.94,77.25,2907,236,2373,367,1439,1302
529302,808.5,62.625,749.94,80.7,2970,258,2391,404,1445,1306
529304,812.1,64.8,750.82,83.25,3004,283,2399,430,1452,1309
529306,810.58,66.825,750.34,84.525,2989,303,2394,444,1461,1309
529308,808.98,66.75,750.98,82.95,2973,301,2401,427,1458,1318
529310,806.5,64.425,750.82,81.675,2950,275,2400,414,1461,1322
529312,804.74,61.95,750.66,80.475,2934,249,2398,402,1454,1324
529314,804.66,59.475,752.26,78.45,2934,223,2415,382,1456,1318
529316,804.98,57.75,752.9,79.05,2937,206,2421,388,1458,1315
529318,805.3,58.575,753.22,77.85,2940,214,2424,376,1447,1317
529320,804.74,59.25,754.5,78.225,2934,221,2436,381,1449,1316
529322,806.5,60.9,754.74,80.25,2951,239,2438,402,1443,1315
529324,805.86,61.5,754.18,81.3,2944,244,2432,412,1445,1314
529326,806.5,60.45,755.3,80.475,2950,234,2443,404,1449,1330
529328,806.42,61.125,755.86,79.5,2949,241,2449,395,1447,1327
529330,805.3,60.75,755.06,80.4,2938,236,2441,403,1450,1324
529332,804.58,61.725,755.22,78.075,2931,245,2443,380,1447,1320
529334,804.42,60.45,754.82,79.425,2930,232,2439,393,1449,1322
529336,804.1,60.45,754.1,79.275,2926,232,2431,391,1451,1319
529338,804.42,60.825,754.9,79.8,2929,236,2439,396,1446,1323
529340,803.38,60.825,755.94,78.825,2919,235,2449,387,1445,1323
529342,802.82,60.6,755.62,79.575,2914,232,2446,395,1449,1320
529344,803.94,60.75,756.18,79.875,2924,235,2451,399,1449,1322
529346,803.38,60.225,756.26,79.875,2919,229,2451,398,1447,1320
529348,802.66,59.175,755.62,78.825,2912,218,2445,387,1450,1322
529350,802.5,60.825,756.74,80.1,2910,234,2456,401,1448,1323
529352,802.42,60.75,756.66,79.875,2909,234,2455,399,1447,1323
529354,802.18,60.975,756.82,79.275,2906,236,2456,392,1446,1322
529356,803.14,60.6,757.3,78.3,2916,233,2462,383,1446,1321
529358,802.74,60.6,757.46,77.775,2911,233,2463,378,1446,1323
529360,801.78,60.375,757.46,78.45,2902,230,2463,385,1448,1317
529362,802.66,59.85,757.54,78.075,2911,225,2463,381,1448,1317
529364,802.5,60.225,758.26,78.075,2909,229,2470,382,1447,1321
529366,802.58,57.525,757.94,77.25,2910,201,2467,373,1454,1319
529368,802.9,60.15,758.5,77.25,2913,228,2473,374,1445,1323
529370,802.74,57.75,758.58,77.1,2912,204,2474,372,1452,1323
529372,801.62,57.675,759.54,77.025,2901,202,2482,373,1454,1322
529374,802.58,56.85,759.38,76.65,2911,195,2482,369,1453,1319
529376,802.74,55.95,760.34,76.425,2912,186,2490,366,1452,1314
529378,802.82,54.075,759.54,75,2914,167,2483,352,1459,1315
529380,802.1,54.6,759.62,74.925,2906,172,2483,351,1458,1316
529382,802.02,55.125,759.3,74.025,2905,177,2481,341,1451,1315
529384,802.34,54.375,760.98,75.75,2908,170,2496,360,1451,1319
529386,802.18,53.025,760.02,73.575,2907,156,2488,337,1458,1318
529388,802.42,53.925,760.1,73.5,2908,165,2489,336,1457,1313
529390,802.5,52.725,759.7,73.95,2910,153,2484,341,1455,1309
529392,802.58,52.65,760.66,73.575,2910,152,2494,338,1458,1314
529394,801.54,53.175,759.86,73.275,2900,157,2486,334,1456,1320
529396,802.58,53.475,761.06,74.475,2910,161,2497,347,1460,1322
529398,801.14,53.775,761.38,74.1,2896,163,2501,343,1460,1319
529400,800.98,53.775,761.06,74.1,2894,162,2497,343,1459,1318
529402,801.38,54.375,760.42,74.925,2898,169,2491,351,1457,1317
529404,800.58,55.35,760.1,75,2890,179,2487,353,1456,1319
529406,800.18,55.95,761.38,75.15,2886,185,2500,355,1456,1317
529408,800.18,56.1,761.22,76.575,2885,186,2498,369,1453,1315
529410,800.42,56.7,760.5,76.5,2888,192,2491,368,1456,1320
529412,800.5,56.325,762.02,77.175,2889,189,2505,377,1458,1320
529414,800.74,56.7,761.14,76.8,2891,193,2497,372,1457,1316
529416,799.86,55.5,761.38,77.475,2883,181,2499,380,1458,1315
529418,799.78,56.175,761.46,75.825,2881,188,2501,363,1456,1317
529420,801.14,55.875,762.34,77.025,2895,186,2508,376,1456,1317
529422,799.78,56.175,760.82,76.275,2882,188,2494,367,1459,1320
529424,799.86,57.15,762.02,76.8,2882,198,2505,374,1457,1315
529426,800.42,56.1,761.46,76.2,2888,188,2500,367,1456,1320
529428,800.58,55.575,761.54,75.45,2890,183,2501,360,1456,1320
529430,800.58,54.975,762.42,75.9,2890,177,2510,365,1460,1316
529432,800.26,56.175,762.18,75.9,2886,189,2507,365,1457,1315
529434,800.1,56.175,761.94,74.775,2885,189,2506,353,1453,1324
529436,800.5,56.4,762.9,75.825,2888,192,2514,366,1455,1315
529438,800.58,55.125,763.14,75,2890,179,2517,357,1460,1317
529440,800.18,54.675,763.78,74.4,2886,175,2524,352,1460,1317
529442,801.06,54.075,764.18,73.725,2895,169,2528,345,1461,1314
529444,800.74,53.85,764.1,73.5,2892,166,2527,343,1462,1314
529446,801.46,54.45,762.98,73.125,2899,173,2516,338,1461,1319
529448,800.98,53.1,764.82,73.575,2894,159,2534,344,1461,1311
529450,800.18,51.45,764.34,72.825,2888,142,2530,335,1466,1312
529452,800.9,52.65,763.62,72.15,2893,154,2523,328,1462,1317
529454,801.22,52.2,764.58,72.15,2897,150,2532,329,1463,1315
529456,800.66,50.925,765.78,71.7,2891,136,2544,325,1466,1315
529458,800.9,51.225,765.46,72.375,2894,139,2541,331,1464,1316
529460,800.58,51.225,765.22,71.4,2891,138,2539,320,1465,1314
529462,800.82,49.8,764.66,71.25,2894,123,2533,318,1464,1310
529464,800.74,50.925,762.82,71.1,2892,134,2515,315,1462,1314
529466,799.94,50.175,764.66,69.9,2885,127,2534,304,1464,1307
529468,799.86,50.775,764.18,70.2,2884,132,2529,305,1465,1310
529470,800.02,50.775,763.54,70.5,2885,132,2523,308,1459,1304
529472,800.82,50.1,765.06,70.725,2894,124,2537,311,1462,1311
529474,799.54,49.725,763.38,69.75,2881,120,2521,300,1465,1304
529476,799.94,50.55,763.38,70.575,2885,127,2520,307,1460,1307
529478,800.02,49.575,763.22,71.625,2885,117,2518,318,1464,1307
529480,798.58,49.875,763.3,70.725,2871,118,2519,308,1463,1307
529482,798.34,49.725,763.22,70.425,2869,117,2518,305,1467,1305
529484,798.42,50.625,763.3,70.425,2869,125,2519,303,1463,1305
529486,798.9,49.875,762.74,70.125,2874,118,2513,300,1460,1305
529488,797.86,49.5,762.66,70.2,2864,112,2513,300,1465,1303
529490,798.1,49.8,763.06,72.45,2866,115,2516,323,1462,1314
529492,798.02,50.925,763.06,71.4,2864,126,2516,311,1463,1315
529494,797.38,50.85,763.7,70.425,2858,125,2522,302,1467,1315
529496,798.1,50.175,762.5,70.05,2866,117,2511,297,1462,1313
529498,797.62,50.25,763.38,70.8,2861,118,2519,305,1468,1311
529500,797.54,49.65,764.1,71.325,2860,111,2526,310,1466,1310
529502,796.82,49.8,762.82,71.925,2853,112,2513,315,1464,1311
529504,797.38,49.875,763.54,71.25,2858,113,2520,308,1465,1309
529506,797.38,50.625,763.06,71.7,2858,121,2515,313,1466,1304
529508,797.38,50.925,763.7,71.175,2857,122,2521,307,1466,1307
529510,797.94,50.025,763.06,70.35,2863,114,2515,298,1462,1306
529512,798.34,49.8,764.74,69.825,2867,111,2531,293,1464,1305
529514,798.18,50.025,763.86,70.35,2865,114,2523,298,1465,1305
529516,797.86,49.95,764.42,69.375,2862,112,2528,288,1465,1304
529518,797.46,49.725,764.66,70.05,2858,109,2531,295,1469,1312
529520,798.34,51.225,764.34,70.5,2865,125,2527,299,1462,1311
529522,797.62,49.35,765.06,69.225,2859,106,2534,287,1470,1312
529524,798.42,50.1,764.66,70.95,2866,113,2529,304,1463,1309
529526,798.18,50.625,764.58,71.175,2864,119,2528,306,1465,1306
529528,797.62,49.575,765.38,69.75,2859,108,2537,292,1467,1309
529530,798.18,50.625,764.74,71.7,2864,119,2529,311,1463,1312
529532,798.18,49.2,765.22,70.65,2864,104,2534,301,1466,1305
529534,798.5,49.35,766.02,70.2,2868,106,2543,297,1469,1315
529536,798.74,49.575,764.26,71.475,2869,108,2525,309,1462,1313
529538,797.94,49.65,764.74,69.675,2862,109,2530,291,1465,1310
529540,797.54,49.425,765.06,69.15,2858,106,2534,286,1468,1311
529542,798.18,49.35,765.3,72.525,2864,106,2535,320,1462,1311
529544,797.7,48.975,765.62,70.65,2859,102,2539,302,1463,1308
529546,797.94,48.75,764.02,69.225,2862,100,2524,286,1465,1313
529548,798.5,49.575,765.78,71.475,2867,109,2539,310,1459,1314
529550,797.86,47.7,765.46,69.525,2862,89,2537,290,1468,1308
529552,797.54,49.35,765.06,70.275,2858,106,2533,298,1460,1313
529554,798.02,48.6,766.42,71.475,2863,99,2546,311,1463,1316
529556,797.7,48.6,764.98,71.4,2860,99,2531,310,1463,1307
529558,798.18,48.525,765.22,70.275,2864,99,2534,298,1460,1310
529560,798.5,48.6,764.58,71.325,2867,100,2528,309,1463,1313
529562,797.14,48.975,765.54,69.975,2854,103,2538,295,1464,1307
529564,797.7,48.45,765.78,70.95,2859,98,2540,307,1467,1312
529566,797.3,48.525,765.78,71.7,2855,99,2539,314,1466,1311
529568,796.9,49.575,766.34,69.675,2851,110,2546,294,1462,1307
529570,796.74,48.675,766.18,70.95,2850,100,2544,307,1462,1310
529572,797.14,48.525,766.26,68.55,2854,99,2545,283,1461,1315
529574,797.38,49.5,765.94,69,2856,110,2542,287,1462,1309
529576,797.22,49.275,766.02,70.425,2855,108,2542,303,1462,1309
529578,796.66,48.825,766.26,70.65,2849,103,2545,305,1462,1302
529580,797.38,49.125,766.42,72.45,2857,107,2546,324,1462,1308
529582,800.02,52.725,768.98,75.225,2881,145,2570,354,1457,1310
529584,806.02,54.75,774.02,78.525,2939,170,2618,392,1455,1315
529586,814.9,62.55,779.14,87.675,3022,256,2664,490,1455,1309
529588,827.38,71.325,787.7,96.6,3141,355,2745,588,1463,1304
529590,842.1,82.2,798.5,111.45,3280,476,2844,748,1466,1324
529592,856.26,98.85,806.1,128.925,3412,657,2913,934,1473,1321
529594,869.3,110.025,814.42,138.675,3535,780,2991,1040,1480,1333
529596,881.62,124.275,821.46,151.575,3651,936,3055,1180,1489,1336
529598,891.54,137.4,826.02,163.5,3743,1077,3095,1307,1494,1336
529600,898.5,145.8,830.66,169.725,3809,1170,3139,1374,1504,1334
529602,901.94,150.15,831.86,174.825,3841,1217,3149,1428,1511,1341
529604,903.22,154.425,832.34,179.7,3854,1262,3152,1480,1514,1342
529606,905.22,155.4,833.22,185.4,3873,1274,3159,1540,1519,1346
529608,904.66,157.05,832.74,189.75,3867,1290,3153,1585,1522,1350
529610,904.5,161.475,832.66,192.075,3864,1336,3152,1610,1532,1348
529612,902.98,163.05,832.58,195.675,3849,1352,3150,1648,1529,1354
529614,902.26,162.525,832.66,197.4,3842,1346,3151,1666,1528,1358
529616,901.14,161.85,834.58,197.7,3832,1338,3169,1671,1521,1352
529618,900.26,160.5,834.98,195,3823,1324,3174,1643,1523,1358
529620,899.3,160.425,836.82,193.8,3814,1323,3192,1631,1518,1356
529622,899.06,158.625,839.38,192.675,3812,1304,3218,1621,1511,1357
529624,899.38,158.7,839.78,190.425,3816,1305,3223,1598,1514,1361
529626,899.38,159.75,842.02,190.5,3815,1316,3244,1600,1509,1356
529628,899.46,160.725,842.02,192.45,3816,1326,3244,1621,1506,1347
529630,898.9,161.55,842.1,193.05,3810,1334,3245,1627,1510,1350
529632,898.26,162.9,843.3,194.85,3804,1348,3256,1647,1507,1349
529634,897.78,164.1,841.54,193.95,3798,1360,3239,1636,1508,1351
529636,897.94,162.975,841.86,195.825,3800,1349,3242,1656,1513,1351
529638,897.62,163.425,842.74,192.9,3797,1353,3251,1626,1515,1360
529640,898.02,163.65,842.9,194.775,3801,1356,3252,1646,1515,1350
529642,896.74,162.525,843.38,192.675,3789,1343,3258,1624,1514,1359
529644,897.22,162.825,844.1,193.125,3794,1346,3265,1628,1515,1359
529646,896.98,161.55,844.1,193.8,3792,1333,3264,1636,1515,1352
529648,895.94,161.85,844.1,193.5,3781,1335,3265,1632,1510,1358
529650,896.1,162.3,844.74,192.6,3783,1340,3271,1624,1510,1358
529652,894.74,162.3,844.42,194.475,3770,1339,3268,1643,1508,1349
529654,894.9,161.1,844.66,192.45,3772,1326,3271,1622,1510,1360
529656,894.66,161.925,844.9,193.35,3769,1334,3273,1631,1508,1355
529658,893.54,162.6,845.14,193.35,3758,1341,3275,1631,1505,1350
529660,893.62,162.075,845.22,193.95,3759,1336,3276,1637,1509,1353
529662,893.7,162.6,845.78,192.375,3760,1341,3282,1621,1507,1351
529664,893.46,162,845.7,194.1,3758,1334,3280,1639,1506,1345
529666,894.02,160.275,846.02,193.275,3764,1317,3284,1630,1513,1345
529668,893.54,160.8,846.26,192.375,3759,1321,3287,1620,1508,1350
529670,893.54,160.5,846.58,193.275,3759,1319,3290,1630,1509,1347
529672,893.62,160.5,846.42,194.4,3760,1318,3288,1641,1509,1349
529674,892.9,161.55,848.34,191.4,3753,1329,3308,1611,1503,1342
529676,892.58,160.65,847.3,192.525,3750,1318,3297,1622,1506,1343
529678,892.98,161.775,847.86,192.525,3754,1330,3302,1622,1503,1343
529680,892.9,161.1,847.46,193.35,3752,1323,3298,1631,1506,1344
529682,892.5,160.95,848.26,191.85,3749,1321,3307,1615,1501,1346
529684,892.9,160.8,848.34,192,3752,1319,3307,1617,1502,1344
529686,892.5,161.025,849.14,193.275,3749,1322,3315,1630,1505,1339
529688,892.1,161.475,849.7,190.05,3745,1326,3321,1596,1502,1343
529690,892.58,160.65,849.54,191.625,3750,1317,3319,1613,1506,1340
529692,891.54,160.875,850.34,192.075,3739,1319,3326,1618,1504,1343
529694,892.18,160.725,850.26,191.325,3746,1318,3326,1610,1503,1343
529696,892.1,160.725,850.26,191.775,3745,1318,3326,1615,1504,1340
529698,891.94,160.425,850.34,191.325,3743,1315,3327,1610,1505,1343
529700,892.18,161.475,850.34,192,3745,1325,3326,1617,1502,1343
529702,892.42,161.475,850.98,190.2,3747,1325,3333,1599,1503,1344
529704,892.18,161.475,851.38,191.175,3745,1325,3337,1608,1503,1342
529706,891.3,161.25,851.22,193.65,3736,1322,3335,1634,1505,1336
529708,891.78,160.35,851.78,192.975,3741,1313,3340,1628,1504,1337
529710,891.46,161.4,851.38,192.9,3737,1324,3336,1626,1501,1340
529712,890.74,161.55,852.74,192.15,3730,1324,3349,1620,1503,1341
529714,890.82,160.8,850.9,193.05,3731,1317,3330,1628,1503,1337
529716,891.62,162.225,851.7,192.15,3738,1332,3339,1619,1502,1341
529718,890.5,161.925,852.34,192.675,3727,1328,3344,1624,1506,1341
529720,890.9,161.4,852.82,192,3731,1323,3349,1618,1504,1344
529722,890.18,161.1,852.58,191.55,3724,1320,3347,1613,1502,1349
529724,891.14,162,852.66,192.675,3733,1329,3347,1625,1503,1343
529726,890.58,162.225,852.34,192.525,3727,1331,3344,1623,1499,1342
529728,890.58,162,852.26,191.625,3727,1329,3344,1614,1500,1346
529730,889.62,161.25,852.98,192.45,3718,1321,3350,1623,1502,1341
529732,889.78,161.775,852.26,192.45,3719,1326,3343,1623,1504,1342
529734,889.14,162.3,852.98,190.8,3712,1331,3351,1606,1499,1345
529736,888.82,162.3,852.58,193.875,3709,1331,3345,1638,1499,1340
529738,888.58,162.15,853.38,193.35,3707,1329,3353,1633,1507,1344
529740,889.22,161.25,853.38,192.225,3713,1321,3353,1621,1504,1345
529742,889.14,162,852.74,192.45,3712,1329,3346,1623,1502,1342
529744,888.98,161.625,853.78,191.025,3710,1325,3357,1609,1502,1350
529746,888.82,162.3,853.06,192.3,3708,1332,3349,1622,1498,1344
529748,888.34,161.325,852.26,192,3703,1321,3341,1619,1500,1339
529750,888.9,162.225,853.3,190.5,3708,1331,3351,1603,1503,1350
529752,888.58,160.8,854.34,191.4,3705,1316,3362,1613,1497,1343
529754,888.34,162.675,853.22,192.6,3702,1336,3350,1625,1504,1348
529756,887.78,162.075,851.78,191.55,3697,1329,3335,1613,1500,1349
529758,887.94,161.325,852.42,190.8,3699,1322,3342,1606,1499,1347
529760,888.58,159.525,853.14,190.575,3705,1303,3349,1605,1500,1344
529762,889.14,156.525,853.46,186.075,3711,1272,3353,1557,1495,1350
529764,891.3,152.925,855.06,181.725,3733,1237,3370,1513,1499,1352
529766,891.22,146.55,855.3,175.05,3734,1170,3375,1444,1494,1355
529768,894.18,135.75,856.58,164.775,3765,1060,3390,1338,1478,1339
529770,896.02,123.675,856.66,157.575,3787,938,3393,1263,1484,1337
529772,897.38,111.975,857.54,145.35,3802,817,3405,1137,1483,1337
529774,900.58,102.075,857.94,134.4,3836,718,3413,1024,1466,1326
529776,902.98,93.825,857.14,126.675,3861,635,3407,943,1456,1319
529778,906.42,89.325,857.54,122.55,3896,591,3412,900,1449,1307
529780,909.54,83.025,857.3,117.75,3928,528,3411,850,1445,1298
529782,911.22,79.95,857.14,112.875,3945,498,3412,800,1432,1293
529784,912.18,75.825,856.82,109.5,3955,456,3409,766,1428,1288
529786,914.26,72.075,856.9,109.2,3976,419,3410,762,1425,1283
529788,914.34,72.225,856.42,107.025,3976,421,3405,739,1426,1284
529790,915.22,73.875,856.34,108.375,3984,438,3404,753,1425,1294
529792,915.54,75.75,855.94,111.375,3987,458,3399,784,1429,1290
529794,915.06,76.8,857.3,113.55,3982,468,3411,807,1434,1296
529796,914.02,78.225,856.66,114.825,3971,482,3405,820,1435,1299
529798,914.34,77.775,857.06,114.675,3974,477,3408,819,1438,1300
529800,912.9,77.7,858.66,111.6,3960,476,3425,788,1441,1304
529802,912.66,76.575,858.42,112.2,3959,464,3423,793,1437,1303
529804,912.02,76.275,859.62,110.7,3952,461,3435,779,1435,1302
529806,911.22,75.75,860.18,109.65,3945,455,3441,768,1434,1302
529808,910.74,77.175,859.94,110.25,3939,469,3438,774,1436,1303
529810,910.5,77.175,860.98,110.7,3937,469,3448,780,1435,1301
529812,909.7,77.85,860.66,112.35,3929,475,3444,797,1437,1298
529814,910.34,78.15,860.74,111.075,3935,479,3445,784,1439,1307
529816,909.86,77.325,861.86,109.8,3931,470,3456,772,1441,1308
529818,910.1,77.7,861.78,109.95,3933,474,3456,773,1436,1314
529820,910.26,77.475,861.7,108.075,3935,472,3455,755,1434,1314
529822,910.1,76.875,862.26,109.425,3933,466,3460,768,1436,1303
529824,910.1,77.175,862.5,108.075,3932,470,3463,755,1438,1307
529826,908.82,75.9,862.98,109.05,3920,456,3467,766,1440,1314
529828,908.9,76.5,862.5,109.05,3921,462,3462,766,1437,1307
529830,909.54,75.45,862.18,108.975,3927,452,3459,765,1441,1306
529832,908.42,75.15,863.14,107.775,3916,449,3468,753,1442,1310
529834,908.98,75.75,863.3,106.275,3921,455,3471,738,1437,1310
529836,908.82,75.9,863.22,108.75,3920,457,3469,764,1439,1306
529838,908.26,75.3,864.02,106.125,3915,450,3478,737,1444,1308
529840,908.02,74.775,864.34,105.45,3913,445,3482,731,1435,1311
529842,907.62,75.75,863.86,106.65,3909,455,3476,743,1439,1309
529844,907.3,74.55,864.1,104.925,3906,443,3480,726,1442,1314
529846,907.3,74.775,864.34,106.575,3907,445,3481,743,1437,1308
529848,906.82,72.9,864.66,105.975,3902,426,3484,737,1443,1315
529850,907.22,75.525,864.34,104.1,3905,453,3482,717,1436,1316
529852,907.06,75.075,865.62,106.05,3904,449,3494,738,1437,1313
529854,907.06,73.125,865.46,105.975,3904,429,3493,737,1440,1319
529856,906.9,73.5,866.34,105.225,3903,433,3501,731,1435,1313
529858,906.98,73.5,865.54,104.475,3904,433,3494,722,1438,1317
529860,906.1,73.875,865.94,104.775,3895,436,3497,726,1437,1312
529862,905.46,72.15,864.5,103.65,3889,418,3484,714,1437,1316
529864,906.1,72.45,866.42,102.3,3896,421,3503,701,1438,1315
529866,905.46,72.375,865.62,101.925,3890,420,3495,697,1436,1316
529868,905.54,72.375,865.62,102.525,3891,420,3495,703,1434,1312
529870,905.22,70.65,866.02,103.35,3888,403,3499,712,1441,1313
529872,905.86,70.725,865.86,102.9,3894,404,3497,707,1433,1316
529874,905.46,70.125,865.7,103.875,3891,397,3496,716,1439,1308
529876,904.9,71.4,864.9,104.475,3884,410,3488,722,1436,1308
529878,905.46,71.85,865.62,101.55,3890,415,3496,692,1438,1306
529880,905.22,70.875,865.62,102.75,3887,404,3495,705,1437,1309
529882,905.3,70.65,865.62,103.125,3889,402,3495,709,1441,1309
529884,904.26,70.875,866.74,103.275,3878,404,3505,711,1439,1308
529886,904.66,70.05,866.26,103.275,3882,396,3501,711,1440,1316
529888,904.42,70.2,865.78,101.925,3879,398,3496,696,1436,1312
529890,904.02,70.575,865.62,101.475,3875,401,3495,692,1439,1315
529892,904.1,70.425,866.5,101.4,3876,400,3503,692,1441,1321
529894,904.5,72.975,866.02,102.075,3879,426,3498,699,1435,1319
529896,904.42,72,867.54,102.975,3879,416,3513,709,1438,1321
529898,903.38,69.975,867.94,101.85,3869,395,3516,698,1442,1320
529900,904.58,71.925,866.74,103.275,3880,416,3504,712,1437,1311
529902,903.54,70.95,867.22,103.65,3870,405,3509,716,1441,1312
529904,904.02,70.425,866.5,102.825,3875,400,3502,708,1442,1318
529906,902.58,71.025,865.94,103.275,3861,405,3496,712,1440,1314
529908,903.3,72.45,867.38,102.9,3866,421,3510,709,1440,1315
529910,903.38,71.775,867.62,103.425,3867,414,3512,715,1440,1318
529912,903.22,71.925,867.3,103.65,3866,416,3509,717,1445,1319
529914,903.7,73.125,867.78,103.275,3870,428,3513,713,1441,1324
529916,903.14,73.5,867.54,103.2,3864,433,3510,713,1440,1325
529918,903.94,73.5,867.3,100.725,3872,433,3509,687,1447,1331
529920,902.9,72.075,867.94,102.45,3861,418,3514,706,1442,1335
529922,903.3,72.9,867.14,102.45,3865,427,3507,705,1445,1325
529924,903.14,72.825,866.98,102.375,3863,427,3505,706,1444,1325
529926,902.5,72.45,867.22,101.7,3857,422,3507,699,1442,1330
529928,902.82,72.975,867.3,102.6,3860,429,3508,708,1443,1324
529930,902.98,72.9,867.14,102.225,3862,428,3506,705,1444,1330
529932,903.06,74.175,868.34,101.175,3862,442,3518,695,1441,1332
529934,903.06,73.65,868.02,101.4,3862,436,3515,697,1446,1328
529936,902.66,72.15,867.62,101.925,3859,421,3510,703,1442,1324
529938,902.02,71.1,867.46,100.2,3853,410,3509,685,1446,1328
529940,902.18,71.55,867.94,102.375,3854,416,3514,709,1445,1328
529942,903.22,72.525,867.38,100.5,3864,426,3509,689,1447,1325
529944,902.26,71.7,868.26,99.6,3854,418,3517,680,1444,1327
529946,903.3,72.75,868.02,100.95,3864,429,3514,694,1445,1324
529948,903.14,72.9,868.5,101.4,3862,431,3518,700,1443,1320
529950,902.18,72,868.74,101.025,3853,421,3521,696,1443,1329
529952,902.82,70.35,867.86,100.5,3859,405,3512,691,1440,1332
529954,902.66,70.5,868.58,99.975,3858,407,3519,686,1440,1325
529956,901.94,69.825,868.98,100.35,3850,400,3522,691,1445,1329
529958,902.42,70.575,868.66,99.525,3855,408,3519,682,1442,1328
529960,902.98,70.8,868.74,100.8,3860,411,3520,695,1440,1322
529962,901.62,68.55,868.58,99.15,3847,387,3519,679,1437,1326
529964,903.14,70.2,868.82,99.3,3862,406,3521,680,1439,1325
529966,903.46,70.8,868.74,98.325,3865,412,3520,670,1441,1322
529968,902.18,72.225,869.06,99,3852,426,3523,678,1437,1325
529970,902.5,70.2,868.34,98.025,3856,405,3516,668,1438,1321
529972,901.62,70.2,869.06,98.625,3847,405,3523,675,1437,1319
529974,902.18,71.4,868.82,99.825,3851,418,3520,687,1441,1317
529976,901.78,70.5,868.74,99.225,3847,409,3519,681,1440,1319
529978,901.62,72.375,868.66,97.95,3845,428,3519,668,1437,1318
529980,902.26,72,869.14,101.025,3852,425,3522,701,1437,1320
529982,900.82,72,868.66,98.85,3838,424,3519,678,1440,1320
529984,901.54,72,868.34,99.075,3845,425,3515,680,1439,1323
529986,901.7,73.725,870.02,99.75,3846,443,3531,688,1440,1326
529988,901.62,72.675,869.78,99.225,3845,432,3529,684,1437,1323
529990,901.78,74.7,868.74,98.55,3846,453,3520,676,1440,1325
529992,901.06,73.2,869.06,99.45,3839,438,3522,686,1438,1322
529994,900.58,72.825,868.02,99.225,3835,434,3512,683,1443,1327
529996,900.1,74.1,868.42,99.15,3830,448,3516,684,1435,1322
529998,900.82,74.625,868.42,101.175,3836,454,3515,705,1440,1315
530000,900.34,74.325,869.7,101.025,3832,451,3528,705,1438,1323
530002,901.86,74.25,867.78,101.175,3847,452,3509,705,1436,1312
530004,901.54,74.55,869.78,99.825,3843,455,3529,693,1431,1315
530006,901.06,74.55,868.9,99.525,3839,455,3521,690,1436,1321
530008,900.5,74.325,870.02,100.35,3833,453,3531,699,1434,1316
530010,900.9,74.55,868.98,101.4,3837,456,3520,709,1436,1322
530012,899.86,74.1,869.62,99.9,3827,451,3527,695,1435,1321
530014,900.18,74.025,869.3,98.85,3830,451,3524,685,1434,1324
530016,899.86,73.725,868.9,100.575,3827,449,3520,703,1438,1320
530018,901.7,74.925,870.26,98.25,3845,462,3534,680,1438,1322
530020,900.66,73.95,869.46,99,3835,452,3526,688,1437,1317
530022,900.18,73.8,870.34,97.875,3831,450,3535,678,1433,1318
530024,901.46,74.1,868.98,98.4,3843,455,3522,683,1437,1319
530026,901.62,74.175,869.54,98.925,3844,456,3527,689,1434,1309
530028,900.34,74.775,869.54,98.1,3831,462,3527,681,1434,1316
530030,901.54,74.1,870.26,97.575,3844,456,3534,676,1436,1312
530032,901.7,74.4,869.78,97.425,3845,460,3530,675,1433,1308
530034,901.54,73.575,870.42,97.35,3843,452,3536,674,1430,1315
530036,900.98,73.65,869.62,96.825,3838,453,3528,669,1434,1316
530038,900.9,73.575,870.74,96.3,3837,452,3538,664,1431,1316
530040,901.14,73.8,869.86,98.1,3839,455,3529,683,1431,1317
530042,901.38,73.575,870.42,96.45,3841,453,3535,667,1434,1311
530044,900.82,73.8,870.26,98.4,3835,455,3533,687,1430,1315
530046,900.18,73.275,870.26,96.15,3829,450,3533,664,1426,1318
530048,900.58,74.55,869.62,94.725,3832,463,3527,650,1428,1309
530050,900.42,72.525,869.62,96.6,3832,442,3527,669,1427,1307
530052,899.06,72.45,870.26,95.85,3819,441,3534,662,1426,1314
530054,899.62,72.75,870.02,94.725,3824,444,3531,650,1423,1304
530056,899.38,73.65,870.5,96.3,3821,454,3536,667,1423,1305
530058,899.46,71.7,870.34,93.45,3823,434,3535,637,1424,1309
530060,899.06,72.3,868.9,93.75,3818,440,3520,640,1419,1304
530062,900.1,73.35,869.38,94.5,3828,452,3525,648,1424,1303
530064,898.42,72.375,869.7,93.825,3811,441,3527,642,1421,1306
530066,898.98,72.45,868.98,93.075,3817,442,3521,633,1420,1305
530068,898.98,72.15,870.1,93.3,3817,439,3531,636,1426,1303
530070,899.14,71.775,869.94,93.075,3818,435,3530,634,1419,1307
530072,899.06,73.275,868.9,92.325,3817,450,3520,625,1429,1306
530074,898.42,73.2,870.02,94.425,3811,449,3530,648,1424,1302
530076,899.54,73.725,870.1,94.725,3821,455,3530,651,1424,1296
530078,898.34,73.725,870.82,94.125,3809,454,3538,645,1424,1307
530080,898.5,72.075,870.18,92.175,3811,438,3531,625,1420,1305
530082,899.7,71.775,871.14,92.85,3822,436,3541,632,1416,1298
530084,898.66,72.3,869.78,94.275,3812,440,3527,647,1417,1305
530086,898.74,72.15,870.1,92.25,3813,439,3531,626,1416,1303
530088,899.46,72,870.82,92.775,3820,438,3537,631,1417,1299
530090,898.74,71.4,868.9,92.1,3813,431,3519,623,1416,1303
530092,898.82,71.4,871.22,92.85,3814,431,3541,633,1418,1302
530094,899.7,71.625,870.5,92.55,3822,434,3534,629,1416,1299
530096,899.46,72.15,869.3,92.7,3820,440,3522,630,1418,1300
530098,898.98,71.7,871.06,93.375,3815,435,3539,638,1418,1300
530100,899.54,71.25,869.86,94.05,3820,431,3527,644,1416,1296
530102,898.58,71.625,869.62,92.925,3811,434,3525,633,1417,1296
530104,898.66,70.5,868.66,93.975,3812,423,3514,644,1418,1293
530106,900.02,71.7,869.86,94.275,3824,436,3526,647,1417,1292
530108,897.86,72.6,869.22,93.45,3803,444,3520,639,1416,1293
530110,897.38,71.925,868.98,92.925,3799,437,3518,633,1418,1299
530112,897.78,72.825,869.22,94.275,3802,446,3519,648,1417,1295
530114,897.62,72,869.14,93.75,3801,438,3519,642,1418,1302
530116,898.26,73.125,869.22,94.95,3806,450,3519,655,1420,1298
530118,896.5,73.875,868.74,94.5,3789,457,3515,650,1427,1304
530120,896.82,75,869.38,95.025,3792,469,3520,656,1429,1299
530122,896.82,73.8,870.26,96.15,3792,457,3529,668,1423,1295
530124,896.98,72.825,869.22,94.5,3794,448,3519,652,1423,1302
530126,896.58,73.8,870.18,96.675,3790,457,3527,674,1424,1290
530128,896.5,74.7,871.22,96.45,3789,467,3538,673,1425,1297
530130,896.5,73.65,869.14,94.875,3789,457,3518,656,1425,1298
530132,896.9,74.175,870.18,96.075,3793,463,3528,669,1425,1294
530134,896.66,74.1,870.5,94.425,3791,462,3532,653,1423,1294
530136,896.58,74.25,870.58,94.35,3789,463,3532,652,1425,1296
530138,896.58,73.875,870.18,95.175,3789,460,3528,660,1421,1292
530140,897.22,73.875,870.98,93.675,3796,461,3537,646,1423,1294
530142,896.66,72.825,870.18,93.75,3791,449,3528,646,1421,1292
530144,896.98,73.125,870.42,94.425,3793,453,3530,653,1424,1294
530146,896.98,73.575,872.26,93.975,3793,457,3549,650,1422,1293
530148,897.86,75.075,870.1,95.325,3801,474,3527,662,1422,1296
530150,900.18,79.35,871.06,103.5,3822,519,3534,747,1427,1292
530152,901.7,85.125,872.42,110.475,3835,579,3544,820,1434,1302
530154,906.18,93.075,872.82,119.775,3876,663,3546,916,1433,1305
530156,912.74,109.65,874.5,134.1,3935,837,3557,1064,1430,1313
530158,916.5,121.65,872.9,150.525,3968,963,3537,1234,1445,1311
530160,919.7,136.5,871.86,165,3995,1118,3522,1383,1455,1323
530162,922.5,151.125,871.78,177.825,4019,1271,3517,1516,1464,1331
530164,926.02,163.05,868.26,191.1,4050,1396,3479,1652,1467,1329
530166,927.14,173.55,868.34,202.425,4058,1506,3476,1771,1481,1343
530168,929.3,181.2,865.38,210.6,4077,1586,3445,1854,1492,1348
530170,929.86,189.075,862.58,219.825,4081,1668,3414,1949,1493,1344
530172,930.34,201.075,859.22,230.7,4082,1793,3377,2061,1499,1343
530174,930.34,210.675,857.62,241.8,4080,1894,3358,2177,1506,1353
530176,930.34,216.15,854.02,249.15,4078,1950,3321,2252,1507,1356
530178,929.06,220.725,852.98,255,4065,1997,3309,2313,1512,1357
530180,929.14,227.775,851.62,258.45,4064,2071,3294,2348,1514,1361
530182,928.66,229.725,852.34,258.75,4059,2091,3301,2352,1519,1363
530184,928.5,230.625,853.7,260.325,4057,2100,3314,2369,1521,1362
530186,927.54,228.6,857.46,258,4048,2078,3352,2346,1519,1372
530188,927.14,225.375,857.86,254.925,4045,2043,3357,2313,1513,1366
530190,925.62,223.5,858.98,253.35,4030,2022,3368,2297,1510,1367
530192,924.9,222.675,861.22,251.7,4024,2013,3391,2280,1504,1367
530194,923.38,223.875,861.78,252.225,4009,2025,3396,2286,1501,1363
530196,922.42,224.175,861.7,253.2,3999,2027,3396,2296,1499,1360
530198,921.7,226.275,861.46,255.825,3992,2048,3393,2324,1498,1351
530200,921.78,228.225,862.9,255.9,3993,2067,3407,2325,1495,1354
530202,920.42,229.725,861.78,257.4,3979,2083,3395,2340,1504,1352
530204,919.46,230.025,863.22,258.075,3971,2085,3410,2348,1505,1354
530206,920.58,231.075,862.58,258.375,3981,2097,3404,2350,1505,1356
530208,919.7,230.25,863.38,257.7,3973,2087,3412,2343,1509,1352
530210,918.66,230.7,863.86,255.675,3962,2091,3418,2322,1513,1358
530212,919.22,230.25,864.58,256.95,3968,2087,3425,2336,1507,1360
530214,918.98,230.325,865.14,254.175,3966,2087,3431,2306,1514,1361
530216,919.22,229.725,864.66,253.875,3969,2080,3427,2303,1514,1364
530218,919.22,229.725,865.14,253.95,3968,2081,3431,2304,1522,1366
530220,918.02,230.25,866.58,253.575,3957,2085,3446,2301,1521,1373
530222,918.5,229.95,865.62,253.2,3962,2082,3436,2296,1517,1366
530224,917.94,230.7,866.18,253.2,3957,2089,3442,2296,1521,1362
530226,917.78,228.825,868.5,253.425,3956,2070,3465,2300,1515,1362
530228,917.62,231.9,868.5,252.225,3954,2102,3466,2288,1521,1359
530230,918.02,231.225,868.74,252.45,3958,2095,3468,2290,1527,1363
530232,916.9,231.3,869.38,252.6,3947,2095,3474,2292,1524,1367
530234,917.38,230.625,868.18,252.6,3952,2089,3463,2292,1523,1364
530236,917.22,231.15,869.14,251.7,3951,2094,3473,2282,1526,1364
530238,915.62,228.675,869.3,252.225,3936,2068,3475,2288,1523,1365
530240,916.02,230.325,869.14,252.6,3940,2085,3473,2292,1526,1363
530242,915.22,232.8,869.06,251.775,3931,2110,3473,2283,1523,1368
530244,914.74,231.9,870.58,252.225,3927,2101,3488,2289,1527,1369
530246,915.46,232.575,869.78,251.175,3934,2108,3480,2277,1528,1368
530248,915.62,233.175,870.34,251.7,3935,2115,3486,2284,1528,1367
530250,914.9,232.275,870.58,252.375,3929,2105,3488,2291,1530,1365
530252,914.74,231.9,870.74,252.225,3927,2102,3489,2289,1524,1365
530254,914.9,233.025,870.5,251.475,3929,2113,3488,2282,1527,1371
530256,914.42,232.875,870.9,252.975,3924,2112,3491,2298,1529,1367
530258,914.02,233.4,870.82,253.875,3920,2117,3490,2308,1523,1368
530260,914.18,233.25,871.62,253.575,3921,2117,3498,2306,1524,1367
530262,914.18,233.85,871.22,254.55,3921,2123,3494,2316,1525,1373
530264,913.94,233.7,871.86,253.425,3919,2122,3500,2305,1523,1371
530266,914.34,233.925,871.46,254.55,3923,2125,3496,2317,1523,1374
530268,913.7,234.15,872.66,256.95,3916,2127,3507,2344,1520,1375
530270,912.66,234.225,871.78,255,3906,2127,3499,2323,1524,1370
530272,913.14,234.375,871.94,255.3,3911,2131,3501,2327,1525,1368
530274,912.82,235.275,872.74,256.8,3908,2140,3508,2343,1526,1371
530276,912.74,235.575,871.86,256.575,3907,2143,3499,2341,1529,1370
530278,912.26,235.95,873.3,256.65,3902,2147,3514,2343,1530,1368
530280,912.34,235.5,873.3,256.875,3903,2144,3514,2346,1527,1375
530282,912.42,235.8,873.3,256.425,3904,2147,3514,2341,1533,1378
530284,911.86,235.65,873.38,257.1,3898,2146,3515,2350,1533,1380
530286,912.74,235.575,874.18,258,3907,2146,3522,2360,1531,1376
530288,912.18,235.275,872.98,256.8,3902,2144,3511,2348,1535,1379
530290,911.06,235.8,874.82,256.65,3891,2149,3529,2347,1534,1377
530292,912.1,236.7,873.3,257.175,3901,2160,3514,2354,1535,1377
530294,910.98,235.65,873.14,256.725,3890,2149,3513,2349,1537,1375
530296,911.3,235.725,874.58,256.425,3894,2151,3528,2348,1531,1377
530298,910.82,235.95,873.3,256.425,3890,2154,3515,2347,1535,1377
530300,910.5,235.2,874.5,256.95,3887,2147,3527,2354,1535,1379
530302,910.5,234.975,873.54,256.95,3887,2144,3517,2354,1539,1377
530304,910.1,234.975,873.38,256.425,3883,2145,3516,2349,1539,1379
530306,910.34,235.125,874.98,255.525,3886,2147,3532,2341,1541,1375
530308,910.66,234.375,873.78,256.125,3889,2140,3521,2347,1539,1378
530310,910.02,235.05,874.02,255.3,3882,2147,3523,2339,1539,1378
530312,909.94,234.3,874.98,255.75,3883,2140,3533,2345,1539,1383
530314,909.94,235.275,873.94,255.6,3882,2150,3523,2343,1546,1391
530316,909.86,234,875.14,255.375,3882,2137,3535,2342,1547,1388
530318,909.54,234.525,874.9,254.325,3879,2142,3533,2331,1544,1389
530320,909.22,234.675,875.22,254.925,3876,2145,3536,2338,1544,1389
530322,909.7,234.6,874.98,253.35,3880,2144,3535,2321,1547,1391
530324,909.62,234.375,874.5,253.05,3880,2142,3530,2318,1545,1387
530326,909.54,233.7,874.98,252.675,3880,2135,3535,2314,1544,1391
530328,909.38,232.5,875.54,252.075,3878,2123,3541,2309,1547,1398
530330,909.78,233.025,875.54,251.25,3882,2129,3541,2300,1547,1396
530332,910.18,232.725,875.14,251.25,3887,2125,3537,2300,1548,1397
530334,908.5,233.025,874.74,251.175,3871,2128,3534,2299,1544,1398
530336,909.38,232.8,874.66,250.725,3879,2125,3533,2293,1552,1395
530338,910.42,232.35,874.9,251.025,3889,2121,3535,2297,1551,1393
530340,910.02,231.225,875.3,250.725,3886,2109,3540,2294,1553,1399
530342,909.94,231.375,875.7,249.825,3885,2111,3544,2285,1551,1397
530344,910.5,231.45,875.3,250.725,3890,2111,3540,2294,1553,1398
530346,910.26,230.85,875.62,249.15,3888,2104,3544,2277,1549,1397
530348,909.54,230.475,875.94,248.925,3882,2100,3547,2275,1547,1390
530350,909.86,230.55,875.54,248.25,3885,2101,3543,2267,1554,1397
530352,909.38,230.175,875.78,250.875,3880,2096,3545,2294,1551,1400
530354,909.62,230.175,875.78,248.325,3883,2096,3545,2267,1549,1393
530356,908.82,229.65,876.02,248.925,3875,2090,3548,2273,1549,1396
530358,908.9,229.725,875.54,249.375,3876,2090,3544,2278,1549,1396
530360,909.46,229.875,875.3,248.775,3881,2092,3541,2270,1550,1396
530362,908.82,230.325,874.9,250.5,3876,2096,3537,2288,1551,1396
530364,909.62,231.525,875.86,252.6,3883,2108,3546,2310,1552,1397
530366,911.38,234.825,876.98,257.775,3899,2144,3556,2366,1556,1390
530368,916.98,239.625,879.06,264.825,3953,2197,3574,2441,1556,1383
530370,923.38,246.975,882.74,272.175,4013,2278,3608,2521,1548,1388
530372,929.7,256.95,886.42,282.3,4073,2386,3642,2629,1544,1396
530374,935.14,261.3,888.42,291.075,4126,2436,3659,2724,1546,1397
530376,938.5,267.375,890.02,297.525,4157,2501,3673,2793,1548,1397
530378,941.7,270.75,889.54,300.9,4188,2539,3667,2829,1551,1394
530380,940.5,271.65,888.66,301.65,4176,2547,3658,2836,1555,1400
530382,938.82,273.525,887.06,301.425,4159,2565,3643,2832,1560,1396
530384,937.54,272.625,886.5,299.475,4147,2555,3638,2811,1557,1400
530386,936.5,270.3,886.26,298.875,4138,2530,3636,2805,1565,1405
530388,934.5,270.525,885.7,298.275,4119,2531,3631,2798,1559,1402
530390,933.3,269.1,886.66,298.05,4107,2515,3640,2795,1562,1410
530392,933.7,268.125,887.3,297.975,4112,2504,3648,2795,1562,1406
530394,933.86,268.2,888.66,297.675,4113,2505,3661,2792,1559,1400
530396,934.34,267.75,888.74,297,4118,2501,3662,2785,1555,1405
530398,934.1,268.95,889.62,297.15,4116,2513,3671,2787,1562,1402
530400,933.94,269.25,889.46,298.35,4114,2516,3669,2799,1554,1399
530402,932.98,270.45,889.3,298.95,4104,2529,3668,2806,1557,1400
530404,933.06,271.725,890.34,298.275,4105,2542,3678,2800,1554,1401
530406,933.06,272.775,889.06,298.5,4106,2553,3666,2801,1558,1399
530408,932.02,271.95,889.94,300.075,4096,2544,3674,2818,1560,1400
530410,932.1,272.775,889.86,298.125,4096,2552,3674,2797,1563,1406
530412,932.74,272.925,889.78,298.125,4103,2555,3673,2797,1560,1406
530414,932.82,273.225,890.18,296.625,4103,2558,3678,2782,1564,1413
530416,931.54,272.475,889.62,297.225,4092,2549,3672,2788,1568,1415
530418,931.7,272.325,889.22,297.45,4093,2548,3668,2790,1570,1413
530420,931.22,272.475,889.06,297.3,4088,2549,3667,2788,1569,1413
530422,931.3,272.1,889.46,297,4089,2545,3671,2786,1564,1414
530424,930.9,272.25,889.7,297.975,4086,2547,3673,2796,1570,1414
530426,929.94,272.625,890.18,296.25,4076,2550,3679,2778,1572,1419
530428,930.18,272.55,889.7,297.525,4078,2549,3674,2791,1567,1414
530430,929.78,271.8,888.82,297.825,4074,2541,3665,2794,1574,1416
530432,929.62,272.85,889.46,297.45,4073,2552,3672,2791,1577,1416
530434,930.1,272.475,889.3,297.45,4078,2548,3670,2790,1576,1417
530436,929.46,273.675,889.78,299.1,4072,2560,3674,2808,1578,1419
530438,929.3,273,890.26,297.675,4070,2553,3680,2794,1578,1422
530440,929.22,273.525,889.38,298.8,4069,2559,3670,2805,1578,1417
530442,928.74,273,889.62,300.375,4064,2553,3673,2821,1579,1426
530444,928.42,273.9,888.9,297.6,4061,2563,3666,2792,1580,1419
530446,928.34,273.375,889.06,296.925,4060,2557,3668,2785,1579,1423
530448,928.42,272.925,889.38,299.025,4061,2552,3670,2808,1577,1420
530450,928.58,273.375,889.62,298.35,4062,2557,3672,2800,1577,1424
530452,927.7,273.525,889.14,298.35,4053,2559,3667,2800,1579,1417
530454,928.42,273.3,890.26,299.175,4060,2556,3678,2810,1580,1422
530456,927.86,273.075,890.9,298.725,4054,2553,3684,2805,1578,1426
530458,927.78,273.6,889.78,298.275,4054,2559,3673,2800,1579,1415
530460,927.86,273.975,889.38,297.225,4054,2563,3669,2788,1577,1419
530462,927.54,273.525,890.66,296.625,4051,2559,3682,2783,1578,1417
530464,927.62,273.225,890.5,296.775,4052,2556,3681,2784,1576,1417
530466,927.54,272.925,890.5,298.275,4051,2552,3680,2801,1576,1409
530468,928.02,273.525,890.74,296.175,4056,2559,3683,2779,1577,1408
530470,927.86,273.45,890.18,297.825,4053,2558,3676,2796,1577,1409
530472,927.94,272.325,891.22,296.475,4054,2546,3687,2781,1577,1415
530474,928.34,272.775,890.98,296.7,4058,2551,3685,2784,1580,1415
530476,927.7,273.45,890.42,296.325,4051,2558,3679,2779,1580,1411
530478,927.62,273.6,890.18,296.175,4051,2559,3677,2778,1578,1408
530480,927.54,272.55,890.18,296.85,4050,2548,3676,2785,1579,1415
530482,927.7,272.475,891.14,296.4,4052,2548,3686,2781,1579,1413
530484,928.42,272.55,891.3,296.4,4058,2549,3687,2781,1579,1411
530486,927.78,271.35,891.94,295.2,4052,2536,3694,2768,1575,1413
530488,927.46,272.175,891.54,295.125,4049,2544,3689,2767,1580,1415
530490,927.46,272.4,890.74,295.8,4049,2547,3681,2775,1581,1410
530492,926.98,272.325,891.78,296.175,4044,2546,3691,2779,1576,1411
530494,926.98,271.35,892.98,295.425,4044,2535,3703,2772,1580,1415
530496,927.78,271.725,890.82,295.875,4052,2539,3682,2775,1581,1408
530498,927.22,272.325,891.06,296.4,4046,2546,3684,2781,1578,1408
530500,927.22,272.025,892.02,297.15,4047,2542,3694,2790,1581,1408
530502,927.06,272.1,891.62,294.6,4045,2543,3691,2763,1579,1411
530504,926.9,272.625,891.94,296.4,4044,2548,3693,2781,1580,1412
530506,926.74,271.575,891.54,295.575,4043,2538,3690,2772,1580,1410
530508,926.58,273.15,892.58,296.325,4041,2554,3699,2781,1578,1413
530510,926.18,271.725,892.74,297.6,4037,2539,3701,2795,1583,1428
530512,925.62,272.7,892.5,294.45,4031,2549,3700,2761,1580,1425
530514,925.94,272.175,892.66,295.95,4034,2544,3700,2777,1586,1427
530516,926.58,271.875,892.02,296.775,4041,2541,3694,2785,1583,1423
530518,926.98,272.325,892.34,297.375,4044,2546,3697,2792,1585,1425
530520,925.94,272.25,892.5,297.15,4034,2545,3699,2790,1582,1430
530522,925.46,272.55,892.02,295.275,4030,2548,3694,2770,1582,1424
530524,926.02,273,892.02,295.575,4035,2553,3695,2774,1581,1423
530526,925.78,271.35,893.14,296.025,4033,2536,3706,2779,1581,1426
530528,926.26,272.4,892.5,294.675,4038,2547,3700,2764,1581,1420
530530,927.22,271.95,892.42,296.475,4047,2543,3698,2783,1586,1427
530532,926.1,271.875,893.46,296.1,4037,2541,3710,2780,1584,1427
530534,926.5,271.35,892.74,294.225,4041,2537,3702,2760,1582,1427
530536,926.42,271.575,892.58,295.725,4040,2538,3701,2776,1582,1425
530538,925.46,272.1,893.94,296.775,4031,2543,3714,2788,1581,1430
530540,924.98,272.175,891.94,294.525,4026,2544,3695,2763,1581,1421
530542,924.98,272.1,892.02,295.875,4026,2544,3696,2777,1580,1420
530544,925.62,272.55,893.06,297.15,4033,2549,3706,2792,1584,1431
530546,926.1,270.9,893.7,294.6,4037,2531,3713,2765,1581,1422
530548,925.46,271.575,893.3,294.825,4031,2539,3708,2767,1581,1428
530550,924.9,270.675,894.34,296.85,4026,2529,3719,2789,1576,1417
530552,925.78,271.125,892.34,294.6,4035,2535,3699,2764,1577,1420
530554,925.78,271.8,892.42,294.75,4034,2541,3701,2766,1576,1412
530556,924.82,271.05,891.78,298.575,4025,2533,3694,2807,1575,1418
530558,925.22,271.125,892.5,295.425,4029,2534,3701,2774,1573,1417
530560,925.46,270.375,891.54,294.15,4032,2526,3692,2760,1569,1415
530562,925.22,269.85,892.74,297,4030,2521,3703,2790,1571,1408
530564,925.54,269.475,892.1,294.75,4033,2517,3697,2766,1569,1412
530566,925.46,270,891.38,294.75,4032,2523,3690,2767,1572,1407
530568,925.46,270.075,892.98,295.2,4032,2524,3706,2772,1570,1411
530570,925.62,270.15,892.18,294.075,4034,2525,3698,2760,1566,1410
530572,925.06,269.625,892.66,295.05,4028,2519,3703,2770,1567,1407
530574,924.98,269.025,891.78,295.35,4027,2512,3694,2773,1569,1409
530576,925.62,270,891.54,294.675,4034,2523,3692,2765,1570,1411
530578,925.7,268.95,892.1,295.2,4035,2512,3697,2772,1567,1410
530580,925.06,270.675,892.26,295.425,4028,2530,3699,2774,1569,1402
530582,925.06,269.4,892.02,295.425,4028,2517,3696,2774,1570,1409
530584,925.3,269.775,892.58,295.275,4030,2521,3702,2773,1566,1408
530586,925.06,269.925,891.46,294.375,4028,2522,3691,2763,1568,1408
530588,923.7,270.525,891.86,295.275,4014,2528,3695,2773,1566,1411
530590,923.86,270.15,892.1,295.35,4016,2524,3697,2774,1560,1409
530592,923.94,271.05,892.02,294.45,4017,2534,3697,2764,1565,1408
530594,922.82,270.675,892.26,295.8,4005,2529,3698,2778,1567,1406
530596,923.3,271.95,891.3,295.275,4010,2543,3689,2772,1561,1408
530598,923.22,271.65,891.3,295.875,4009,2539,3689,2779,1563,1405
530600,924.18,272.025,892.26,296.775,4018,2544,3698,2788,1565,1406
530602,924.66,271.5,891.38,294.825,4024,2538,3690,2767,1565,1412
530604,924.58,271.35,891.78,295.575,4022,2537,3694,2775,1563,1404
530606,924.9,270.675,892.5,296.625,4026,2530,3701,2787,1564,1404
530608,923.7,271.275,892.18,296.25,4014,2536,3697,2782,1564,1404
530610,924.58,269.475,892.02,294.975,4023,2517,3696,2769,1566,1408
530612,924.26,267.825,891.38,290.85,4020,2499,3691,2725,1564,1413
530614,923.22,265.65,889.46,287.325,4011,2476,3674,2687,1570,1421
530616,921.94,259.275,889.14,283.575,4000,2408,3671,2647,1575,1426
530618,920.9,249.825,887.06,276.9,3992,2307,3653,2574,1578,1421
530620,920.42,242.175,886.18,266.025,3990,2227,3648,2459,1576,1421
530622,919.54,235.2,884.98,258.75,3983,2153,3638,2381,1569,1410
530624,921.3,229.575,883.62,252.45,4001,2095,3626,2313,1569,1414
530626,922.42,226.275,880.58,247.125,4013,2061,3598,2256,1559,1412
530628,923.62,223.125,877.22,244.275,4026,2028,3566,2223,1552,1397
530630,923.78,220.275,874.66,241.725,4028,1999,3541,2195,1549,1397
530632,924.18,219.075,874.1,242.1,4033,1987,3536,2198,1542,1396
530634,925.06,220.275,872.74,243.45,4041,1999,3522,2212,1541,1391
530636,924.66,219.825,871.7,244.875,4037,1994,3512,2226,1544,1392
530638,925.06,221.1,870.82,244.125,4041,2008,3503,2218,1546,1391
530640,925.14,220.875,871.94,244.05,4043,2006,3515,2218,1546,1395
530642,924.98,220.95,871.54,245.25,4041,2007,3510,2230,1545,1397
530644,925.3,220.05,872.1,245.1,4044,1997,3516,2229,1547,1404
530646,924.26,219.675,871.46,244.425,4034,1993,3510,2221,1546,1401
530648,923.86,219.675,872.34,245.775,4030,1993,3519,2236,1548,1402
530650,923.54,219,873.54,244.125,4027,1985,3531,2220,1547,1406
530652,922.18,219.675,873.86,243.9,4014,1991,3534,2218,1548,1407
530654,920.5,220.725,873.3,242.85,3997,2002,3529,2206,1546,1396
530656,921.06,220.5,874.1,244.2,4003,2000,3537,2221,1543,1403
530658,919.78,220.875,875.06,243.525,3991,2003,3546,2214,1544,1397
530660,920.74,220.275,874.1,245.55,4001,1997,3536,2235,1546,1395
530662,921.22,220.95,874.66,244.35,4005,2005,3542,2223,1540,1395
530664,919.7,220.5,875.38,245.625,3990,1999,3549,2237,1543,1402
530666,919.94,222,875.62,243,3993,2015,3552,2209,1541,1390
530668,920.1,220.275,875.78,245.025,3995,1997,3554,2231,1539,1389
530670,920.18,219.75,875.62,244.5,3996,1992,3552,2225,1540,1388
530672,920.42,220.575,875.86,242.775,3998,2000,3556,2207,1540,1390
530674,919.54,219.45,874.58,244.275,3990,1988,3543,2222,1539,1385
530676,920.42,219.225,875.3,243.675,3999,1986,3551,2216,1539,1386
530678,920.58,218.025,875.94,243,4001,1973,3557,2210,1539,1387
530680,920.74,219.3,875.7,242.775,4002,1987,3555,2207,1538,1383
530682,919.7,219.45,876.1,242.7,3992,1988,3559,2207,1539,1389
530684,920.34,217.95,876.42,242.25,3999,1973,3562,2202,1537,1388
530686,920.18,218.55,877.14,241.8,3997,1979,3570,2198,1539,1389
530688,919.3,218.55,875.54,242.925,3989,1979,3554,2208,1535,1388
530690,919.46,217.8,876.42,241.05,3991,1971,3564,2189,1537,1384
530692,920.18,217.2,877.38,241.35,3999,1965,3573,2193,1533,1388
530694,919.3,217.05,877.94,240.975,3991,1963,3579,2190,1534,1391
530696,919.22,217.2,877.14,240.675,3990,1964,3571,2185,1536,1387
530698,919.78,216.75,877.3,240.975,3996,1960,3573,2189,1535,1383
530700,919.3,216.825,877.94,240.375,3992,1960,3580,2182,1533,1384
530702,919.62,216.375,877.86,240.075,3996,1956,3580,2179,1536,1386
530704,919.62,216.45,877.7,240.375,3996,1956,3579,2182,1534,1383
530706,919.3,215.85,877.3,240,3993,1949,3575,2178,1534,1389
530708,919.22,215.4,877.7,238.65,3993,1945,3580,2164,1533,1386
530710,919.22,214.125,877.62,239.55,3993,1931,3579,2173,1536,1387
530712,919.38,214.35,877.86,239.175,3995,1933,3582,2169,1537,1389
530714,919.22,214.35,878.1,238.725,3994,1933,3584,2165,1539,1395
530716,919.38,213.75,878.02,239.175,3996,1927,3584,2169,1540,1395
530718,918.34,215.325,878.58,239.25,3985,1942,3590,2170,1534,1394
530720,918.66,215.625,877.7,239.1,3989,1945,3581,2167,1536,1395
530722,918.18,215.25,876.98,239.025,3984,1941,3574,2166,1539,1397
530724,918.1,215.1,878.98,238.275,3984,1939,3594,2159,1538,1399
530726,918.58,214.8,878.42,238.425,3988,1936,3589,2160,1540,1395
530728,917.54,214.275,877.86,238.95,3979,1930,3584,2165,1542,1398
530730,917.94,215.025,877.22,240.3,3982,1938,3577,2179,1542,1395
530732,918.26,215.25,877.54,240.225,3986,1940,3581,2178,1543,1394
530734,917.3,214.05,877.86,238.875,3977,1927,3584,2164,1542,1394
530736,917.62,215.325,878.5,239.7,3980,1940,3590,2172,1540,1398
530738,918.42,215.925,876.82,238.65,3988,1947,3574,2160,1532,1399
530740,917.78,216.075,878.02,239.1,3981,1948,3586,2166,1536,1397
530742,918.18,215.325,878.5,239.85,3986,1940,3591,2174,1538,1396
530744,917.62,215.325,877.7,239.4,3981,1940,3583,2168,1538,1394
530746,917.54,215.85,877.78,238.5,3979,1945,3584,2159,1536,1398
530748,916.98,216,878.98,238.5,3974,1946,3596,2160,1541,1399
530750,917.7,215.325,878.1,238.8,3981,1939,3587,2162,1538,1391
530752,917.86,215.625,878.34,238.35,3982,1942,3590,2158,1540,1393
530754,917.22,214.425,878.02,239.4,3977,1929,3586,2168,1540,1391
530756,917.54,214.95,877.86,239.55,3980,1935,3584,2170,1537,1389
530758,917.06,214.575,877.62,238.875,3975,1930,3583,2162,1536,1388
530760,917.22,214.05,877.86,238.725,3976,1925,3584,2161,1539,1392
530762,917.06,214.725,877.3,238.8,3975,1932,3579,2161,1535,1388
530764,916.26,214.575,877.62,239.1,3967,1930,3581,2164,1538,1385
530766,917.14,213.6,877.22,238.8,3976,1920,3578,2161,1538,1389
530768,916.58,214.125,877.22,238.95,3970,1926,3578,2163,1539,1393
530770,916.5,214.5,876.82,239.025,3969,1930,3574,2164,1539,1389
530772,916.5,213.675,875.7,239.4,3969,1921,3562,2167,1543,1386
530774,916.66,213.825,877.38,238.8,3971,1923,3579,2161,1542,1389
530776,916.9,215.55,875.22,239.25,3972,1941,3557,2165,1536,1385
530778,915.7,215.25,876.42,238.95,3961,1937,3569,2163,1539,1391
530780,915.78,214.2,876.34,239.85,3961,1926,3568,2172,1542,1387
530782,915.22,215.925,876.98,240,3955,1944,3574,2175,1540,1391
530784,915.06,216.375,876.74,239.175,3954,1950,3572,2166,1540,1392
530786,915.46,216.45,876.34,240.45,3958,1951,3568,2180,1539,1389
530788,915.06,216.975,876.34,240.075,3953,1957,3568,2176,1538,1391
530790,914.82,217.575,876.18,239.85,3951,1962,3566,2173,1536,1390
530792,914.82,217.275,876.02,240.15,3951,1960,3564,2178,1537,1394
530794,915.38,217.725,876.34,240.45,3956,1965,3567,2181,1537,1388
530796,915.3,217.425,876.58,240.75,3955,1963,3570,2184,1538,1393
530798,915.22,217.725,876.5,240.75,3954,1965,3568,2185,1537,1393
530800,915.46,218.025,876.66,241.05,3956,1969,3570,2188,1535,1392
530802,915.22,217.875,877.38,239.775,3954,1968,3577,2175,1537,1394
530804,915.3,217.875,876.18,240,3954,1968,3565,2177,1537,1394
530806,915.78,218.4,876.74,240.45,3959,1974,3571,2182,1538,1393
530808,915.46,217.95,876.66,239.85,3956,1968,3570,2176,1535,1392
530810,913.62,217.05,874.98,239.475,3938,1958,3553,2170,1541,1390
530812,908.66,216.525,871.86,238.65,3890,1950,3523,2160,1544,1396
530814,903.78,213.15,867.62,235.05,3843,1912,3483,2120,1559,1405
530816,896.5,213.45,859.14,233.175,3772,1910,3400,2095,1561,1404
530818,887.94,212.325,852.02,231.75,3689,1893,3330,2076,1568,1415
530820,881.54,212.85,842.9,230.325,3626,1895,3241,2055,1566,1419
530822,878.18,212.85,839.7,229.2,3592,1893,3210,2042,1565,1418
530824,876.18,212.1,838.02,228.975,3573,1883,3193,2038,1567,1419
530826,877.7,209.625,836.5,227.85,3589,1858,3179,2025,1573,1420
530828,878.9,208.95,838.1,226.725,3600,1851,3195,2014,1569,1418
530830,879.54,207.975,838.18,227.7,3607,1842,3195,2024,1569,1416
530832,880.74,207.45,838.34,227.175,3619,1836,3197,2018,1566,1418
530834,880.5,207.75,838.34,227.7,3617,1839,3196,2023,1565,1419
530836,881.38,207.525,838.66,226.725,3625,1836,3200,2012,1565,1412
530838,880.82,207.45,838.34,225.225,3619,1835,3197,1996,1568,1414
530840,880.74,208.65,837.62,226.65,3618,1846,3190,2009,1566,1415
530842,880.5,208.425,837.7,226.275,3616,1844,3191,2006,1565,1415
530844,880.42,208.65,837.94,226.125,3616,1845,3193,2003,1563,1414
530846,880.18,208.2,836.66,226.275,3614,1840,3181,2003,1565,1413
530848,880.34,208.35,837.7,225.675,3616,1840,3191,1996,1567,1420
530850,879.46,206.925,837.7,226.875,3607,1825,3191,2009,1567,1418
530852,879.78,208.35,837.38,227.775,3610,1839,3187,2017,1565,1417
530854,879.62,208.05,837.54,228.075,3608,1835,3189,2021,1566,1413
530856,879.78,208.425,837.14,227.475,3610,1838,3186,2012,1565,1414
530858,879.3,208.05,837.78,227.625,3606,1834,3192,2015,1565,1413
530860,878.66,207.975,836.66,228.225,3599,1832,3180,2019,1572,1415
530862,878.9,207.225,836.58,226.65,3602,1824,3180,2002,1568,1411
530864,879.22,208.05,837.78,227.1,3605,1831,3191,2007,1569,1410
530866,878.66,207.75,837.3,226.875,3599,1828,3187,2004,1570,1408
530868,878.26,208.425,837.7,226.875,3595,1834,3191,2003,1569,1403
530870,878.9,207.825,836.98,226.05,3602,1828,3184,1993,1569,1407
530872,878.58,207.6,837.86,227.175,3599,1824,3193,2005,1572,1414
530874,878.9,208.125,838.18,227.4,3602,1830,3196,2007,1571,1411
530876,878.34,209.025,838.66,227.325,3597,1838,3201,2006,1570,1411
530878,878.26,207.6,838.18,225.15,3596,1823,3197,1983,1572,1413
530880,878.18,208.725,837.86,227.025,3596,1834,3194,2002,1573,1410
530882,877.94,208.425,838.02,225.75,3593,1831,3196,1988,1568,1410
530884,878.1,208.2,838.34,226.725,3596,1828,3199,1999,1572,1411
530886,877.86,208.125,838.26,227.175,3593,1827,3198,2003,1577,1416
530888,877.22,208.05,838.98,225.45,3587,1825,3206,1985,1573,1414
530890,878.02,207.9,838.58,225.075,3595,1824,3202,1981,1571,1413
530892,878.18,208.875,838.02,226.725,3597,1834,3196,1997,1575,1412
530894,877.54,209.025,838.82,224.775,3590,1836,3205,1977,1573,1410
530896,877.62,208.95,838.74,225.825,3591,1834,3204,1988,1577,1410
530898,877.62,208.8,838.26,225.15,3591,1833,3199,1980,1577,1413
530900,877.62,208.875,838.58,225.45,3592,1833,3203,1983,1579,1410
530902,877.22,208.2,838.26,225.675,3588,1826,3199,1986,1579,1417
530904,877.62,208.575,838.42,226.8,3592,1830,3200,1997,1578,1416
530906,877.06,209.325,839.7,226.05,3586,1838,3214,1990,1579,1416
530908,876.9,208.875,838.58,225.525,3584,1833,3203,1984,1579,1413
530910,877.14,209.175,839.22,226.05,3587,1836,3209,1990,1579,1417
530912,876.66,209.55,838.5,226.275,3582,1840,3203,1993,1580,1415
530914,876.98,209.025,838.1,226.8,3585,1834,3198,1998,1583,1428
530916,876.82,208.8,838.58,226.425,3584,1832,3203,1994,1584,1430
530918,876.5,209.85,838.82,226.725,3581,1843,3205,1997,1582,1431
530920,876.9,209.4,838.42,227.1,3585,1839,3202,2002,1582,1424
530922,875.94,208.575,839.22,225.825,3576,1830,3210,1989,1583,1424
530924,876.02,209.55,838.82,227.4,3577,1840,3206,2005,1582,1428
530926,876.26,209.175,838.82,227.325,3580,1837,3206,2005,1584,1428
530928,876.02,209.4,838.9,226.2,3577,1839,3207,1993,1587,1432
530930,875.62,209.1,838.9,226.425,3573,1836,3207,1996,1584,1426
530932,876.5,209.7,838.98,227.175,3582,1843,3208,2004,1584,1430
530934,875.62,209.4,838.9,225.975,3574,1840,3208,1991,1584,1436
530936,875.38,209.025,839.06,226.725,3572,1836,3210,1999,1586,1434
530938,876.18,209.625,839.62,227.55,3579,1843,3215,2009,1585,1431
530940,875.7,209.475,839.86,226.575,3575,1841,3218,1999,1585,1434
530942,875.54,209.325,839.94,226.5,3573,1839,3218,1999,1585,1428
530944,875.3,209.775,840.42,226.875,3571,1845,3224,2003,1588,1433
530946,875.22,209.55,840.18,226.8,3571,1842,3221,2003,1585,1430
530948,874.9,209.175,839.54,227.775,3568,1839,3215,2013,1589,1428
530950,875.06,209.25,839.94,226.5,3569,1840,3219,2000,1590,1435
530952,875.06,208.575,839.14,227.25,3570,1833,3211,2007,1583,1437
530954,874.82,209.1,838.58,228.3,3567,1838,3205,2018,1589,1434
530956,874.5,209.25,839.06,226.95,3564,1841,3211,2005,1590,1432
530958,875.06,209.4,839.7,225.975,3570,1842,3217,1995,1585,1431
530960,874.66,209.7,840.34,227.4,3566,1846,3223,2011,1589,1432
530962,874.5,209.475,839.38,227.175,3565,1843,3214,2008,1588,1430
530964,874.74,209.4,839.94,225.975,3567,1843,3220,1996,1586,1434
530966,874.1,209.25,839.3,226.575,3561,1841,3214,2002,1588,1425
530968,874.02,209.25,838.74,226.8,3560,1841,3208,2004,1590,1430
530970,874.5,208.125,839.94,225.075,3565,1830,3220,1987,1586,1428
530972,874.18,209.475,839.62,225,3562,1844,3217,1986,1587,1426
530974,874.1,209.4,839.06,226.125,3560,1843,3211,1998,1585,1427
530976,874.58,208.35,839.3,226.875,3566,1832,3213,2005,1591,1424
530978,873.54,208.95,839.86,226.95,3555,1838,3219,2007,1585,1429
530980,874.18,207.825,839.3,225.15,3562,1827,3213,1988,1588,1428
530982,874.18,207.9,839.86,226.125,3561,1828,3219,1998,1590,1431
530984,872.9,209.1,841.3,225.15,3548,1840,3233,1989,1587,1428
530986,873.86,208.5,840.74,224.025,3558,1834,3228,1977,1591,1426
530988,873.62,208.8,840.18,224.025,3555,1837,3222,1977,1591,1425
530990,873.62,207.975,839.94,223.8,3556,1828,3220,1974,1587,1427
530992,873.22,207.45,840.58,223.65,3552,1823,3227,1973,1588,1429
530994,873.62,208.275,840.66,223.35,3556,1831,3227,1970,1591,1428
530996,873.38,207.075,840.5,223.5,3554,1819,3226,1971,1589,1426
530998,872.82,206.925,839.86,222.75,3548,1817,3220,1963,1591,1425
531000,873.78,206.775,841.46,222.9,3558,1816,3235,1966,1589,1424
531002,873.38,206.175,840.5,221.4,3554,1809,3227,1949,1590,1425
531004,873.14,205.425,841.54,221.475,3552,1801,3237,1950,1587,1424
531006,873.54,207.075,841.06,222.45,3556,1818,3232,1960,1592,1428
531008,873.3,206.1,842.02,221.925,3554,1808,3241,1955,1594,1425
531010,873.22,205.125,840.9,221.325,3553,1797,3230,1948,1590,1422
531012,873.14,205.95,840.58,222.15,3552,1806,3228,1956,1594,1424
531014,872.82,205.575,840.34,222,3549,1802,3225,1955,1596,1437
531016,872.66,205.95,840.58,221.475,3548,1806,3228,1949,1599,1440
531018,872.18,205.575,840.9,222.3,3543,1801,3231,1958,1592,1439
531020,872.58,206.175,840.58,221.775,3547,1808,3228,1952,1595,1442
531022,872.26,205.2,842.02,221.475,3545,1797,3243,1950,1597,1440
531024,872.42,205.425,839.86,222.225,3546,1799,3222,1956,1592,1440
531026,871.46,205.875,841.54,221.7,3537,1803,3238,1951,1599,1440
531028,871.94,206.25,841.62,222.45,3542,1808,3239,1959,1596,1442
531030,871.62,205.5,840.74,221.925,3539,1800,3231,1953,1599,1440
531032,871.38,205.725,840.26,220.575,3537,1801,3227,1939,1597,1439
531034,871.46,206.325,841.46,221.625,3538,1808,3238,1951,1596,1445
531036,871.78,205.5,841.54,220.875,3541,1800,3239,1942,1596,1439
531038,871.22,206.025,839.86,221.475,3536,1804,3222,1947,1600,1437
531040,871.22,205.275,840.9,221.325,3536,1797,3233,1947,1599,1442
531042,871.38,204.975,840.42,220.875,3538,1794,3229,1942,1598,1439
531044,871.22,204.675,840.9,220.8,3537,1791,3234,1941,1598,1440
531046,870.74,206.4,841.14,223.2,3531,1808,3236,1967,1602,1434
531048,869.46,208.2,839.62,222.975,3519,1827,3221,1964,1601,1437
531050,867.22,213.15,836.98,228.825,3495,1877,3193,2024,1597,1441
531052,864.1,220.5,831.38,237.525,3462,1953,3135,2112,1592,1439
531054,857.62,237,823.06,250.8,3394,2123,3049,2247,1599,1431
531056,848.1,252.15,810.1,267.3,3295,2277,2914,2415,1596,1438
531058,839.06,271.2,798.26,284.625,3200,2474,2791,2592,1615,1436
531060,831.78,288.975,787.46,306.075,3122,2658,2676,2815,1611,1446
531062,826.5,303.375,775.06,321,3065,2809,2546,2968,1629,1462
531064,823.14,315.375,769.38,336.075,3027,2935,2483,3127,1639,1478
531066,820.5,324.75,762.58,353.025,2998,3035,2408,3307,1647,1473
531068,820.18,339.45,756.42,362.775,2990,3193,2342,3409,1650,1477
531070,819.54,351.6,749.78,375.15,2978,3323,2270,3540,1650,1493
531072,817.86,363.825,744.58,388.05,2958,3454,2212,3677,1647,1493
531074,817.86,383.925,738.66,402.675,2950,3672,2146,3833,1643,1484
531076,817.54,395.7,734.02,419.175,2943,3800,2092,4012,1643,1499
531078,818.02,410.25,730.26,436.2,2942,3958,2046,4197,1638,1499
531080,820.42,429.9,726.26,452.4,2960,4175,1999,4373,1645,1512
531082,821.06,441.675,725.06,467.475,2962,4304,1980,4539,1629,1507
531084,822.9,460.05,723.06,486.45,2974,4507,1950,4749,1626,1510
531086,824.66,473.25,721.86,498.075,2987,4654,1932,4878,1628,1510
531088,826.26,488.55,719.86,514.425,2998,4824,1905,5059,1639,1519
531090,828.26,500.85,719.62,526.5,3014,4961,1897,5194,1635,1519
531092,829.3,508.5,719.06,536.25,3022,5047,1886,5303,1630,1527
531094,831.14,520.35,720.9,545.55,3036,5179,1901,5409,1637,1533
531096,833.14,532.35,722.1,555.675,3052,5314,1909,5524,1652,1525
531098,834.74,540.825,723.22,559.125,3066,5409,1919,5562,1636,1525
531100,835.54,544.8,725.62,560.85,3072,5454,1943,5583,1629,1524
531102,835.14,545.175,727.14,560.025,3068,5458,1959,5575,1635,1521
531104,833.22,542.1,728.34,557.4,3050,5423,1973,5546,1639,1526
531106,831.14,537.675,729.94,554.475,3031,5372,1990,5513,1645,1527
531108,827.78,534.525,731.38,549.825,2997,5335,2007,5461,1651,1518
531110,826.26,534.3,732.9,545.1,2982,5332,2025,5409,1660,1535
531112,823.7,533.7,734.18,547.65,2956,5324,2036,5438,1656,1526
531114,822.98,535.275,734.66,549.975,2948,5341,2041,5464,1654,1527
531116,822.74,537.225,737.46,552.225,2945,5362,2068,5490,1650,1530
531118,822.34,537.375,738.02,553.2,2940,5364,2073,5501,1646,1526
531120,821.38,539.325,739.7,553.95,2930,5385,2090,5511,1650,1532
531122,820.26,538.35,739.94,553.8,2919,5374,2092,5509,1649,1529
531124,819.38,538.275,739.14,554.025,2910,5371,2084,5511,1652,1529
531126,818.66,539.475,740.1,554.325,2902,5385,2093,5515,1654,1531
531128,818.34,537.975,740.26,554.625,2899,5368,2095,5518,1658,1532
531130,817.38,537.225,741.06,552.525,2889,5359,2104,5494,1657,1535
531132,817.38,537.975,741.38,552.525,2888,5366,2107,5494,1655,1536
531134,816.74,537.75,742.42,552.15,2882,5363,2117,5490,1659,1537
531136,816.9,537.675,743.46,550.95,2883,5362,2128,5477,1658,1536
531138,815.38,537.825,744.5,550.5,2868,5363,2139,5472,1662,1537
531140,815.22,537.15,744.42,551.325,2866,5355,2137,5480,1660,1537
531142,814.34,536.85,745.7,550.875,2857,5351,2150,5476,1657,1539
531144,813.62,538.05,746.42,551.25,2849,5363,2156,5480,1659,1537
531146,812.66,537.15,746.5,551.25,2839,5353,2157,5480,1658,1539
531148,812.42,536.325,747.7,551.55,2836,5343,2169,5483,1655,1539
531150,811.54,536.775,748.42,552.15,2827,5347,2176,5491,1657,1540
531152,811.38,536.475,748.34,551.55,2825,5344,2175,5483,1658,1536
531154,811.22,536.25,749.06,550.8,2823,5341,2183,5475,1656,1536
531156,810.58,538.8,749.54,551.7,2816,5368,2187,5484,1658,1535
531158,810.1,536.4,749.54,551.55,2812,5341,2187,5482,1657,1533
531160,809.78,535.725,750.1,550.8,2808,5333,2193,5474,1656,1534
531162,809.3,537.825,750.82,551.175,2803,5356,2199,5478,1655,1536
531164,809.46,536.7,750.5,552.075,2804,5342,2196,5487,1658,1536
531166,808.58,537.075,750.74,550.425,2795,5346,2199,5469,1661,1530
531168,808.5,538.35,751.3,550.575,2794,5359,2204,5470,1665,1532
531170,808.82,537,750.58,550.95,2797,5345,2197,5473,1663,1530
531172,808.26,537.6,751.7,549.975,2791,5350,2208,5463,1661,1535
531174,808.5,537.525,752.42,549.825,2794,5350,2216,5461,1664,1531
531176,808.18,537.3,752.34,549.825,2790,5346,2215,5460,1665,1532
531178,807.78,536.625,752.42,548.775,2786,5339,2216,5449,1664,1529
531180,807.54,537.45,753.06,548.7,2783,5347,2223,5448,1668,1536
531182,808.02,536.025,753.06,548.775,2788,5331,2222,5448,1668,1532
531184,807.78,535.95,753.3,548.175,2786,5329,2225,5440,1669,1532
531186,806.9,534.975,753.46,547.125,2778,5318,2227,5429,1662,1535
531188,807.46,535.875,753.54,548.25,2783,5327,2228,5441,1673,1533
531190,806.74,535.725,753.78,548.4,2776,5325,2230,5443,1667,1534
531192,806.82,536.25,753.94,548.1,2776,5330,2231,5439,1666,1533
531194,806.42,535.65,753.7,548.4,2772,5324,2229,5442,1668,1534
531196,806.66,536.025,754.34,548.325,2774,5327,2235,5440,1670,1533
531198,805.62,535.65,754.42,547.8,2764,5322,2237,5434,1668,1532
531200,805.54,536.925,754.98,548.025,2762,5336,2242,5436,1672,1535
531202,805.14,536.85,755.46,549,2759,5335,2247,5448,1673,1535
531204,805.22,537.225,754.98,548.025,2759,5338,2242,5436,1673,1536
531206,805.46,537.225,756.1,548.85,2761,5338,2253,5445,1672,1534
531208,805.14,537.825,755.78,547.8,2758,5345,2250,5433,1674,1536
531210,804.9,537.9,756.5,547.65,2755,5345,2257,5432,1681,1542
531212,804.66,537.75,756.66,549.075,2753,5343,2259,5447,1678,1540
531214,804.26,538.05,757.54,547.65,2749,5346,2268,5431,1683,1553
531216,804.1,539.1,757.78,548.55,2747,5357,2271,5442,1682,1546
531218,803.86,538.5,757.3,548.775,2745,5351,2265,5444,1682,1544
531220,803.94,539.175,757.86,549.525,2746,5358,2271,5453,1679,1545
531222,803.86,539.4,757.62,548.7,2745,5361,2269,5443,1682,1545
531224,803.46,539.175,759.14,549,2741,5358,2285,5447,1679,1550
531226,803.94,539.625,758.9,549,2746,5363,2282,5447,1677,1546
531228,803.3,539.55,759.22,549.75,2740,5362,2285,5456,1677,1544
531230,803.14,539.7,759.38,550.125,2738,5363,2287,5460,1673,1550
531232,802.98,539.4,758.82,550.2,2737,5360,2281,5461,1676,1543
531234,802.74,540.225,758.5,551.25,2734,5369,2278,5472,1677,1548
531236,802.74,539.85,759.54,549.975,2734,5365,2289,5458,1673,1547
531238,802.5,540,759.46,550.35,2731,5367,2288,5463,1674,1545
531240,803.14,541.275,759.94,550.05,2738,5381,2294,5460,1679,1550
531242,802.66,539.475,759.54,550.275,2734,5361,2289,5463,1674,1542
531244,802.42,539.325,760.1,550.2,2732,5359,2295,5462,1671,1542
531246,802.1,539.625,759.22,550.125,2728,5363,2286,5460,1674,1545
531248,801.86,540.45,760.5,549.45,2726,5372,2300,5454,1675,1543
531250,801.86,538.275,759.94,549.525,2727,5348,2294,5454,1672,1546
531252,801.7,539.175,758.98,549.15,2725,5358,2285,5450,1676,1543
531254,801.86,538.425,759.54,548.7,2727,5350,2291,5445,1674,1547
531256,802.1,538.875,759.46,549.3,2729,5354,2290,5451,1676,1544
531258,801.3,538.35,759.54,548.85,2721,5348,2291,5446,1677,1542
531260,801.38,537.825,760.26,549.225,2723,5341,2298,5451,1676,1548
531262,801.86,537.45,759.62,548.025,2728,5338,2293,5437,1677,1541
531264,799.78,538.125,759.46,548.4,2707,5344,2291,5440,1671,1545
531266,797.7,538.275,756.82,547.8,2685,5345,2264,5432,1673,1550
531268,792.82,537.45,753.22,548.325,2636,5332,2227,5436,1676,1541
531270,784.42,540.825,744.5,549.15,2549,5366,2137,5441,1677,1551
531272,771.3,541.125,733.22,551.25,2415,5363,2020,5458,1673,1551
531274,758.02,542.1,719.7,549,2278,5368,1882,5427,1677,1548
531276,742.42,542.325,703.86,549.15,2118,5362,1719,5420,1686,1546
531278,725.06,539.25,688.98,546.15,1942,5319,1568,5379,1687,1561
531280,709.94,537,674.74,542.25,1788,5285,1423,5328,1688,1559
531282,696.18,535.575,663.14,539.625,1647,5263,1305,5293,1696,1552
531284,685.86,532.425,652.02,538.35,1542,5222,1190,5272,1692,1554
531286,676.34,532.05,641.7,537,1445,5213,1085,5252,1687,1548
531288,669.22,531.375,633.22,533.25,1371,5200,999,5204,1683,1546
531290,660.5,532.725,622.74,533.4,1281,5211,890,5202,1684,1554
531292,655.54,533.7,614.26,533.625,1229,5219,803,5198,1682,1555
531294,650.9,534.375,608.82,531.225,1180,5224,747,5169,1684,1545
531296,649.62,532.725,605.94,531.6,1168,5204,717,5171,1681,1545
531298,649.46,533.925,603.3,529.95,1166,5217,691,5151,1686,1542
531300,649.86,531.675,605.14,529.65,1171,5191,709,5147,1685,1541
531302,652.42,531.45,606.1,529.575,1198,5190,720,5146,1685,1544
531304,652.82,530.775,608.82,528.975,1202,5182,748,5140,1682,1541
531306,654.34,532.2,608.42,529.5,1216,5198,744,5146,1687,1543
531308,654.18,532.575,609.3,529.275,1214,5202,752,5143,1682,1545
531310,651.54,533.85,607.7,529.35,1186,5214,735,5143,1686,1539
531312,651.54,533.1,607.14,528.75,1186,5205,730,5135,1684,1539
531314,651.54,533.25,606.42,529.425,1187,5207,722,5143,1690,1542
531316,650.82,532.425,605.94,528.975,1179,5197,717,5136,1694,1542
531318,650.18,532.8,605.46,530.25,1172,5200,711,5150,1692,1546
531320,650.58,532.5,607.06,530.775,1176,5197,727,5156,1693,1545
531322,650.18,531.75,606.58,531.45,1172,5188,722,5164,1696,1552
531324,649.94,533.325,608.98,531.9,1169,5205,746,5170,1690,1546
531326,649.94,532.275,607.94,531.675,1169,5193,735,5167,1698,1546
531328,650.1,531.45,608.42,532.35,1171,5184,740,5174,1696,1547
531330,648.82,531,608.1,531.375,1158,5178,736,5163,1691,1548
531332,649.14,530.55,607.78,530.625,1161,5173,734,5154,1693,1547
531334,648.74,530.025,607.54,529.95,1158,5167,731,5146,1696,1546
531336,648.5,529.95,608.74,529.95,1155,5166,744,5147,1694,1540
531338,648.82,531.225,607.94,529.875,1158,5180,736,5145,1692,1537
531340,648.58,531.525,607.94,528.9,1154,5183,736,5135,1690,1533
531342,648.58,531.825,608.9,528.675,1154,5187,746,5132,1682,1532
531344,648.74,529.425,608.26,528.3,1157,5160,739,5127,1693,1534
531346,648.66,530.55,607.54,528,1155,5173,731,5124,1690,1530
531348,648.82,529.875,608.5,528.3,1157,5165,741,5128,1687,1531
531350,647.7,529.425,608.66,528.15,1146,5159,743,5126,1691,1533
531352,648.02,529.65,608.34,528.525,1148,5162,738,5131,1688,1532
531354,648.26,529.575,608.58,528.225,1151,5161,741,5127,1681,1524
531356,647.86,531.525,608.9,528.375,1145,5182,744,5129,1683,1532
531358,647.38,530.325,608.74,529.275,1141,5169,742,5139,1685,1531
531360,647.62,530.775,608.42,529.425,1143,5174,739,5140,1675,1526
531362,647.22,530.175,609.38,528.525,1139,5167,749,5131,1681,1527
531364,647.06,530.4,608.82,528.375,1137,5170,742,5129,1675,1525
531366,646.42,530.025,609.54,528.75,1130,5165,750,5133,1679,1519
531368,646.66,529.95,609.86,527.625,1133,5164,753,5121,1675,1513
531370,646.98,530.7,608.42,527.625,1136,5173,739,5120,1675,1516
531372,646.9,529.725,609.06,528,1135,5161,745,5124,1672,1513
531374,646.66,529.875,609.54,527.925,1133,5164,750,5124,1675,1510
531376,647.14,530.625,609.78,527.25,1137,5172,752,5116,1670,1514
531378,646.82,530.775,609.46,527.175,1134,5174,750,5115,1671,1510
531380,646.74,530.55,609.22,526.5,1133,5171,746,5107,1670,1511
531382,645.94,530.55,608.58,528.15,1124,5171,739,5125,1667,1506
531384,646.42,530.625,608.82,526.8,1129,5171,742,5110,1666,1506
531386,646.34,530.175,609.7,526.95,1129,5167,752,5112,1664,1502
531388,646.5,530.25,610.74,526.35,1130,5167,762,5106,1663,1504
531390,645.78,528.9,610.02,525.675,1123,5151,755,5098,1666,1502
531392,646.26,529.725,609.86,525.975,1128,5161,754,5101,1660,1500
531394,646.82,528.075,610.18,526.425,1134,5143,756,5106,1659,1501
531396,646.98,527.025,610.02,525.75,1136,5130,756,5098,1659,1498
531398,646.42,526.2,611.3,525.225,1132,5120,769,5092,1657,1500
531400,646.5,525.975,611.22,526.35,1132,5118,768,5105,1655,1497
531402,646.98,526.725,611.06,524.025,1137,5126,767,5079,1659,1497
531404,644.98,525.3,611.3,525,1118,5109,769,5090,1648,1498
531406,641.38,526.725,608.5,525.45,1079,5123,740,5093,1654,1493
531408,634.9,530.85,603.38,525.375,1010,5166,687,5090,1659,1491
531410,624.34,533.7,592.58,526.5,900,5194,574,5097,1665,1495
531412,608.98,536.7,578.82,530.55,739,5220,429,5136,1666,1498
531414,590.66,539.925,560.26,531.525,547,5247,236,5138,1671,1494
531416,572.02,542.925,540.58,535.2,351,5271,28,5170,1673,1496
531418,552.66,541.425,520.66,536.475,150,5245,-180,5174,1674,1491
531420,534.82,541.8,500.74,541.05,-35,5240,-391,5216,1666,1486
531422,516.18,540.225,482.18,541.125,-229,5214,-585,5208,1674,1490
531424,501.14,537.525,465.78,538.35,-385,5176,-756,5167,1663,1484
531426,484.98,537.225,448.74,539.925,-554,5164,-936,5178,1663,1496
531428,470.1,537.9,433.14,538.575,-709,5165,-1099,5154,1661,1488
531430,456.34,539.1,417.78,541.125,-855,5172,-1263,5176,1655,1476
531432,445.38,543.15,404.58,545.4,-974,5211,-1406,5217,1654,1477
531434,437.22,546.975,393.22,547.575,-1062,5251,-1528,5236,1648,1474
531436,430.02,549.45,385.22,550.125,-1140,5275,-1614,5261,1641,1471
531438,425.46,550.5,377.38,553.8,-1188,5285,-1700,5299,1646,1474
531440,423.46,552.975,374.34,554.475,-1212,5312,-1732,5305,1643,1468
531442,421.38,553.125,371.78,551.925,-1234,5313,-1758,5275,1649,1469
531444,422.02,552.375,372.74,550.65,-1226,5304,-1746,5261,1643,1464
531446,422.5,552.45,371.94,548.625,-1221,5305,-1753,5237,1646,1458
531448,422.66,553.575,373.86,548.175,-1220,5318,-1732,5234,1643,1457
531450,423.14,553.95,375.38,549,-1215,5323,-1717,5244,1643,1460
531452,422.66,553.425,376.82,550.125,-1219,5317,-1702,5257,1641,1463
531454,422.02,553.65,375.06,549.9,-1226,5319,-1720,5254,1638,1455
531456,421.22,554.55,375.78,550.65,-1235,5329,-1713,5263,1643,1456
531458,421.38,555.375,375.7,551.775,-1234,5339,-1715,5276,1637,1455
531460,421.78,555.525,375.54,551.175,-1230,5341,-1715,5269,1633,1448
531462,421.14,556.275,376.42,553.5,-1237,5348,-1708,5296,1633,1453
531464,421.3,555.975,376.9,551.925,-1235,5345,-1701,5278,1630,1444
531466,420.82,555.225,377.94,551.85,-1239,5337,-1690,5277,1634,1445
531468,420.18,555.075,378.42,551.25,-1245,5334,-1684,5271,1628,1449
531470,420.5,554.175,379.78,550.725,-1241,5324,-1669,5265,1630,1442
531472,420.42,553.275,379.3,549.075,-1240,5314,-1672,5246,1628,1437
531474,419.94,552.9,379.14,547.725,-1245,5309,-1672,5230,1627,1441
531476,420.02,552.3,380.66,547.95,-1243,5302,-1656,5234,1625,1437
531478,419.3,551.55,379.7,546.9,-1251,5293,-1666,5221,1625,1442
531480,419.38,550.8,380.5,546.075,-1249,5284,-1656,5211,1620,1443
531482,419.3,550.35,379.94,544.2,-1249,5279,-1660,5189,1625,1443
531484,419.06,549.45,379.46,545.4,-1250,5267,-1667,5202,1625,1443
531486,418.34,547.425,379.54,545.25,-1256,5244,-1665,5200,1618,1444
531488,417.7,546.6,380.26,542.925,-1262,5232,-1655,5172,1614,1439
531490,417.62,545.175,379.7,542.475,-1262,5216,-1661,5167,1616,1440
531492,416.5,543.525,379.06,543.3,-1272,5194,-1668,5174,1611,1445
531494,415.86,543.3,379.94,542.175,-1279,5191,-1658,5161,1615,1440
531496,416.26,542.4,380.02,541.575,-1275,5179,-1657,5152,1607,1444
531498,415.94,540.9,379.38,542.625,-1277,5161,-1665,5164,1605,1446
531500,416.18,540.075,378.58,541.5,-1274,5150,-1672,5148,1603,1438
531502,415.78,540.225,379.62,539.4,-1278,5151,-1660,5124,1604,1438
531504,415.62,540.825,378.98,540.375,-1281,5154,-1668,5132,1604,1438
531506,414.82,539.475,378.1,540,-1288,5139,-1677,5127,1604,1435
531508,414.42,539.325,378.9,540.075,-1294,5134,-1670,5125,1603,1436
531510,414.1,538.95,378.74,540.15,-1296,5130,-1671,5126,1605,1434
531512,414.1,537.9,377.86,540,-1296,5115,-1681,5121,1597,1429
531514,412.98,538.8,378.66,541.05,-1309,5124,-1673,5133,1598,1434
531516,413.62,539.325,377.3,541.65,-1304,5128,-1689,5137,1601,1430
531518,411.46,539.175,378.18,540.975,-1326,5125,-1679,5129,1596,1430
531520,412.58,540,378.42,541.425,-1316,5132,-1679,5131,1597,1432
531522,411.94,540.75,378.18,541.65,-1324,5140,-1681,5134,1597,1432
531524,411.86,540.75,378.26,542.7,-1326,5137,-1683,5143,1594,1432
531526,410.66,543.075,378.58,543,-1341,5163,-1680,5147,1601,1439
531528,410.74,542.775,378.66,543.525,-1341,5157,-1681,5151,1600,1435
531530,410.82,543.45,377.54,544.8,-1341,5165,-1694,5164,1595,1428
531532,411.86,543.375,377.94,544.875,-1331,5163,-1691,5163,1595,1431
531534,410.42,544.2,377.54,544.5,-1346,5171,-1695,5159,1597,1431
531536,411.22,545.175,377.62,544.65,-1340,5181,-1695,5159,1590,1428
531538,411.06,544.8,377.46,544.8,-1342,5177,-1697,5161,1593,1430
531540,410.82,544.95,378.18,544.575,-1346,5177,-1691,5157,1593,1425
531542,410.66,546.45,378.18,545.775,-1349,5194,-1692,5171,1593,1425
531544,411.22,545.325,377.7,545.55,-1343,5181,-1698,5168,1590,1428
531546,411.06,545.7,378.82,543.9,-1346,5185,-1685,5150,1592,1420
531548,411.38,547.275,378.1,546.075,-1345,5203,-1696,5173,1595,1424
531550,410.9,545.175,377.3,546.675,-1348,5179,-1705,5180,1586,1428
531552,411.38,546.225,378.74,545.325,-1346,5191,-1691,5165,1592,1423
531554,411.46,547.425,379.06,545.175,-1346,5205,-1686,5164,1592,1424
531556,410.74,547.05,378.74,546.15,-1354,5200,-1692,5175,1592,1424
531558,411.06,545.325,378.66,544.2,-1349,5181,-1692,5153,1585,1420
531560,411.46,547.275,378.82,545.4,-1348,5204,-1692,5167,1591,1424
531562,411.14,545.1,378.26,545.25,-1350,5179,-1698,5165,1586,1425
531564,411.54,543.975,379.22,544.35,-1345,5168,-1688,5156,1580,1420
531566,411.78,544.5,378.5,545.85,-1343,5174,-1697,5173,1584,1425
531568,411.7,543.825,378.5,545.475,-1345,5166,-1698,5169,1580,1422
531570,411.7,543.45,380.1,543.75,-1344,5162,-1679,5150,1584,1418
531572,411.94,542.7,380.02,543.6,-1342,5154,-1681,5149,1577,1421
531574,411.7,542.025,379.38,543.075,-1344,5146,-1687,5143,1573,1422
531576,410.98,541.95,379.7,543.525,-1352,5146,-1685,5149,1570,1421
531578,411.22,541.05,380.26,541.875,-1349,5135,-1677,5131,1571,1417
531580,412.34,540.675,380.26,542.025,-1337,5132,-1678,5132,1571,1416
531582,412.18,539.625,380.5,542.025,-1339,5120,-1675,5133,1575,1417
531584,411.86,539.175,380.9,541.5,-1342,5116,-1672,5127,1571,1418
531586,412.1,538.35,380.26,541.725,-1339,5106,-1679,5129,1572,1414
531588,411.38,538.8,380.82,542.025,-1347,5111,-1673,5133,1571,1418
531590,411.7,537.375,380.5,540.225,-1343,5095,-1675,5113,1570,1413
531592,412.02,538.275,381.78,540.975,-1341,5105,-1663,5122,1569,1416
531594,412.58,537,381.22,540.6,-1333,5091,-1668,5117,1564,1415
531596,412.5,535.65,381.78,540.525,-1333,5075,-1663,5116,1560,1415
531598,412.18,536.175,382.02,539.625,-1337,5081,-1659,5105,1559,1409
531600,412.58,536.55,382.58,540.975,-1334,5084,-1654,5120,1560,1410
531602,412.34,536.325,382.34,540.075,-1336,5082,-1656,5110,1561,1413
531604,412.42,536.325,382.34,540,-1334,5081,-1656,5108,1559,1410
531606,412.58,535.95,381.86,541.125,-1332,5076,-1662,5121,1561,1416
531608,412.42,536.55,382.66,540.075,-1335,5082,-1652,5108,1564,1410
531610,413.62,536.7,383.14,539.625,-1322,5084,-1647,5103,1558,1408
531612,413.7,537,382.9,541.05,-1322,5087,-1651,5118,1561,1408
531614,413.7,536.775,383.62,540.675,-1321,5084,-1643,5114,1562,1410
531616,413.62,536.775,383.46,540.75,-1322,5082,-1644,5113,1559,1408
531618,413.54,537.6,383.46,541.575,-1324,5091,-1645,5122,1563,1408
531620,413.94,537.375,384.26,542.7,-1319,5087,-1637,5134,1561,1408
531622,414.18,537.45,384.58,540.675,-1316,5088,-1632,5110,1556,1407
531624,414.26,537.525,384.18,541.725,-1316,5087,-1637,5120,1560,1407
531626,414.58,535.875,384.5,541.725,-1311,5068,-1633,5121,1558,1406
531628,413.86,536.475,384.58,540.15,-1318,5073,-1631,5100,1556,1409
531630,414.1,536.55,385.22,540.675,-1315,5073,-1624,5107,1554,1410
531632,413.94,535.8,385.06,540.3,-1316,5062,-1625,5099,1555,1402
531634,414.66,533.925,386.1,539.7,-1307,5041,-1613,5093,1554,1404
531636,414.82,534.225,384.9,538.575,-1305,5041,-1625,5076,1555,1404
531638,415.78,532.35,386.26,537,-1293,5021,-1609,5059,1555,1400
531640,415.46,531.75,386.18,536.175,-1295,5010,-1609,5047,1549,1397
531642,415.86,529.05,385.7,533.55,-1290,4980,-1611,5017,1546,1392
531644,416.1,527.025,385.7,532.725,-1285,4954,-1611,5004,1552,1394
531646,416.26,526.95,385.22,530.85,-1283,4953,-1614,4982,1549,1400
531648,416.02,524.775,385.54,529.05,-1284,4925,-1609,4958,1547,1399
531650,416.82,524.4,385.06,525.525,-1275,4921,-1611,4918,1544,1397
531652,416.5,521.1,384.9,524.475,-1276,4880,-1612,4902,1542,1401
531654,416.58,519.225,385.54,523.725,-1273,4858,-1605,4894,1543,1405
531656,416.82,518.625,384.9,520.875,-1271,4848,-1609,4858,1539,1401
531658,416.42,517.5,384.42,521.55,-1274,4835,-1614,4865,1541,1406
531660,416.34,517.35,384.66,521.625,-1275,4829,-1612,4862,1542,1402
531662,415.46,516.15,384.02,520.275,-1284,4815,-1618,4847,1541,1401
531664,415.3,516.75,383.38,520.425,-1285,4819,-1625,4844,1538,1399
531666,414.74,515.625,383.54,521.175,-1291,4806,-1624,4853,1541,1403
531668,415.22,517.05,383.62,522.15,-1287,4817,-1625,4860,1538,1405
531670,414.66,517.05,384.1,521.1,-1293,4818,-1618,4848,1542,1394
531672,413.54,518.475,382.98,523.65,-1306,4830,-1633,4873,1542,1393
531674,413.3,519.675,381.62,523.5,-1310,4844,-1648,4871,1541,1392
531676,413.46,520.725,381.78,524.85,-1311,4853,-1648,4884,1537,1392
531678,413.06,520.575,381.78,525.45,-1314,4851,-1649,4890,1544,1397
531680,412.74,521.325,382.42,528,-1320,4857,-1645,4918,1540,1392
531682,412.5,522.075,382.82,528.975,-1323,4866,-1642,4929,1540,1397
531684,411.62,523.575,381.38,530.925,-1335,4881,-1660,4950,1538,1395
531686,409.38,524.85,380.66,532.35,-1359,4894,-1669,4966,1538,1392
531688,404.5,526.725,375.62,534.75,-1414,4913,-1726,4989,1543,1391
531690,393.78,530.4,364.74,534.825,-1530,4949,-1841,4985,1547,1385
531692,381.06,530.475,352.18,536.1,-1666,4944,-1977,4993,1544,1384
531694,365.54,531.825,335.54,534.075,-1831,4951,-2152,4962,1541,1392
531696,348.82,531.675,316.18,531.3,-2010,4942,-2356,4922,1544,1388
531698,333.22,529.65,296.9,525.15,-2174,4911,-2556,4843,1544,1378
531700,317.86,528.15,279.46,523.5,-2337,4889,-2742,4817,1539,1381
531702,302.1,524.175,261.78,520.05,-2502,4836,-2927,4768,1538,1376
531704,286.66,523.725,244.66,515.775,-2666,4824,-3108,4713,1542,1364
531706,270.1,522.3,225.14,515.775,-2842,4800,-3317,4703,1534,1357
531708,253.3,521.25,207.06,512.775,-3022,4783,-3509,4663,1530,1352
531710,237.62,522.375,189.06,513,-3191,4788,-3703,4656,1525,1347
531712,221.3,520.2,172.26,509.7,-3365,4757,-3882,4613,1515,1338
531714,206.9,519.15,155.22,509.625,-3519,4738,-4065,4603,1509,1328
531716,194.5,519.975,141.38,509.475,-3654,4745,-4215,4598,1504,1331
531718,184.58,519.6,129.46,509.55,-3760,4736,-4344,4593,1498,1323
531720,178.58,520.125,119.38,510,-3827,4742,-4454,4596,1486,1320
531722,173.54,521.55,114.26,512.025,-3882,4756,-4512,4616,1489,1317
531724,172.42,521.775,113.62,509.325,-3895,4761,-4516,4588,1487,1307
531726,171.54,520.2,113.14,508.8,-3903,4743,-4521,4582,1488,1310
531728,172.18,519.225,113.7,508.35,-3895,4734,-4514,4580,1492,1314
531730,172.66,516.825,116.9,504.15,-3887,4707,-4475,4533,1494,1317
531732,173.14,514.875,118.98,501.6,-3880,4688,-4450,4508,1497,1319
531734,172.9,513.825,120.58,500.4,-3882,4676,-4431,4496,1495,1310
531736,172.42,512.175,120.74,501.075,-3885,4659,-4431,4506,1498,1316
531738,172.02,512.175,119.94,498.15,-3889,4659,-4436,4471,1496,1315
531740,171.14,510.6,118.9,500.325,-3896,4643,-4449,4498,1494,1316
531742,171.3,510.375,119.14,502.5,-3895,4640,-4449,4523,1495,1310
531744,170.9,510.225,119.38,500.55,-3899,4640,-4444,4502,1493,1311
531746,170.66,509.175,118.34,502.05,-3899,4627,-4457,4519,1489,1309
531748,170.74,508.575,118.5,501.075,-3897,4622,-4453,4509,1490,1311
531750,170.26,507.075,119.46,501.225,-3901,4605,-4443,4511,1486,1301
531752,171.06,506.7,119.78,500.85,-3892,4602,-4438,4509,1484,1310
531754,170.18,504.675,120.98,500.25,-3899,4578,-4425,4502,1483,1306
531756,170.34,505.2,121.54,500.325,-3896,4585,-4417,4504,1481,1305
531758,170.82,504.075,121.14,501,-3890,4572,-4422,4512,1481,1309
531760,170.18,504.675,122.02,499.05,-3897,4580,-4409,4490,1479,1302
531762,170.58,503.925,121.62,498.45,-3891,4571,-4413,4483,1478,1310
531764,170.42,503.85,122.42,498.825,-3891,4570,-4403,4488,1475,1307
531766,170.1,503.55,123.14,497.625,-3894,4566,-4394,4475,1476,1306
531768,170.58,503.475,121.22,498.6,-3888,4566,-4415,4485,1473,1311
531770,170.26,503.325,122.74,495.375,-3891,4564,-4395,4449,1475,1309
531772,169.94,503.4,122.82,495.525,-3894,4565,-4393,4450,1478,1302
531774,170.18,503.325,124.42,498.45,-3891,4564,-4379,4485,1477,1309
531776,169.7,503.175,124.34,497.625,-3896,4562,-4378,4475,1477,1305
531778,168.98,503.025,124.02,498.975,-3903,4560,-4383,4491,1479,1301
531780,169.7,502.275,124.34,497.55,-3893,4552,-4378,4475,1476,1303
531782,169.62,501.975,124.34,496.875,-3894,4548,-4377,4467,1472,1310
531784,169.22,501.45,124.66,498.3,-3897,4542,-4374,4483,1474,1302
531786,169.7,501.375,124.34,497.925,-3892,4542,-4376,4478,1473,1309
531788,170.02,500.775,124.18,497.25,-3887,4534,-4377,4471,1472,1306
531790,169.46,500.55,124.66,495.6,-3893,4532,-4370,4452,1474,1306
531792,169.38,500.925,125.3,496.2,-3893,4536,-4363,4459,1472,1303
531794,169.7,500.85,125.62,493.8,-3889,4535,-4357,4432,1475,1308
531796,169.54,499.5,124.9,493.2,-3889,4520,-4363,4424,1471,1306
531798,169.78,499.275,125.38,492.825,-3886,4517,-4358,4421,1474,1306
531800,169.86,500.1,125.38,493.8,-3886,4527,-4357,4432,1473,1305
531802,170.34,499.575,125.78,491.925,-3880,4521,-4351,4410,1471,1299
531804,169.78,498.975,126.26,491.85,-3885,4514,-4345,4410,1473,1305
531806,169.62,498.375,127.06,490.2,-3886,4507,-4335,4391,1473,1298
531808,169.14,496.95,127.38,490.95,-3889,4489,-4333,4399,1478,1303
531810,169.46,496.725,126.34,490.875,-3886,4487,-4344,4398,1481,1302
531812,169.54,495.225,126.58,490.8,-3883,4470,-4341,4397,1486,1305
531814,169.14,495.225,126.26,489.675,-3887,4470,-4342,4384,1482,1307
531816,169.54,495.375,125.86,489.975,-3882,4471,-4346,4387,1484,1308
531818,169.78,495.525,126.42,489.75,-3880,4473,-4341,4385,1487,1305
531820,169.3,494.7,126.66,489.75,-3884,4462,-4338,4384,1488,1307
531822,170.26,494.7,127.78,486.075,-3874,4463,-4322,4342,1489,1304
531824,169.3,494.175,126.5,488.1,-3884,4456,-4338,4365,1486,1301
531826,169.7,494.175,125.78,488.7,-3879,4456,-4346,4371,1490,1305
531828,168.9,493.95,126.02,487.125,-3888,4453,-4342,4353,1487,1309
531830,168.42,493.425,125.14,488.625,-3893,4447,-4353,4369,1489,1308
531832,169.62,493.725,125.62,489.375,-3880,4450,-4349,4377,1488,1311
531834,168.74,492.975,125.94,486.825,-3888,4440,-4343,4348,1488,1303
531836,168.9,492.225,126.1,487.05,-3887,4432,-4341,4350,1488,1304
531838,168.58,492.525,126.02,487.35,-3890,4434,-4342,4354,1487,1307
531840,168.98,492.825,125.86,486.45,-3887,4437,-4344,4342,1485,1301
531842,169.54,491.85,124.1,489.15,-3879,4427,-4365,4372,1486,1307
531844,169.78,492.15,127.3,488.7,-3878,4429,-4331,4368,1485,1306
531846,173.62,491.775,133.22,488.625,-3836,4427,-4267,4370,1483,1299
531848,182.66,492.525,142.02,493.8,-3741,4439,-4179,4433,1477,1301
531850,197.22,495,156.9,498.525,-3586,4475,-4024,4495,1481,1291
531852,216.42,497.775,176.5,503.4,-3385,4516,-3818,4560,1473,1293
531854,238.9,501,197.06,506.775,-3148,4564,-3601,4608,1473,1288
531856,263.86,505.35,222.26,511.125,-2886,4626,-3336,4670,1478,1290
531858,288.42,507.975,248.26,514.575,-2627,4668,-3061,4723,1485,1297
531860,312.34,508.5,272.66,514.125,-2374,4686,-2802,4730,1492,1304
531862,337.7,506.325,298.5,516.675,-2103,4674,-2529,4771,1489,1309
531864,359.86,505.65,323.46,512.7,-1869,4677,-2261,4739,1492,1310
531866,384.34,499.95,348.74,512.475,-1606,4626,-1993,4749,1491,1314
531868,406.98,496.275,372.66,508.875,-1365,4596,-1738,4720,1493,1316
531870,430.5,492.975,397.22,511.65,-1116,4571,-1481,4764,1490,1312
531872,453.78,491.25,417.78,510.6,-872,4563,-1265,4762,1483,1313
531874,471.86,490.8,436.02,510.15,-682,4567,-1073,4767,1490,1318
531876,488.66,491.175,449.14,512.925,-509,4580,-938,4805,1490,1316
531878,504.02,494.775,460.1,513.975,-351,4628,-824,4823,1484,1320
531880,514.42,497.175,465.06,514.875,-245,4660,-773,4835,1478,1313
531882,521.7,498.15,470.82,517.5,-170,4676,-715,4868,1469,1318
531884,524.18,498.225,471.14,518.4,-145,4678,-713,4879,1472,1322
531886,523.7,497.775,470.5,517.575,-150,4673,-720,4869,1476,1321
531888,523.62,497.4,471.22,516.825,-152,4669,-713,4862,1477,1323
531890,522.82,496.05,470.82,516.15,-159,4653,-717,4854,1477,1325
531892,523.22,495.45,471.38,515.175,-156,4648,-711,4844,1480,1324
531894,523.78,495.45,472.26,514.725,-150,4648,-701,4839,1474,1329
531896,525.3,495.45,473.94,513.675,-135,4649,-684,4829,1477,1320
531898,525.94,496.275,474.02,513.75,-129,4659,-684,4829,1474,1321
531900,526.98,496.5,475.3,516.3,-119,4663,-673,4860,1469,1327
531902,526.1,496.725,474.82,515.25,-128,4665,-677,4848,1468,1321
531904,525.38,497.325,473.78,516.975,-137,4672,-690,4867,1467,1324
531906,525.06,497.55,474.5,517.2,-141,4675,-683,4870,1465,1325
531908,524.66,497.55,474.1,515.925,-146,4675,-686,4857,1462,1325
531910,524.98,497.775,474.82,515.7,-143,4678,-679,4854,1462,1325
531912,524.5,497.7,475.46,516.225,-149,4678,-674,4861,1465,1320
531914,524.58,496.875,475.54,516.6,-147,4668,-673,4865,1463,1321
531916,524.82,498.15,475.54,516.6,-146,4684,-674,4867,1464,1322
531918,524.02,495.675,476.74,515.7,-153,4656,-661,4857,1466,1322
531920,524.26,496.5,477.14,517.2,-151,4665,-658,4875,1463,1319
531922,524.02,494.775,476.42,516.375,-152,4647,-664,4865,1465,1321
531924,524.18,494.1,477.7,515.1,-151,4640,-651,4852,1468,1318
531926,524.9,494.025,478.58,516.15,-143,4639,-642,4864,1465,1322
531928,524.18,494.1,478.5,517.875,-151,4640,-644,4884,1466,1319
531930,524.02,493.275,479.22,516.375,-152,4631,-636,4868,1467,1319
531932,524.26,492.525,480.1,514.875,-149,4623,-626,4852,1467,1318
531934,524.58,492.75,479.46,515.1,-146,4625,-632,4854,1464,1314
531936,524.74,492.825,482.34,519.3,-144,4627,-606,4904,1465,1328
531938,524.34,492.3,480.66,514.8,-148,4621,-620,4852,1462,1320
531940,524.58,491.25,480.98,513.75,-145,4610,-616,4841,1467,1316
531942,524.58,490.575,481.3,514.8,-144,4603,-613,4853,1469,1318
531944,524.82,490.5,482.26,513.975,-142,4602,-603,4844,1464,1321
531946,523.94,489.45,482.02,511.8,-150,4590,-604,4820,1465,1321
531948,525.14,489.9,482.18,512.625,-138,4596,-602,4829,1468,1314
531950,524.98,488.925,481.86,511.275,-139,4585,-604,4814,1466,1316
531952,524.82,489.225,482.66,511.35,-140,4588,-596,4815,1466,1314
531954,525.22,488.925,482.9,511.5,-136,4585,-593,4817,1471,1319
531956,525.22,487.65,482.74,511.125,-134,4571,-594,4813,1465,1314
531958,526.1,488.025,483.62,510.225,-125,4575,-585,4802,1464,1314
531960,525.86,488.1,483.3,509.625,-128,4575,-587,4795,1465,1312
531962,526.42,487.125,483.78,508.725,-121,4565,-582,4786,1468,1314
531964,526.5,486.3,485.06,508.5,-119,4555,-568,4783,1461,1313
531966,526.5,486.975,484.34,507.6,-120,4563,-574,4773,1466,1309
531968,526.42,486.75,483.94,507.975,-120,4559,-579,4775,1465,1310
531970,526.9,486.075,484.66,508.5,-115,4552,-571,4782,1461,1315
531972,526.26,485.025,484.82,507.3,-120,4539,-568,4768,1460,1311
531974,526.9,483.75,485.14,506.175,-113,4525,-564,4755,1460,1309
531976,526.74,484.05,485.3,507.15,-114,4527,-563,4765,1461,1314
531978,526.5,483.825,484.9,505.2,-117,4525,-565,4743,1460,1304
531980,526.42,482.775,484.82,505.725,-116,4512,-566,4748,1461,1304
531982,525.62,482.55,485.54,506.175,-124,4509,-559,4753,1463,1307
531984,525.78,483.15,485.94,505.05,-122,4515,-553,4740,1460,1302
531986,526.58,481.575,485.62,504.9,-113,4498,-556,4738,1461,1304
531988,526.58,482.475,484.98,505.575,-113,4506,-563,4744,1460,1304
531990,526.42,481.575,484.82,504.675,-114,4496,-564,4734,1457,1304
531992,527.86,480.45,485.14,505.05,-98,4483,-560,4737,1457,1304
531994,526.1,482.85,485.46,505.875,-118,4509,-558,4747,1457,1307
531996,526.66,480.75,485.46,505.125,-110,4485,-556,4737,1455,1304
531998,527.14,481.725,485.46,504,-105,4496,-555,4724,1451,1301
532000,527.38,481.275,485.78,503.925,-102,4490,-552,4723,1455,1293
532002,527.22,480.15,486.1,505.425,-103,4478,-549,4740,1454,1302
532004,526.1,480.15,485.94,504.6,-114,4476,-550,4729,1451,1302
532006,527.46,480.45,485.46,505.125,-101,4480,-556,4736,1452,1298
532008,526.18,480.675,485.22,504.825,-114,4481,-558,4731,1455,1301
532010,526.5,479.7,485.14,504.525,-110,4470,-558,4727,1455,1301
532012,527.62,479.25,485.54,504.525,-98,4466,-554,4727,1452,1297
532014,527.22,479.025,485.78,505.05,-102,4463,-552,4733,1452,1298
532016,527.54,479.25,485.62,503.25,-99,4465,-552,4712,1450,1293
532018,527.46,478.875,486.1,504.45,-99,4461,-548,4726,1448,1298
532020,527.06,479.25,485.22,504.225,-104,4464,-558,4722,1448,1294
532022,527.14,478.275,485.14,505.05,-102,4453,-559,4731,1447,1297
532024,526.02,478.35,486.02,503.55,-115,4453,-549,4714,1453,1292
532026,525.22,478.725,485.7,503.4,-123,4456,-552,4712,1452,1295
532028,526.34,477.6,486.18,503.7,-111,4444,-548,4716,1447,1291
532030,526.02,478.05,486.42,502.875,-115,4448,-545,4706,1450,1296
532032,526.26,478.5,484.98,502.875,-114,4453,-561,4706,1454,1292
532034,526.1,478.65,484.9,502.05,-115,4456,-562,4696,1456,1288
532036,525.14,478.35,484.98,503.1,-126,4451,-562,4707,1454,1292
532038,525.14,479.55,484.58,502.05,-127,4464,-565,4696,1457,1288
532040,525.3,478.65,484.66,503.1,-126,4454,-567,4707,1455,1291
532042,524.5,477.75,484.66,502.05,-134,4444,-566,4695,1454,1291
532044,525.14,478.5,485.78,501.825,-129,4453,-555,4694,1454,1285
532046,523.94,477.675,484.34,503.1,-141,4442,-571,4707,1448,1290
532048,522.98,476.85,485.38,503.475,-151,4433,-562,4712,1447,1290
532050,523.14,478.575,484.98,502.425,-151,4452,-566,4700,1448,1287
532052,522.26,476.925,484.9,502.8,-160,4434,-568,4704,1448,1289
532054,521.46,477.375,485.3,502.95,-169,4438,-564,4706,1444,1293
532056,521.22,479.1,484.18,502.275,-174,4457,-576,4698,1447,1285
532058,518.34,479.325,482.66,503.1,-204,4458,-593,4707,1439,1283
532060,510.18,480.525,476.5,505.575,-292,4468,-660,4732,1437,1291
532062,500.42,482.475,466.26,506.7,-394,4485,-768,4739,1437,1285
532064,485.14,483.225,450.26,505.875,-556,4485,-937,4722,1431,1278
532066,465.14,483.375,431.14,506.775,-764,4477,-1138,4722,1426,1279
532068,443.94,483.675,408.82,509.1,-988,4469,-1376,4737,1419,1277
532070,420.74,484.35,382.74,508.5,-1231,4465,-1651,4717,1414,1277
532072,395.94,484.2,358.02,505.2,-1494,4451,-1911,4667,1415,1273
532074,372.74,480.45,333.3,500.7,-1735,4396,-2169,4604,1408,1261
532076,350.1,478.875,309.62,495.375,-1973,4367,-2417,4532,1403,1255
532078,327.94,471.75,285.46,489.525,-2202,4275,-2668,4453,1385,1246
532080,306.9,467.475,260.5,483.45,-2422,4216,-2929,4372,1366,1235
532082,283.46,463.575,234.02,479.775,-2666,4159,-3207,4316,1354,1235
532084,261.62,463.35,210.74,471.375,-2899,4145,-3449,4209,1345,1227
532086,240.58,461.775,185.14,470.25,-3121,4116,-3722,4182,1330,1220
532088,220.26,462.375,163.86,470.475,-3340,4113,-3952,4173,1321,1211
532090,201.06,465.6,145.38,470.1,-3548,4138,-4150,4159,1307,1197
532092,183.54,464.775,125.46,469.425,-3736,4120,-4364,4141,1299,1193
532094,168.02,464.025,110.74,467.925,-3901,4103,-4521,4116,1299,1190
532096,153.06,462.6,96.02,466.05,-4062,4078,-4679,4086,1296,1182
532098,141.3,461.4,86.1,464.1,-4187,4059,-4784,4059,1294,1189
532100,134.74,460.5,76.9,462.3,-4258,4044,-4883,4033,1299,1188
532102,130.58,460.05,73.78,460.5,-4302,4036,-4914,4011,1295,1190
532104,129.38,457.5,72.1,457.875,-4314,4006,-4931,3979,1296,1187
532106,131.22,456.3,73.38,455.85,-4292,3994,-4915,3957,1315,1186
532108,133.54,454.8,75.38,452.175,-4267,3977,-4890,3916,1321,1178
532110,133.94,453.225,78.1,453.6,-4261,3959,-4862,3933,1331,1179
532112,134.9,451.725,79.3,451.8,-4249,3942,-4848,3912,1330,1180
532114,135.7,451.5,79.86,450.975,-4240,3940,-4841,3903,1329,1181
532116,134.34,451.35,78.42,451.95,-4255,3936,-4858,3912,1329,1184
532118,132.42,451.275,77.22,451.575,-4275,3934,-4871,3907,1332,1181
532120,132.42,451.95,75.7,451.425,-4277,3940,-4887,3904,1328,1179
532122,130.98,453.15,75.54,451.425,-4293,3952,-4889,3903,1327,1176
532124,131.14,452.25,76.26,451.875,-4291,3940,-4881,3907,1328,1179
532126,131.46,451.5,76.42,451.65,-4287,3933,-4879,3904,1328,1180
532128,132.1,451.875,77.62,451.5,-4280,3935,-4867,3901,1327,1176
532130,132.26,451.275,79.46,452.4,-4278,3929,-4848,3913,1329,1177
532132,132.58,450.825,79.3,451.725,-4274,3921,-4849,3902,1328,1175
532134,132.58,451.575,79.7,452.475,-4275,3930,-4846,3911,1332,1178
532136,131.54,451.35,79.46,452.7,-4286,3925,-4849,3912,1332,1177
532138,131.7,450.225,79.86,452.1,-4283,3912,-4843,3906,1332,1175
532140,131.22,451.275,80.98,451.425,-4289,3922,-4830,3896,1335,1179
532142,129.86,450.45,80.58,452.625,-4303,3912,-4836,3909,1329,1181
532144,130.34,450.6,81.38,453.075,-4298,3912,-4828,3913,1330,1180
532146,129.62,450.9,81.94,451.5,-4305,3915,-4820,3895,1331,1179
532148,129.62,451.05,81.14,450.825,-4306,3915,-4828,3886,1337,1185
532150,129.38,450.075,82.26,450.6,-4307,3904,-4815,3884,1330,1182
532152,128.66,450.975,83.22,452.25,-4315,3911,-4806,3902,1336,1184
532154,129.14,450.075,83.78,452.25,-4309,3902,-4800,3902,1329,1186
532156,129.14,448.725,82.42,454.2,-4307,3885,-4816,3921,1332,1191
532158,129.14,449.175,82.9,453.975,-4308,3890,-4811,3919,1331,1190
532160,127.94,449.325,83.38,453.375,-4320,3890,-4804,3911,1335,1196
532162,128.98,447.75,83.06,453.3,-4307,3872,-4808,3910,1333,1192
532164,128.02,448.725,83.7,454.2,-4318,3882,-4802,3920,1331,1194
532166,128.34,448.8,83.38,452.7,-4315,3883,-4804,3902,1334,1183
532168,128.74,447.45,84.26,452.25,-4308,3866,-4793,3896,1334,1187
532170,129.46,447.6,84.5,452.175,-4301,3868,-4790,3896,1334,1187
532172,128.5,447.75,83.62,451.875,-4311,3869,-4798,3890,1330,1183
532174,128.1,447.9,84.82,453.3,-4316,3870,-4787,3908,1333,1189
532176,127.62,447.3,84.5,451.425,-4319,3862,-4788,3885,1332,1186
532178,128.5,447.675,85.22,450.825,-4310,3867,-4779,3879,1329,1183
532180,127.7,447.75,84.58,451.65,-4318,3866,-4787,3887,1337,1188
532182,127.94,447.375,85.54,449.325,-4315,3863,-4774,3861,1330,1184
532184,127.06,448.125,84.74,451.65,-4324,3870,-4784,3886,1336,1187
532186,126.42,448.8,85.54,452.175,-4332,3877,-4776,3893,1339,1185
532188,127.14,447.825,85.3,450.975,-4323,3866,-4776,3879,1332,1187
532190,127.06,448.125,85.54,452.025,-4324,3869,-4775,3891,1336,1192
532192,126.34,448.125,84.34,451.8,-4331,3869,-4787,3887,1336,1189
532194,127.46,446.4,84.58,451.125,-4317,3850,-4784,3880,1331,1187
532196,126.1,447.525,84.34,451.35,-4332,3862,-4786,3882,1331,1189
532198,125.46,447.75,84.66,450.6,-4339,3864,-4781,3874,1334,1192
532200,126.5,447.075,86.1,448.725,-4326,3857,-4763,3853,1334,1184
532202,126.1,446.775,85.7,449.25,-4330,3854,-4768,3859,1335,1195
532204,125.78,447.225,85.46,450.45,-4333,3858,-4771,3873,1335,1191
532206,126.02,446.7,85.62,451.125,-4330,3852,-4770,3880,1331,1193
532208,125.22,446.925,84.9,449.025,-4338,3855,-4775,3856,1334,1190
532210,125.46,447.525,85.3,449.475,-4337,3862,-4771,3862,1335,1198
532212,125.78,446.025,85.94,449.175,-4331,3845,-4764,3859,1333,1189
532214,124.98,445.65,85.86,449.1,-4339,3840,-4764,3858,1338,1192
532216,124.82,444.9,86.1,448.65,-4339,3833,-4760,3854,1339,1196
532218,124.18,446.25,85.3,448.5,-4348,3848,-4768,3852,1341,1192
532220,124.58,444.975,86.18,448.575,-4342,3834,-4758,3854,1337,1193
532222,124.42,445.5,85.78,448.725,-4344,3840,-4764,3855,1341,1192
532224,124.34,445.95,86.58,447.6,-4345,3846,-4753,3843,1340,1195
532226,124.1,446.4,86.18,447.3,-4348,3850,-4756,3840,1340,1190
532228,124.58,446.4,86.18,446.625,-4342,3851,-4755,3832,1339,1190
532230,124.5,446.475,85.94,446.4,-4343,3853,-4758,3830,1339,1197
532232,123.54,446.175,86.74,448.275,-4353,3849,-4751,3852,1343,1194
532234,123.86,445.725,86.42,447.225,-4349,3844,-4754,3840,1340,1195
532236,123.94,446.4,85.94,446.925,-4348,3853,-4758,3837,1340,1191
532238,123.54,446.175,86.42,446.55,-4353,3850,-4753,3834,1344,1189
532240,123.22,446.475,85.38,445.35,-4356,3853,-4762,3820,1338,1193
532242,123.3,446.625,85.94,445.65,-4355,3856,-4756,3824,1345,1192
532244,122.66,445.65,87.06,445.65,-4361,3844,-4744,3825,1339,1193
532246,122.74,445.05,85.86,445.275,-4360,3838,-4757,3820,1341,1194
532248,123.14,446.625,86.1,444.225,-4358,3857,-4753,3809,1343,1191
532250,123.06,445.05,85.22,444.375,-4357,3839,-4762,3810,1337,1196
532252,122.26,444.675,85.78,443.175,-4365,3835,-4755,3797,1341,1194
532254,121.54,444.675,85.78,443.7,-4372,3835,-4756,3804,1342,1191
532256,122.1,444.15,84.98,443.625,-4366,3829,-4765,3803,1336,1192
532258,122.1,444.525,85.22,443.025,-4367,3833,-4761,3796,1342,1191
532260,121.46,444.525,85.94,445.2,-4374,3834,-4757,3821,1343,1195
532262,121.3,444.075,86.66,443.25,-4375,3829,-4746,3800,1343,1194
532264,121.54,443.775,85.94,443.325,-4372,3825,-4755,3801,1343,1193
532266,122.02,443.325,85.54,441,-4367,3821,-4756,3774,1339,1198
532268,121.7,443.25,85.94,443.25,-4370,3820,-4755,3800,1343,1192
532270,121.22,442.725,85.46,442.05,-4374,3814,-4759,3787,1341,1197
532272,121.14,443.4,85.54,441.825,-4376,3822,-4758,3785,1341,1196
532274,121.46,443.475,84.98,443.475,-4373,3823,-4766,3803,1343,1195
532276,121.22,443.7,85.86,443.55,-4377,3825,-4756,3804,1342,1192
532278,121.22,442.95,85.46,441.45,-4376,3817,-4758,3780,1339,1193
532280,120.82,442.875,85.14,442.95,-4380,3816,-4764,3797,1339,1198
532282,120.74,442.125,84.98,442.8,-4380,3808,-4766,3795,1336,1198
532284,121.62,442.125,85.7,441.15,-4371,3808,-4756,3777,1337,1194
532286,120.58,441.75,85.46,443.775,-4381,3803,-4762,3807,1334,1198
532288,120.98,440.7,85.54,443.4,-4377,3791,-4761,3802,1334,1195
532290,120.42,440.325,85.46,441.3,-4382,3787,-4759,3779,1332,1204
532292,121.22,440.925,84.66,442.05,-4375,3794,-4770,3787,1335,1194
532294,121.78,440.25,85.14,440.475,-4368,3787,-4762,3769,1334,1203
532296,120.5,440.55,84.9,439.725,-4383,3790,-4764,3761,1333,1200
532298,120.74,440.475,84.5,441.75,-4379,3788,-4770,3783,1333,1202
532300,121.14,440.1,83.94,442.875,-4375,3785,-4778,3795,1334,1200
532302,121.38,440.7,84.58,441.75,-4373,3792,-4770,3783,1338,1208
532304,122.42,439.8,85.46,442.8,-4361,3782,-4762,3795,1341,1209
532306,123.86,439.275,86.98,439.2,-4345,3777,-4741,3755,1345,1212
532308,127.14,435,90.9,435.6,-4305,3731,-4695,3717,1342,1221
532310,131.3,428.025,96.26,429.825,-4254,3654,-4631,3654,1353,1230
532312,137.46,418.575,101.78,423.75,-4177,3552,-4565,3590,1356,1234
532314,142.58,407.7,108.18,416.85,-4110,3433,-4488,3516,1360,1241
532316,151.22,397.275,114.5,402.6,-4008,3321,-4406,3359,1370,1259
532318,155.38,390.225,117.86,391.65,-3956,3245,-4357,3239,1386,1261
532320,159.38,379.5,120.5,383.1,-3902,3128,-4320,3145,1378,1263
532322,161.3,369.075,119.22,370.8,-3871,3013,-4320,3007,1354,1269
532324,165.54,363.675,119.3,361.725,-3820,2955,-4310,2906,1368,1270
532326,167.14,354.9,117.62,353.25,-3793,2859,-4318,2812,1373,1267
532328,168.5,348.525,116.74,349.125,-3773,2789,-4323,2765,1366,1259
532330,170.5,342.9,115.86,344.325,-3745,2728,-4326,2711,1359,1260
532332,173.7,336.15,115.86,337.875,-3705,2656,-4319,2640,1359,1267
532334,174.34,332.025,115.62,331.95,-3694,2611,-4315,2574,1354,1261
532336,176.82,329.175,115.22,331.725,-3664,2581,-4319,2572,1357,1263
532338,178.18,329.25,114.34,329.1,-3650,2583,-4326,2542,1359,1265
532340,179.06,331.425,113.46,328.95,-3642,2607,-4334,2540,1351,1266
532342,178.98,330.525,113.06,330.3,-3642,2597,-4340,2554,1351,1263
532344,179.38,330.225,113.54,330.375,-3638,2594,-4334,2556,1359,1264
532346,179.22,331.65,114.18,329.325,-3641,2609,-4327,2545,1370,1268
532348,178.26,329.925,114.74,330.6,-3648,2590,-4322,2559,1372,1268
532350,177.46,330.15,115.06,328.5,-3657,2592,-4316,2536,1378,1280
532352,177.62,330.525,114.9,327.825,-3656,2596,-4317,2528,1376,1277
532354,176.1,329.55,115.22,328.05,-3670,2584,-4313,2531,1381,1283
532356,174.74,330.75,115.7,327.6,-3686,2597,-4307,2526,1385,1280
532358,173.46,329.925,116.58,328.575,-3698,2587,-4300,2538,1384,1284
532360,173.46,330.3,117.22,328.425,-3698,2591,-4292,2537,1391,1281
532362,173.22,330,117.86,329.55,-3701,2588,-4287,2549,1388,1282
532364,173.06,330.6,117.94,329.7,-3703,2594,-4286,2551,1394,1284
532366,171.06,331.125,118.1,329.4,-3725,2598,-4284,2548,1393,1281
532368,171.46,330.3,117.7,329.25,-3719,2590,-4288,2546,1396,1286
532370,170.9,330.675,117.38,329.25,-3726,2594,-4291,2546,1401,1282
532372,169.7,330.9,117.94,328.8,-3738,2596,-4285,2541,1402,1280
532374,170.26,330.6,117.86,328.65,-3732,2593,-4285,2540,1400,1285
532376,170.5,330.525,117.7,328.875,-3730,2592,-4287,2542,1404,1287
532378,170.18,330.975,117.62,327.225,-3734,2597,-4286,2524,1402,1288
532380,169.54,330.825,117.94,327.75,-3740,2595,-4284,2530,1410,1285
532382,169.78,332.25,118.18,327.975,-3739,2611,-4281,2532,1414,1286
532384,169.7,332.25,117.94,327.825,-3740,2611,-4283,2531,1409,1289
532386,169.78,332.025,118.34,327,-3739,2609,-4278,2522,1413,1289
532388,169.46,332.475,118.42,327.15,-3742,2613,-4278,2524,1416,1288
532390,168.66,331.725,118.1,327.3,-3751,2605,-4281,2526,1415,1289
532392,168.82,331.125,118.5,326.7,-3748,2598,-4277,2519,1415,1293
532394,168.9,332.325,118.58,325.5,-3749,2612,-4275,2506,1417,1290
532396,168.42,331.65,118.34,325.95,-3754,2604,-4278,2511,1418,1293
532398,168.26,330.45,118.82,325.875,-3754,2591,-4273,2511,1422,1294
532400,168.26,330.15,119.46,325.5,-3754,2588,-4266,2506,1420,1291
532402,167.46,330.375,119.14,325.95,-3762,2589,-4270,2511,1416,1297
532404,167.54,328.125,119.62,326.025,-3759,2565,-4265,2512,1414,1292
532406,167.06,328.725,118.74,325.05,-3765,2571,-4273,2501,1411,1293
532408,166.58,327.75,118.98,325.35,-3769,2560,-4271,2504,1413,1295
532410,166.58,327.075,119.78,326.4,-3769,2553,-4264,2517,1411,1292
532412,166.42,328.125,119.62,326.4,-3771,2563,-4265,2516,1412,1291
532414,166.18,327.075,119.46,325.875,-3773,2552,-4266,2510,1414,1295
532416,165.22,326.775,119.38,325.725,-3783,2548,-4268,2509,1420,1297
532418,164.26,325.05,120.5,325.125,-3792,2528,-4255,2503,1417,1300
532420,164.26,326.175,119.54,325.65,-3793,2540,-4267,2507,1416,1299
532422,164.58,327.375,119.22,325.725,-3791,2554,-4270,2508,1421,1299
532424,164.98,326.175,120.42,325.5,-3786,2541,-4258,2506,1412,1303
532426,164.82,326.175,120.18,324.75,-3788,2541,-4259,2498,1411,1303
532428,163.78,326.55,120.74,325.725,-3800,2543,-4255,2508,1415,1298
532430,163.86,328.05,119.38,326.1,-3800,2561,-4270,2512,1420,1299
532432,163.94,328.05,119.7,328.125,-3801,2560,-4269,2534,1417,1296
532434,162.98,328.125,120.42,326.4,-3811,2560,-4260,2516,1420,1292
532436,163.94,328.125,119.94,328.125,-3801,2560,-4267,2534,1421,1293
532438,162.9,328.575,120.34,326.475,-3812,2565,-4261,2516,1420,1293
532440,163.22,328.35,119.94,325.725,-3810,2563,-4265,2508,1420,1293
532442,163.22,327.825,120.5,327.075,-3809,2557,-4260,2523,1414,1303
532444,162.58,328.2,119.46,327,-3817,2560,-4272,2521,1419,1299
532446,162.74,328.275,119.78,327.525,-3815,2562,-4269,2527,1421,1298
532448,162.66,327.675,120.26,327.3,-3816,2555,-4265,2525,1417,1294
532450,161.22,328.125,119.86,327.225,-3832,2559,-4269,2524,1426,1293
532452,162.26,327,120.5,326.55,-3820,2547,-4262,2517,1418,1292
532454,161.94,326.925,120.34,326.85,-3824,2546,-4264,2520,1421,1296
532456,161.62,326.85,121.54,326.55,-3827,2545,-4251,2517,1414,1293
532458,161.78,327,120.74,326.7,-3826,2547,-4260,2519,1422,1290
532460,161.94,325.725,120.02,326.25,-3824,2533,-4268,2513,1417,1293
532462,160.98,326.025,120.1,327.45,-3834,2536,-4268,2527,1420,1293
532464,161.3,326.55,120.18,326.325,-3832,2541,-4267,2514,1417,1290
532466,161.38,326.325,120.82,326.7,-3831,2539,-4261,2519,1415,1292
532468,161.06,326.025,120.5,326.25,-3834,2535,-4264,2513,1415,1293
532470,161.38,325.575,121.3,327.15,-3830,2531,-4256,2524,1416,1293
532472,161.62,325.2,121.54,325.875,-3827,2527,-4253,2510,1412,1291
532474,160.34,325.575,121.14,325.425,-3841,2531,-4256,2505,1416,1292
532476,161.3,325.5,120.98,327.225,-3831,2530,-4260,2525,1416,1292
532478,160.98,325.875,120.5,325.05,-3835,2534,-4263,2500,1414,1289
532480,160.98,325.5,120.98,325.65,-3835,2530,-4259,2507,1416,1289
532482,160.66,324.675,120.66,325.425,-3838,2521,-4262,2504,1414,1288
532484,161.86,324.525,120.18,324.15,-3825,2520,-4266,2490,1413,1284
532486,161.3,324,120.18,325.8,-3831,2513,-4268,2508,1409,1295
532488,161.22,323.55,120.58,324.525,-3831,2508,-4263,2494,1412,1288
532490,160.98,323.55,120.1,324.225,-3834,2508,-4267,2490,1410,1285
532492,161.3,323.475,120.34,323.925,-3831,2507,-4264,2487,1408,1287
532494,161.54,321.75,120.58,324.075,-3826,2488,-4262,2489,1405,1287
532496,161.86,322.875,121.14,323.625,-3823,2500,-4256,2483,1407,1285
532498,161.3,321.9,121.14,325.875,-3829,2489,-4258,2508,1408,1290
532500,160.9,322.575,120.58,324.975,-3833,2496,-4263,2498,1411,1293
532502,160.58,322.2,120.34,323.7,-3837,2492,-4264,2484,1410,1293
532504,162.66,322.35,122.42,324.15,-3815,2494,-4243,2489,1405,1287
532506,166.34,320.1,126.9,326.175,-3774,2472,-4197,2514,1396,1284
532508,174.5,318.375,132.82,324.6,-3686,2458,-4133,2501,1403,1289
532510,185.54,317.025,145.7,325.875,-3568,2450,-3998,2523,1403,1300
532512,199.06,314.25,159.54,325.5,-3422,2427,-3851,2527,1398,1300
532514,215.78,314.4,174.58,326.025,-3247,2439,-3693,2541,1415,1307
532516,230.18,314.775,190.02,325.575,-3096,2451,-3530,2545,1412,1308
532518,247.46,315.15,203.78,326.025,-2916,2466,-3385,2559,1422,1312
532520,258.5,315.375,214.18,326.475,-2800,2474,-3276,2569,1424,1308
532522,269.46,317.175,222.02,327.15,-2687,2501,-3194,2581,1420,1311
532524,277.46,316.875,225.94,326.925,-2603,2502,-3152,2581,1420,1302
532526,280.66,317.4,229.46,328.35,-2570,2510,-3117,2599,1415,1305
532528,284.26,318.45,232.18,328.65,-2533,2524,-3088,2604,1420,1306
532530,287.7,319.2,234.42,328.5,-2498,2534,-3064,2603,1426,1302
532532,291.14,320.4,236.02,330.975,-2463,2549,-3050,2632,1420,1298
532534,292.9,321.45,238.9,332.925,-2445,2562,-3021,2655,1417,1301
532536,293.94,321.45,239.3,332.625,-2434,2562,-3017,2652,1421,1299
532538,294.58,322.875,239.3,333.225,-2429,2578,-3017,2659,1424,1306
532540,294.18,322.275,239.3,333.675,-2432,2572,-3017,2663,1421,1303
532542,293.78,322.05,239.3,332.625,-2436,2569,-3016,2652,1422,1306
532544,293.7,321.975,238.58,332.175,-2437,2568,-3024,2647,1424,1305
532546,293.46,321.75,238.42,331.725,-2439,2565,-3025,2641,1424,1303
532548,293.54,321.375,238.02,329.925,-2438,2562,-3028,2622,1422,1305
532550,293.22,321.15,239.3,330.3,-2441,2559,-3014,2627,1419,1307
532552,293.3,320.85,239.3,330.825,-2440,2557,-3015,2633,1418,1304
532554,293.7,321.9,240.74,330.9,-2437,2568,-3000,2635,1421,1307
532556,293.38,322.35,239.78,331.575,-2440,2573,-3010,2642,1422,1305
532558,293.38,322.05,239.38,331.5,-2440,2570,-3015,2641,1423,1304
532560,293.14,321.225,240.26,331.275,-2443,2561,-3005,2640,1421,1308
532562,293.54,320.85,239.7,330.6,-2438,2558,-3011,2632,1421,1309
532564,293.38,321.6,240.5,330.6,-2440,2566,-3002,2633,1422,1308
532566,292.74,320.25,240.66,330.225,-2445,2551,-3000,2629,1422,1309
532568,292.98,321.375,239.86,331.5,-2444,2564,-3010,2643,1422,1304
532570,293.3,320.55,240.1,330.675,-2440,2555,-3007,2634,1420,1309
532572,293.46,319.95,239.86,329.925,-2438,2549,-3008,2626,1419,1309
532574,292.82,319.35,240.5,329.925,-2444,2542,-3002,2626,1422,1309
532576,293.54,320.175,240.42,330.15,-2438,2552,-3003,2629,1421,1312
532578,292.18,318.825,240.58,330.225,-2451,2536,-3001,2630,1423,1312
532580,292.74,318.6,240.58,330,-2445,2534,-3001,2627,1419,1311
532582,292.66,317.925,240.58,329.325,-2445,2527,-3001,2620,1418,1311
532584,292.42,317.325,240.66,328.95,-2446,2520,-2999,2616,1417,1307
532586,292.58,318,240.74,328.95,-2446,2527,-2998,2617,1421,1312
532588,292.82,317.55,240.74,328.425,-2443,2523,-2998,2610,1424,1312
532590,292.1,317.4,241.22,327.825,-2450,2521,-2992,2604,1422,1309
532592,292.34,317.25,241.22,327.3,-2447,2519,-2991,2598,1423,1312
532594,292.42,316.05,240.82,327.15,-2445,2506,-2996,2597,1420,1312
532596,292.58,316.8,241.14,327.675,-2444,2515,-2992,2603,1423,1311
532598,292.1,317.85,241.86,327,-2450,2526,-2984,2595,1424,1316
532600,292.58,317.85,240.42,326.925,-2445,2526,-2999,2594,1423,1314
532602,291.3,316.8,241.54,328.275,-2457,2513,-2989,2609,1418,1309
532604,291.62,317.85,241.62,327.75,-2455,2525,-2987,2603,1423,1313
532606,290.74,317.4,241.06,326.925,-2464,2520,-2993,2594,1422,1313
532608,291.38,316.725,242.02,327.45,-2456,2512,-2983,2600,1421,1315
532610,291.94,316.8,241.46,327.225,-2450,2513,-2988,2597,1425,1317
532612,290.5,317.475,241.94,326.55,-2465,2520,-2982,2590,1428,1321
532614,291.06,317.775,241.86,327,-2460,2524,-2983,2595,1427,1320
532616,290.58,318.075,241.86,326.7,-2464,2527,-2982,2591,1429,1317
532618,291.22,318.975,242.18,325.275,-2459,2537,-2978,2576,1427,1313
532620,290.98,317.475,241.7,326.1,-2460,2521,-2984,2585,1423,1315
532622,290.42,318.15,242.34,324.9,-2466,2527,-2975,2572,1432,1322
532624,291.46,317.85,242.42,325.05,-2455,2525,-2975,2574,1425,1319
532626,290.42,319.5,242.02,325.2,-2467,2542,-2979,2575,1432,1314
532628,291.38,317.775,242.18,325.95,-2455,2524,-2978,2584,1426,1323
532630,291.62,317.85,242.1,325.2,-2453,2525,-2978,2576,1426,1315
532632,290.9,318.075,242.9,324.375,-2460,2527,-2968,2568,1428,1318
532634,290.82,318,242.74,324.225,-2461,2527,-2970,2566,1429,1322
532636,291.3,316.95,243.78,324.3,-2455,2516,-2959,2567,1425,1319
532638,291.14,316.65,242.9,325.5,-2456,2512,-2970,2580,1426,1319
532640,290.74,317.4,243.14,324.075,-2461,2521,-2965,2565,1430,1320
532642,292.18,315.75,243.3,324.15,-2444,2503,-2964,2566,1426,1316
532644,290.58,315.9,243.38,323.475,-2461,2504,-2962,2559,1429,1318
532646,291.62,315.6,243.22,325.5,-2450,2502,-2965,2581,1430,1320
532648,290.66,316.95,242.66,326.025,-2461,2517,-2971,2587,1428,1323
532650,290.34,317.1,242.58,326.7,-2464,2518,-2973,2595,1432,1325
532652,291.38,316.125,243.22,325.425,-2452,2509,-2965,2581,1430,1324
532654,291.22,315.975,243.3,325.35,-2454,2507,-2964,2581,1427,1324
532656,290.98,316.425,243.46,326.175,-2456,2513,-2963,2590,1430,1323
532658,290.18,316.875,242.66,325.575,-2466,2517,-2971,2584,1436,1326
532660,289.14,317.325,243.06,324.825,-2476,2522,-2966,2576,1432,1325
532662,289.78,316.95,242.74,326.175,-2469,2518,-2971,2591,1435,1328
532664,289.54,317.25,242.1,326.1,-2472,2522,-2977,2590,1432,1321
532666,288.98,316.95,243.06,325.2,-2479,2519,-2967,2581,1434,1328
532668,289.06,317.475,244.02,325.8,-2478,2525,-2957,2589,1433,1326
532670,288.9,317.1,243.22,326.55,-2479,2521,-2966,2596,1433,1328
532672,288.9,317.175,243.86,326.775,-2479,2523,-2960,2601,1433,1325
532674,289.22,317.55,243.54,326.1,-2476,2527,-2962,2593,1436,1328
532676,289.3,318.225,243.46,326.85,-2476,2536,-2964,2602,1436,1329
532678,289.06,317.85,243.38,326.625,-2478,2531,-2965,2599,1438,1331
532680,290.1,317.775,244.66,327.3,-2467,2532,-2952,2608,1434,1336
532682,289.22,317.4,244.02,327.525,-2476,2528,-2959,2610,1437,1333
532684,289.22,317.55,244.5,326.1,-2477,2530,-2953,2596,1434,1334
532686,290.18,317.325,244.58,327,-2467,2528,-2952,2606,1433,1332
532688,289.54,317.25,244.66,326.85,-2473,2527,-2952,2605,1433,1337
532690,289.78,317.55,244.82,325.95,-2471,2531,-2949,2596,1434,1334
532692,290.1,317.85,245.62,326.475,-2467,2535,-2941,2602,1434,1336
532694,289.78,317.4,244.98,326.325,-2470,2530,-2947,2600,1437,1336
532696,289.46,316.875,245.06,325.875,-2473,2524,-2946,2596,1438,1332
532698,289.3,317.1,245.3,326.175,-2475,2527,-2944,2600,1435,1336
532700,289.86,317.1,244.58,325.425,-2469,2528,-2951,2591,1436,1333
532702,289.3,316.2,244.18,324.525,-2474,2518,-2954,2581,1437,1334
532704,289.3,315.45,245.38,325.725,-2473,2509,-2942,2595,1433,1340
532706,289.3,315.45,244.5,325.125,-2473,2509,-2951,2588,1437,1335
532708,289.06,315.825,244.42,323.85,-2476,2513,-2950,2573,1435,1333
532710,288.9,313.8,244.98,323.175,-2475,2491,-2944,2567,1439,1341
532712,288.98,313.425,244.42,323.25,-2473,2486,-2949,2567,1439,1347
532714,289.7,312.525,244.66,323.325,-2465,2477,-2947,2567,1440,1343
532716,288.34,315.075,245.38,323.1,-2482,2503,-2939,2564,1445,1343
532718,289.46,312.975,245.86,322.05,-2469,2481,-2933,2553,1439,1345
532720,289.7,312.225,245.46,322.95,-2466,2471,-2938,2562,1442,1343
532722,288.98,313.35,245.14,321.6,-2474,2483,-2940,2547,1436,1341
532724,288.58,311.475,243.86,323.1,-2476,2461,-2955,2561,1444,1343
532726,288.42,312.45,243.06,323.775,-2479,2472,-2964,2568,1443,1340
532728,286.26,316.35,239.94,323.85,-2505,2512,-2997,2566,1440,1345
532730,281.86,317.25,236.02,326.325,-2552,2519,-3040,2590,1434,1343
532732,279.38,319.125,232.02,328.05,-2579,2536,-3084,2605,1428,1341
532734,274.42,321.3,225.94,329.925,-2633,2557,-3149,2622,1434,1348
532736,273.22,322.95,223.3,332.1,-2647,2572,-3180,2642,1430,1342
532738,271.94,323.025,222.34,331.725,-2661,2572,-3190,2638,1434,1342
532740,271.86,322.875,222.18,333,-2662,2568,-3193,2649,1429,1349
532742,270.58,322.875,223.22,330.675,-2676,2568,-3180,2624,1435,1343
532744,270.74,323.025,223.86,332.475,-2674,2567,-3175,2643,1435,1347
532746,271.38,323.4,223.38,333.3,-2668,2572,-3181,2652,1439,1350
532748,270.9,323.4,224.9,333.225,-2674,2569,-3165,2649,1438,1344
532750,272.02,324.225,224.9,333.45,-2663,2580,-3166,2653,1438,1350
532752,272.1,324.75,224.42,334.05,-2663,2583,-3173,2656,1436,1349
532754,272.5,324.15,224.26,334.275,-2659,2577,-3174,2659,1437,1349
532756,272.66,324.675,225.14,333.825,-2658,2581,-3166,2653,1434,1349
532758,271.38,323.1,224.9,335.175,-2670,2563,-3169,2668,1438,1353
532760,272.18,323.55,225.3,336.225,-2663,2567,-3167,2678,1436,1357
532762,270.82,322.875,225.78,336.375,-2677,2559,-3162,2680,1437,1355
532764,271.14,322.5,225.54,336.375,-2673,2554,-3166,2679,1434,1359
532766,271.7,323.775,225.06,336.75,-2669,2568,-3171,2683,1441,1356
532768,271.7,323.775,224.98,337.2,-2670,2567,-3172,2686,1440,1359
532770,271.22,322.95,224.34,338.25,-2674,2558,-3181,2698,1436,1362
532772,271.62,323.925,226.42,337.8,-2671,2569,-3159,2693,1436,1365
532774,271.22,323.625,226.42,337.275,-2676,2565,-3159,2687,1440,1363
532776,271.46,323.7,227.22,339.075,-2673,2565,-3152,2707,1438,1370
532778,270.82,324.6,227.06,338.7,-2681,2575,-3154,2703,1442,1363
532780,271.3,325.575,226.98,339.6,-2677,2586,-3156,2712,1443,1364
532782,271.78,324.375,225.62,339.9,-2671,2572,-3171,2715,1441,1371
532784,271.54,325.725,226.9,339.825,-2676,2588,-3158,2715,1440,1377
532786,271.38,325.125,228.18,338.85,-2677,2581,-3144,2705,1447,1374
532788,271.46,325.65,226.5,339.225,-2677,2586,-3162,2708,1449,1374
532790,271.3,325.2,227.62,339.15,-2678,2582,-3150,2708,1445,1372
532792,271.46,325.8,227.46,339.6,-2678,2588,-3153,2713,1451,1367
532794,271.22,324.3,227.38,338.025,-2679,2572,-3152,2696,1444,1377
532796,271.3,325.575,227.86,339.225,-2679,2586,-3149,2709,1449,1379
532798,271.06,325.05,228.02,338.325,-2682,2580,-3145,2700,1448,1378
532800,270.82,324.6,226.82,337.875,-2683,2575,-3157,2694,1446,1377
532802,271.54,325.125,227.78,336.3,-2676,2582,-3146,2678,1447,1380
532804,271.86,324.3,227.54,337.575,-2672,2573,-3150,2692,1445,1377
532806,271.94,325.125,227.14,336.45,-2672,2582,-3153,2679,1448,1386
532808,271.06,324.45,228.1,336.825,-2680,2575,-3142,2684,1447,1379
532810,270.74,323.4,227.22,338.025,-2683,2563,-3153,2696,1444,1385
532812,270.66,323.25,227.62,337.2,-2683,2561,-3148,2688,1441,1383
532814,270.34,324.075,228.58,336.075,-2687,2570,-3137,2676,1447,1385
532816,270.58,323.85,227.06,336.375,-2684,2568,-3152,2679,1445,1388
532818,270.9,324.15,227.14,335.4,-2681,2572,-3150,2668,1448,1387
532820,270.34,324.6,227.14,336.75,-2687,2576,-3152,2683,1447,1386
532822,270.1,323.25,227.22,337.2,-2688,2561,-3152,2688,1446,1384
532824,270.5,324.225,226.66,336.75,-2684,2572,-3156,2682,1450,1386
532826,270.42,324.975,227.22,336.525,-2686,2580,-3151,2681,1450,1393
532828,270.18,324.375,227.54,336.9,-2687,2574,-3148,2685,1448,1391
532830,270.66,323.925,227.38,334.875,-2682,2569,-3147,2663,1446,1386
532832,270.34,324,227.38,336.975,-2686,2569,-3149,2686,1447,1386
532834,269.94,324,227.94,335.25,-2689,2569,-3141,2667,1451,1387
532836,270.34,324.075,228.02,333.525,-2686,2570,-3138,2648,1449,1386
532838,270.66,323.175,228.26,334.65,-2681,2560,-3137,2660,1450,1383
532840,270.42,322.65,227.14,335.625,-2683,2555,-3149,2670,1450,1390
532842,270.58,323.175,227.54,335.1,-2682,2560,-3145,2665,1449,1386
532844,270.26,322.875,228.26,334.65,-2685,2557,-3136,2660,1445,1387
532846,269.86,322.425,228.26,334.65,-2688,2552,-3136,2660,1450,1386
532848,270.26,322.35,227.46,334.275,-2684,2551,-3144,2655,1448,1384
532850,270.74,322.35,228.1,335.7,-2679,2551,-3139,2672,1448,1394
532852,270.66,322.725,227.54,334.425,-2679,2555,-3144,2657,1448,1388
532854,270.98,322.575,227.62,334.875,-2676,2554,-3143,2662,1449,1392
532856,271.3,322.575,227.78,335.55,-2673,2554,-3142,2669,1450,1391
532858,271.3,324,227.86,334.425,-2674,2570,-3140,2657,1450,1393
532860,271.14,322.8,227.86,336.3,-2675,2557,-3141,2678,1450,1397
532862,270.5,323.175,227.06,336.3,-2681,2560,-3150,2677,1450,1399
532864,271.94,324.075,228.34,335.55,-2668,2571,-3136,2670,1452,1393
532866,271.22,323.7,228.02,335.625,-2674,2567,-3139,2671,1450,1394
532868,270.58,323.925,227.46,335.775,-2681,2569,-3145,2672,1455,1396
532870,270.66,324.375,227.54,334.8,-2680,2574,-3143,2662,1454,1392
532872,267.38,323.1,225.54,334.5,-2713,2558,-3164,2657,1455,1394
532874,261.86,322.275,219.7,331.65,-2770,2545,-3222,2622,1454,1394
532876,253.94,319.125,211.78,327,-2850,2506,-3300,2566,1456,1392
532878,243.94,314.55,201.14,319.425,-2951,2449,-3405,2476,1457,1402
532880,234.34,304.8,190.74,310.8,-3041,2337,-3505,2375,1457,1410
532882,224.02,292.05,180.02,302.85,-3137,2192,-3609,2282,1458,1407
532884,214.74,283.275,172.5,294.525,-3225,2090,-3680,2185,1445,1403
532886,205.7,275.85,161.22,284.175,-3312,2003,-3788,2065,1439,1400
532888,201.38,272.625,152.9,278.325,-3354,1965,-3869,1995,1438,1402
532890,194.58,267.45,144.02,273.45,-3420,1904,-3958,1936,1431,1396
532892,190.02,265.5,137.14,268.5,-3466,1880,-4025,1878,1420,1390
532894,185.94,261.9,130.18,264.3,-3505,1838,-4093,1828,1417,1380
532896,182.82,259.725,124.98,261,-3535,1812,-4144,1788,1414,1378
532898,181.94,258.675,122.42,260.7,-3544,1800,-4171,1783,1412,1383
532900,183.3,259.575,121.38,261.375,-3530,1810,-4182,1789,1407,1377
532902,185.7,259.725,124.74,261.3,-3505,1814,-4147,1790,1411,1387
532904,187.3,260.7,126.82,263.25,-3489,1824,-4127,1813,1418,1387
532906,186.98,260.775,127.78,262.575,-3492,1825,-4116,1806,1437,1394
532908,187.22,260.7,129.22,262.65,-3489,1824,-4100,1807,1446,1400
532910,187.14,260.325,129.62,262.125,-3490,1820,-4096,1801,1453,1401
532912,187.46,259.65,130.18,261.75,-3486,1812,-4089,1797,1451,1403
532914,187.38,258.675,133.14,260.475,-3485,1801,-4057,1785,1453,1401
532916,192.9,258.375,138.34,262.125,-3427,1801,-4004,1806,1450,1399
532918,200.42,258.975,147.62,264.825,-3349,1812,-3909,1841,1451,1404
532920,212.34,262.125,160.66,270.6,-3227,1854,-3778,1912,1452,1397
532922,230.42,263.325,177.94,274.5,-3040,1879,-3600,1966,1450,1403
532924,250.26,267.525,200.34,280.425,-2837,1936,-3372,2044,1461,1403
532926,274.82,272.325,224.34,288.6,-2586,2004,-3129,2148,1470,1408
532928,300.82,279.225,252.42,293.625,-2322,2095,-2840,2221,1468,1416
532930,328.42,283.95,280.74,296.475,-2040,2164,-2547,2270,1472,1419
532932,356.82,287.1,307.22,297,-1749,2217,-2271,2292,1478,1425
532934,383.62,288.15,334.1,299.325,-1473,2244,-1994,2334,1489,1432
532936,411.86,289.95,360.74,301.125,-1183,2282,-1720,2371,1479,1432
532938,437.22,289.425,386.34,303.075,-921,2292,-1457,2408,1482,1433
532940,462.5,288.975,412.74,304.2,-661,2303,-1184,2437,1485,1446
532942,487.7,286.275,437.78,306,-401,2290,-928,2472,1485,1450
532944,511.14,285.375,463.54,306.225,-161,2295,-663,2491,1481,1445
532946,534.98,284.025,486.66,310.2,81,2296,-429,2548,1480,1444
532948,557.7,284.475,507.46,312.825,313,2315,-218,2589,1476,1441
532950,578.9,284.475,525.62,313.425,528,2328,-33,2606,1474,1447
532952,597.06,284.925,539.86,313.575,712,2344,112,2617,1471,1435
532954,609.62,284.475,548.18,314.85,839,2347,196,2636,1474,1437
532956,615.62,283.35,551.46,315.6,901,2339,229,2646,1477,1432
532958,618.1,283.125,552.74,315.45,926,2338,242,2646,1477,1439
532960,617.3,281.25,550.74,314.1,919,2318,223,2630,1479,1442
532962,614.82,279.525,549.78,312.825,895,2298,214,2615,1484,1446
532964,613.94,277.875,549.14,310.5,888,2280,209,2590,1488,1447
532966,613.46,277.425,550.58,310.95,882,2275,223,2596,1492,1450
532968,614.74,277.125,553.46,310.05,896,2272,254,2589,1491,1450
532970,616.42,278.325,555.14,311.1,912,2286,270,2601,1488,1448
532972,617.86,279.075,556.82,312.075,926,2295,286,2612,1488,1445
532974,619.38,277.875,557.7,311.55,942,2284,296,2607,1485,1448
532976,619.78,279.45,558.26,312.375,945,2300,301,2616,1484,1447
532978,618.34,279.525,556.82,311.625,930,2300,287,2607,1485,1446
532980,617.94,279.15,556.42,310.8,927,2296,284,2598,1488,1447
532982,617.46,280.05,555.62,312.075,921,2305,274,2611,1489,1445
532984,616.5,280.35,556.26,311.4,911,2308,281,2605,1490,1451
532986,616.74,279.75,555.38,310.5,914,2301,273,2594,1492,1447
532988,616.02,280.2,555.54,310.875,906,2305,274,2598,1492,1447
532990,615.78,279,556.34,311.25,904,2292,281,2602,1491,1450
532992,614.98,280.275,556.5,311.775,895,2305,282,2608,1491,1447
532994,614.02,278.7,556.82,310.05,886,2288,287,2589,1492,1452
532996,613.86,277.725,556.82,311.1,885,2277,286,2601,1492,1452
532998,613.86,278.325,557.7,310.05,885,2284,295,2589,1493,1446
533000,613.86,277.65,557.78,310.65,885,2276,295,2596,1493,1450
533002,613.46,277.425,558.58,311.625,880,2273,303,2607,1495,1462
533004,614.18,277.5,559.3,308.925,888,2274,312,2578,1494,1457
533006,613.86,276.75,559.14,313.05,885,2266,307,2622,1494,1469
533008,613.46,276.75,559.3,310.875,880,2265,309,2598,1496,1464
533010,613.94,277.425,559.38,309.375,885,2273,311,2582,1494,1455
533012,613.14,277.275,558.5,309.525,876,2269,302,2582,1496,1457
533014,614.26,276.525,558.98,309,888,2262,307,2577,1497,1454
533016,614.02,276.675,559.94,307.8,885,2263,317,2563,1501,1447
533018,613.94,276.525,560.18,307.2,884,2261,320,2557,1495,1455
533020,613.86,275.775,560.74,307.5,883,2252,325,2560,1500,1453
533022,614.1,275.85,561.06,305.175,885,2253,330,2535,1503,1449
533024,613.46,275.25,561.22,305.25,879,2246,330,2535,1500,1450
533026,613.22,274.95,560.74,307.2,877,2242,325,2556,1502,1456
533028,614.42,275.475,562.82,306.375,888,2248,346,2547,1502,1451
533030,614.58,274.425,562.26,305.85,890,2236,340,2541,1503,1454
533032,613.78,274.8,562.26,306.225,881,2240,339,2545,1501,1458
533034,613.62,274.875,563.38,305.025,879,2240,351,2532,1508,1451
533036,614.02,274.425,563.22,305.475,883,2235,349,2537,1503,1446
533038,614.02,274.575,562.98,305.7,882,2237,346,2539,1506,1452
533040,613.38,273.825,562.66,305.7,876,2227,342,2539,1510,1455
533042,613.22,273.675,562.42,305.625,874,2226,340,2538,1509,1449
533044,613.38,274.8,562.82,306.225,875,2237,342,2543,1509,1455
533046,613.46,274.65,564.34,303.3,875,2236,360,2513,1513,1447
533048,614.02,275.25,564.58,305.475,880,2243,360,2536,1511,1451
533050,613.54,275.325,563.94,306.6,875,2243,353,2548,1508,1450
533052,613.94,275.475,564.74,304.575,878,2245,362,2526,1508,1449
533054,614.42,274.125,564.58,304.5,883,2230,360,2525,1511,1451
533056,613.62,274.275,565.14,304.8,874,2231,364,2529,1511,1453
533058,613.38,274.35,565.46,305.475,873,2232,367,2536,1512,1447
533060,613.94,274.125,565.78,303.75,877,2230,371,2518,1512,1447
533062,612.9,275.475,565.54,304.725,867,2243,368,2528,1507,1451
533064,614.66,273.6,565.78,305.175,885,2225,370,2533,1511,1446
533066,613.7,275.025,566.18,306,874,2239,373,2543,1512,1449
533068,614.02,275.025,565.22,305.4,877,2239,364,2536,1509,1449
533070,613.86,274.5,565.7,306.825,875,2234,368,2551,1512,1455
533072,612.34,273.15,566.82,305.1,861,2218,379,2534,1516,1447
533074,613.22,273.075,566.66,303.75,870,2218,379,2519,1515,1450
533076,613.62,272.4,566.26,303.75,873,2211,374,2519,1516,1448
533078,612.98,272.925,566.98,303.3,866,2217,382,2515,1514,1449
533080,613.22,274.725,567.3,304.2,867,2236,384,2524,1510,1445
533082,613.62,272.025,567.86,304.275,873,2208,389,2525,1517,1443
533084,612.9,272.775,567.54,302.175,864,2215,387,2503,1513,1442
533086,613.14,271.875,567.78,302.475,868,2205,389,2506,1518,1444
533088,613.38,271.575,568.66,301.125,869,2203,398,2492,1519,1438
533090,613.3,271.425,568.9,302.925,868,2200,399,2512,1516,1440
533092,613.46,271.575,569.46,302.325,869,2202,404,2506,1515,1438
533094,613.38,271.425,568.9,301.95,869,2201,399,2501,1518,1436
533096,612.82,270.9,568.74,302.025,862,2195,397,2502,1514,1442
533098,613.54,270.15,568.66,302.025,870,2187,396,2501,1517,1444
533100,612.66,270.825,568.66,301.275,860,2194,396,2494,1518,1435
533102,611.78,269.775,569.38,302.325,852,2182,403,2506,1524,1457
533104,612.74,270.075,568.82,303.75,861,2186,396,2520,1523,1459
533106,613.7,271.05,570.1,302.925,870,2197,409,2512,1522,1451
533108,615.54,270.75,572.42,304.65,889,2194,431,2532,1520,1456
533110,623.22,274.125,577.46,307.5,964,2235,481,2566,1516,1458
533112,632.74,278.55,587.14,312.225,1057,2288,575,2622,1509,1460
533114,645.3,283.5,598.02,322.575,1181,2349,680,2741,1507,1452
533116,660.98,291,610.98,333,1334,2438,805,2861,1504,1457
533118,676.98,299.925,NaN,NaN,1490,2544,NaN,NaN,1486,0
533120,693.06,305.475,NaN,NaN,1648,2613,NaN,NaN,1491,0
533122,707.78,307.8,NaN,NaN,1795,2646,NaN,NaN,1486,0
533124,722.58,309.975,NaN,NaN,1943,2679,NaN,NaN,1482,0
533126,732.5,311.1,NaN,NaN,2041,2696,NaN,NaN,1472,0
533128,742.34,312.075,NaN,NaN,2139,2713,NaN,NaN,1463,0
533130,749.22,314.85,NaN,NaN,2207,2746,NaN,NaN,1453,0
533132,756.1,317.475,NaN,NaN,2274,2779,NaN,NaN,1444,0
533134,758.18,319.05,NaN,NaN,2295,2797,NaN,NaN,1441,0
533136,760.34,320.55,NaN,NaN,2315,2815,NaN,NaN,1438,0
533138,758.18,321.675,NaN,NaN,2293,2826,NaN,NaN,1437,0
533140,756.1,322.725,NaN,NaN,2272,2836,NaN,NaN,1436,0
533142,755.54,321.75,NaN,NaN,2266,2825,NaN,NaN,1439,0
533144,754.98,320.7,NaN,NaN,2261,2814,NaN,NaN,1443,0
533146,755.22,320.4,NaN,NaN,2264,2811,NaN,NaN,1443,0
533148,755.46,319.95,NaN,NaN,2266,2807,NaN,NaN,1444,0
533150,755.54,320.25,NaN,NaN,2267,2810,NaN,NaN,1442,0
533152,755.7,320.4,NaN,NaN,2268,2812,NaN,NaN,1440,0
533154,755.54,321.075,NaN,NaN,2267,2820,NaN,NaN,1436,0
533156,755.54,321.75,NaN,NaN,2266,2827,NaN,NaN,1434,0
533158,755.22,322.2,NaN,NaN,2262,2832,NaN,NaN,1433,0
533160,754.9,322.65,NaN,NaN,2259,2837,NaN,NaN,1433,0
533162,754.18,322.875,NaN,NaN,2252,2839,NaN,NaN,1433,0
533164,753.54,323.025,NaN,NaN,2245,2841,NaN,NaN,1433,0
533166,753.54,322.65,701.3,384.9,2245,2837,1689,3478,1434,1434
533168,753.54,322.275,701.3,384.825,2245,2833,1689,3478,1435,1434
533170,753.22,322.35,701.3,384.825,2242,2833,1689,3478,1435,1434
533172,752.98,322.425,NaN,NaN,2239,2834,NaN,NaN,1435,0
533174,753.46,322.125,NaN,NaN,2244,2831,NaN,NaN,1437,0
533176,752.82,322.275,NaN,NaN,2238,2833,NaN,NaN,1434,0
533178,752.18,322.425,NaN,NaN,2232,2835,NaN,NaN,1432,0
533180,752.26,322.575,NaN,NaN,2232,2836,NaN,NaN,1433,0
533182,752.34,322.65,NaN,NaN,2233,2837,NaN,NaN,1434,0
533184,752.26,322.125,NaN,NaN,2232,2831,NaN,NaN,1433,0
533186,752.1,321.6,NaN,NaN,2231,2825,NaN,NaN,1433,0
533188,752.18,322.05,NaN,NaN,2232,2831,NaN,NaN,1433,0
533190,752.26,322.5,NaN,NaN,2232,2836,NaN,NaN,1433,0
533192,751.78,322.2,NaN,NaN,2227,2832,NaN,NaN,1433,0
533194,751.22,321.9,NaN,NaN,2222,2828,NaN,NaN,1434,0
533196,751.54,322.125,NaN,NaN,2225,2830,NaN,NaN,1434,0
533198,751.78,322.275,NaN,NaN,2228,2833,NaN,NaN,1434,0
533200,751.7,322.35,NaN,NaN,2227,2833,NaN,NaN,1433,0
533202,751.54,322.425,NaN,NaN,2225,2834,NaN,NaN,1433,0
533204,751.7,322.125,NaN,NaN,2227,2831,NaN,NaN,1433,0
533206,751.86,321.9,NaN,NaN,2229,2828,NaN,NaN,1434,0
533208,752.02,321.9,NaN,NaN,2230,2828,NaN,NaN,1432,0
533210,752.1,321.9,NaN,NaN,2232,2828,NaN,NaN,1431,0
533212,751.3,323.775,NaN,NaN,2223,2848,NaN,NaN,1436,0
533214,750.42,325.65,NaN,NaN,2213,2867,NaN,NaN,1442,0
533216,750.42,325.875,NaN,NaN,2213,2870,NaN,NaN,1442,0
533218,750.34,326.175,NaN,NaN,2213,2873,NaN,NaN,1443,0
533220,750.18,326.55,NaN,NaN,2211,2877,NaN,NaN,1444,0
533222,750.02,326.925,NaN,NaN,2209,2881,NaN,NaN,1446,0
533224,749.38,327.825,NaN,NaN,2203,2890,NaN,NaN,1446,0
533226,748.74,328.725,NaN,NaN,2196,2900,NaN,NaN,1448,0
533228,748.9,328.95,NaN,NaN,2198,2902,NaN,NaN,1447,0
533230,749.06,329.1,NaN,NaN,2199,2904,NaN,NaN,1447,0
533232,748.58,329.4,NaN,NaN,2195,2906,NaN,NaN,1444,0
533234,748.18,329.625,NaN,NaN,2190,2909,NaN,NaN,1443,0
533236,748.26,329.925,NaN,NaN,2191,2912,NaN,NaN,1443,0
533238,748.26,330.225,NaN,NaN,2191,2916,NaN,NaN,1444,0
533240,748.42,329.85,NaN,NaN,2193,2912,NaN,NaN,1443,0
533242,748.58,329.4,NaN,NaN,2194,2907,NaN,NaN,1442,0
533244,748.42,329.55,NaN,NaN,2193,2909,NaN,NaN,1441,0
533246,748.34,329.7,NaN,NaN,2192,2910,NaN,NaN,1441,0
533248,748.26,330.375,NaN,NaN,2191,2918,NaN,NaN,1442,0
533250,748.1,331.05,NaN,NaN,2189,2925,NaN,NaN,1445,0
533252,748.74,330.15,NaN,NaN,2196,2916,NaN,NaN,1441,0
533254,749.38,329.25,NaN,NaN,2202,2907,NaN,NaN,1438,0
533256,749.06,329.4,NaN,NaN,2200,2909,NaN,NaN,1437,0
533258,748.82,329.55,NaN,NaN,2197,2910,NaN,NaN,1437,0
533260,748.5,329.925,NaN,NaN,2193,2913,NaN,NaN,1437,0
533262,748.1,330.15,NaN,NaN,2190,2917,NaN,NaN,1439,0
533264,748.1,329.925,NaN,NaN,2190,2914,NaN,NaN,1437,0
533266,748.1,329.55,NaN,NaN,2190,2911,NaN,NaN,1435,0
533268,747.7,329.625,NaN,NaN,2186,2911,NaN,NaN,1435,0
533270,747.3,329.625,NaN,NaN,2182,2911,NaN,NaN,1436,0
533272,747.38,329.4,NaN,NaN,2183,2909,NaN,NaN,1434,0
533274,747.46,329.175,NaN,NaN,2184,2907,NaN,NaN,1432,0
533276,748.02,328.875,NaN,NaN,2189,2904,NaN,NaN,1431,0
533278,748.58,328.5,NaN,NaN,2195,2901,NaN,NaN,1430,0
533280,748.26,328.35,NaN,NaN,2192,2899,NaN,NaN,1428,0
533282,748.02,328.125,NaN,NaN,2189,2897,NaN,NaN,1428,0
533284,748.18,328.725,NaN,NaN,2190,2903,NaN,NaN,1428,0
533286,748.34,329.25,NaN,NaN,2192,2910,NaN,NaN,1429,0
533288,748.02,329.925,NaN,NaN,2189,2917,NaN,NaN,1431,0
533290,747.7,330.525,NaN,NaN,2185,2924,NaN,NaN,1434,0
533292,747.78,330.375,NaN,NaN,2186,2922,NaN,NaN,1430,0
533294,747.94,330.15,NaN,NaN,2187,2920,NaN,NaN,1428,0
533296,748.02,331.05,NaN,NaN,2188,2930,NaN,NaN,1428,0
533298,748.18,331.95,NaN,NaN,2189,2940,NaN,NaN,1429,0
533300,748.26,332.25,NaN,NaN,2189,2944,NaN,NaN,1430,0
533302,748.26,332.55,NaN,NaN,2190,2947,NaN,NaN,1431,0
533304,747.86,332.175,NaN,NaN,2185,2943,NaN,NaN,1427,0
533306,747.38,331.8,NaN,NaN,2181,2939,NaN,NaN,1424,0
533308,747.78,332.775,NaN,NaN,2184,2950,NaN,NaN,1427,0
533310,748.1,333.75,NaN,NaN,2187,2961,NaN,NaN,1432,0
533312,744.66,333.075,NaN,NaN,2152,2951,NaN,NaN,1425,0
533314,741.22,332.325,NaN,NaN,2118,2942,NaN,NaN,1418,0
533316,732.74,330.15,NaN,NaN,2034,2914,NaN,NaN,1415,0
533318,724.42,328.05,NaN,NaN,1951,2886,NaN,NaN,1413,0
533320,709.54,324.3,NaN,NaN,1804,2837,NaN,NaN,1419,0
533322,694.74,320.475,NaN,NaN,1657,2787,NaN,NaN,1426,0
533324,676.26,315.225,620.98,348.225,1473,2720,896,3043,1429,1387
533326,657.7,309.825,621.06,348.225,1289,2651,896,3043,1433,1387
533328,645.06,306.075,605.22,342.675,1163,2603,739,2974,1424,1385
533330,632.34,302.325,589.54,336.975,1037,2555,582,2903,1417,1385
533332,624.34,299.775,575.38,332.625,957,2523,441,2847,1402,1383
533334,614.66,295.575,563.86,333.6,862,2472,323,2852,1408,1389
533336,607.46,294,553.46,330.15,790,2450,219,2807,1418,1392
533338,601.94,293.4,543.86,327.975,735,2440,122,2778,1414,1395
533340,594.5,292.575,536.58,324.3,659,2426,50,2733,1416,1395
533342,591.7,293.475,528.98,323.175,631,2434,-26,2717,1416,1402
533344,590.34,294.075,526.34,322.725,616,2439,-53,2709,1410,1395
533346,590.18,293.85,526.02,321.225,614,2436,-56,2692,1411,1389
533348,590.58,293.625,525.94,320.7,618,2433,-57,2686,1413,1390
533350,591.06,292.8,525.94,320.25,624,2424,-56,2681,1413,1394
533352,591.46,292.725,526.82,318,627,2422,-46,2656,1415,1395
533354,591.62,291.675,527.38,318.15,629,2411,-41,2658,1417,1396
533356,591.14,290.7,527.62,317.925,624,2399,-38,2655,1415,1390
533358,590.26,291.525,526.18,317.7,614,2407,-53,2651,1415,1392
533360,589.3,291.45,527.06,316.5,604,2404,-44,2637,1415,1386
533362,587.78,290.775,526.02,316.35,589,2397,-55,2635,1417,1395
533364,587.54,291.3,527.06,318.3,586,2400,-46,2656,1416,1397
533366,587.06,291.075,526.58,317.25,581,2398,-50,2644,1420,1395
533368,587.54,291.675,526.98,317.85,585,2403,-47,2649,1418,1398
533370,586.82,290.325,527.46,318.45,578,2389,-43,2655,1424,1395
533372,587.38,291.3,527.38,317.925,583,2397,-44,2649,1421,1394
533374,586.1,291.075,527.62,317.85,570,2394,-42,2648,1420,1396
533376,585.46,290.85,529.22,316.275,563,2390,-25,2631,1417,1389
533378,586.18,291.15,528.26,316.875,570,2395,-35,2637,1420,1389
533380,585.38,290.7,528.66,317.175,561,2388,-32,2640,1415,1390
533382,586.26,290.7,528.82,316.275,570,2389,-30,2630,1412,1389
533384,586.42,290.4,529.06,317.1,571,2384,-29,2637,1414,1387
533386,586.74,290.625,528.5,316.8,574,2386,-34,2634,1413,1387
533388,586.9,291.15,529.22,315.975,575,2391,-27,2624,1412,1386
533390,586.74,291.3,530.74,315.375,573,2393,-11,2619,1413,1381
533392,586.74,291.075,529.7,315.3,573,2390,-22,2616,1411,1382
533394,586.18,291,530.66,314.7,567,2389,-12,2611,1413,1387
533396,586.98,291.15,530.98,314.25,575,2390,-9,2606,1412,1382
533398,587.14,290.55,531.54,314.7,577,2384,-3,2611,1410,1382
533400,586.1,291.225,530.26,315.825,565,2391,-17,2622,1414,1388
533402,586.98,290.4,530.66,316.575,575,2382,-14,2630,1414,1384
533404,586.42,290.7,531.22,314.925,569,2385,-7,2613,1413,1385
533406,585.94,291.6,531.06,315.525,563,2394,-9,2619,1416,1382
533408,585.94,291.525,531.3,315.15,563,2394,-7,2615,1416,1388
533410,586.1,290.4,532.18,314.7,566,2381,2,2610,1410,1381
533412,585.38,291.3,532.9,314.7,558,2391,9,2611,1412,1380
533414,586.42,290.175,533.06,314.625,569,2380,10,2611,1411,1384
533416,586.74,290.475,533.62,313.05,572,2383,17,2594,1411,1381
533418,586.5,290.625,532.9,313.725,570,2385,10,2601,1408,1383
533420,586.9,290.55,533.14,315.075,574,2384,11,2616,1411,1383
533422,586.9,290.625,533.7,313.95,574,2385,18,2604,1409,1378
533424,585.78,290.1,533.22,312.975,563,2379,14,2593,1409,1382
533426,586.26,290.4,533.54,314.25,568,2383,17,2608,1409,1384
533428,586.5,290.55,533.78,314.775,571,2385,19,2614,1408,1381
533430,585.38,290.25,532.66,313.875,560,2381,8,2604,1408,1383
533432,585.62,290.4,533.14,314.175,562,2383,13,2608,1407,1382
533434,585.06,290.475,533.7,312.75,556,2384,19,2592,1407,1374
533436,585.3,289.95,532.98,313.65,560,2379,12,2602,1408,1380
533438,584.82,290.55,533.54,313.5,554,2385,18,2602,1408,1381
533440,585.06,290.7,534.02,313.5,557,2388,23,2602,1405,1378
533442,585.06,290.175,532.98,313.275,557,2382,13,2600,1403,1377
533444,584.74,290.925,533.22,313.35,554,2391,16,2601,1402,1375
533446,584.1,291.075,532.98,313.425,547,2392,13,2602,1399,1373
533448,584.66,290.025,532.82,314.025,554,2382,11,2609,1404,1379
533450,583.86,291,533.7,313.575,545,2391,20,2605,1400,1376
533452,584.42,291,532.82,314.1,551,2392,11,2610,1398,1374
533454,583.7,290.475,532.82,313.875,544,2386,12,2608,1395,1375
533456,584.1,290.625,534.18,313.35,549,2389,26,2603,1398,1372
533458,584.34,291.075,533.78,313.35,550,2394,22,2603,1398,1374
533460,584.42,290.85,534.02,314.1,552,2392,24,2613,1401,1374
533462,584.1,290.925,533.46,312.975,549,2393,19,2600,1403,1375
533464,584.18,290.85,533.3,313.125,549,2393,17,2603,1400,1371
533466,584.34,290.175,532.9,312.45,551,2386,14,2595,1401,1373
533468,584.18,290.25,534.18,312.375,549,2387,27,2596,1400,1367
533470,584.18,290.85,532.82,313.275,549,2393,13,2605,1394,1374
533472,583.3,290.4,533.14,312.525,540,2389,16,2598,1394,1376
533474,583.54,290.475,533.7,311.1,543,2390,23,2582,1397,1372
533476,583.38,290.925,533.22,313.35,541,2396,17,2607,1391,1374
533478,583.14,291.15,533.94,313.2,539,2398,24,2605,1391,1369
533480,583.38,291.3,532.74,313.8,541,2400,12,2612,1393,1369
533482,583.78,291,533.3,312.75,545,2398,18,2601,1389,1366
533484,583.54,290.925,534.1,313.2,543,2397,26,2607,1392,1367
533486,583.3,291,533.38,312,540,2397,18,2593,1392,1363
533488,583.62,291.075,532.98,313.2,543,2399,13,2606,1389,1361
533490,583.54,290.85,534.1,311.7,542,2396,26,2591,1390,1366
533492,583.54,289.95,532.58,312.975,543,2386,10,2604,1391,1365
533494,583.78,291.15,533.62,312.15,544,2400,21,2596,1389,1367
533496,583.06,292.65,534.1,311.775,537,2416,26,2593,1393,1366
533498,583.38,290.175,533.22,313.125,542,2389,16,2606,1392,1370
533500,583.14,290.7,533.94,311.775,538,2395,24,2593,1389,1367
533502,583.62,290.325,534.18,310.95,544,2391,27,2584,1393,1366
533504,583.38,290.4,533.06,310.875,542,2392,17,2582,1393,1370
533506,583.46,290.925,533.78,310.8,542,2398,24,2582,1387,1369
533508,582.5,291.825,534.74,309.975,532,2407,34,2574,1391,1363
533510,583.14,291,533.14,311.475,539,2399,17,2590,1389,1367
533512,583.54,290.25,533.78,310.05,543,2391,25,2574,1387,1369
533514,583.54,291.375,533.94,310.5,543,2403,26,2579,1389,1362
533516,584.26,289.425,533.78,310.425,552,2383,25,2579,1386,1370
533518,583.7,289.5,534.1,309.675,546,2383,29,2570,1388,1367
533520,582.98,290.775,533.46,309.9,538,2396,22,2572,1396,1364
533522,583.46,290.325,533.86,310.95,543,2392,26,2584,1390,1367
533524,583.7,290.625,533.46,310.65,546,2394,22,2580,1389,1366
533526,583.86,292.05,534.1,310.125,546,2410,29,2575,1392,1365
533528,583.14,291.3,532.58,311.4,539,2401,13,2587,1390,1358
533530,584.18,290.625,533.62,310.725,550,2395,24,2581,1393,1365
533532,582.5,292.875,532.26,311.775,533,2418,10,2591,1394,1370
533534,583.14,293.925,533.22,311.4,538,2430,20,2588,1400,1364
533536,583.06,294.225,532.18,311.475,538,2432,9,2588,1399,1365
533538,583.62,293.55,533.86,312.6,544,2425,25,2601,1400,1364
533540,582.34,296.025,532.82,311.7,528,2451,15,2590,1407,1357
533542,582.5,295.5,532.42,314.325,531,2445,9,2618,1408,1361
533544,582.1,296.625,533.54,311.325,526,2457,22,2587,1410,1363
533546,583.38,296.925,534.18,310.725,539,2461,30,2581,1406,1354
533548,582.74,296.925,532.98,311.4,532,2461,16,2587,1406,1348
533550,583.94,296.7,533.78,311.25,544,2458,24,2586,1403,1348
533552,583.62,297.825,534.34,310.575,540,2470,31,2579,1409,1349
533554,582.58,297,532.98,312.15,531,2461,16,2595,1406,1349
533556,583.06,295.35,534.66,311.625,536,2443,33,2589,1406,1352
533558,583.22,296.55,534.58,311.625,537,2456,32,2589,1404,1350
533560,583.22,297.15,533.38,312.075,536,2462,20,2594,1402,1349
533562,582.82,299.55,533.06,313.575,531,2488,15,2610,1409,1356
533564,580.02,302.25,530.5,315,500,2516,-11,2623,1409,1350
533566,576.02,308.025,522.98,321.075,456,2575,-91,2685,1401,1345
533568,571.78,316.125,515.06,330,408,2661,-179,2777,1401,1341
533570,564.98,323.4,504.5,336.75,334,2735,-292,2844,1398,1341
533572,558.02,328.275,494.34,345.675,260,2784,-402,2936,1394,1340
533574,552.66,332.775,487.86,350.925,203,2830,-473,2989,1391,1343
533576,550.9,336.3,485.46,354.825,182,2867,-501,3030,1389,1340
533578,551.46,337.35,483.46,356.775,187,2878,-523,3051,1387,1334
533580,551.7,338.175,483.94,357.75,189,2888,-519,3062,1394,1341
533582,552.98,339.3,484.9,362.325,201,2901,-512,3113,1393,1340
533584,553.38,342,484.9,366.9,203,2931,-515,3162,1393,1335
533586,553.46,347.625,485.14,366.825,200,2992,-512,3162,1395,1340
533588,554.82,350.25,485.7,369.15,213,3022,-508,3188,1385,1335
533590,555.14,351.675,486.82,370.35,216,3037,-497,3202,1388,1334
533592,554.74,351.6,486.5,370.725,211,3037,-501,3206,1387,1330
533594,555.14,352.275,486.1,369.9,215,3044,-505,3197,1388,1334
533596,554.98,352.2,487.86,369.075,213,3044,-486,3189,1389,1334
533598,554.58,352.5,486.02,367.575,208,3047,-504,3172,1393,1334
533600,554.1,351.3,488.98,367.725,204,3034,-474,3176,1394,1333
533602,552.74,350.1,487.78,370.575,191,3020,-489,3206,1390,1341
533604,552.34,350.625,487.7,369.375,187,3026,-489,3193,1392,1333
533606,550.9,350.55,486.98,369.9,172,3024,-497,3198,1392,1334
533608,551.46,350.1,487.3,369.45,177,3020,-493,3194,1389,1330
533610,550.58,351.3,488.58,369.45,167,3033,-481,3195,1392,1332
533612,550.34,351.15,486.82,369.75,165,3031,-499,3197,1391,1331
533614,550.1,350.7,486.82,369.975,163,3026,-499,3200,1391,1334
533616,549.54,352.125,487.3,370.95,156,3042,-495,3211,1391,1337
533618,549.7,351.975,486.34,369.9,157,3040,-504,3199,1397,1331
533620,549.38,351.975,487.54,370.125,154,3039,-493,3202,1392,1335
533622,549.7,352.125,487.54,369.075,157,3041,-492,3190,1392,1334
533624,549.38,351.525,488.58,368.625,153,3035,-482,3187,1393,1332
533626,548.58,351.975,488.42,368.4,145,3039,-483,3184,1398,1331
533628,548.42,352.8,487.38,369.3,142,3048,-495,3193,1397,1334
533630,548.82,351.375,487.78,368.7,147,3033,-491,3187,1396,1332
533632,548.34,351.525,488.18,368.85,141,3034,-487,3188,1393,1329
533634,547.94,351.45,488.1,369.075,137,3033,-488,3190,1396,1330
533636,548.82,351.75,487.46,368.25,145,3036,-495,3181,1395,1325
533638,547.94,351.375,488.82,368.25,137,3032,-481,3182,1394,1329
533640,547.78,350.4,488.58,368.925,135,3021,-485,3189,1390,1330
533642,548.5,350.55,488.26,368.4,142,3023,-487,3183,1391,1327
533644,548.34,350.85,489.06,369.6,141,3026,-480,3197,1393,1326
533646,548.1,351.15,488.66,368.925,137,3029,-484,3189,1394,1328
533648,547.3,350.925,488.42,368.7,129,3026,-486,3186,1393,1325
533650,547.38,351.15,488.66,367.95,130,3028,-484,3178,1394,1320
533652,547.62,351.3,487.78,370.2,132,3030,-494,3202,1395,1330
533654,546.82,351,488.02,369.075,124,3026,-492,3190,1396,1327
533656,547.22,351.225,489.7,368.475,128,3029,-474,3184,1397,1328
533658,546.66,351.675,489.06,369.375,122,3034,-481,3193,1392,1332
533660,547.14,351.825,488.18,370.125,126,3035,-491,3201,1393,1328
533662,547.7,352.8,489.46,370.2,131,3046,-478,3203,1400,1334
533664,546.9,351.975,490.1,368.55,123,3036,-470,3185,1398,1328
533666,546.74,352.275,490.02,369.6,121,3039,-472,3196,1400,1333
533668,546.74,352.2,488.34,371.625,121,3039,-491,3218,1402,1336
533670,547.22,352.5,489.78,369.9,126,3043,-475,3200,1400,1334
533672,547.62,352.275,489.38,370.65,130,3040,-479,3208,1402,1340
533674,547.54,353.55,489.94,370.35,129,3054,-473,3205,1402,1334
533676,546.98,353.325,489.62,370.2,123,3052,-476,3203,1399,1335
533678,546.98,353.175,490.02,369.075,123,3050,-472,3191,1400,1329
533680,547.06,353.325,491.22,369.6,124,3052,-460,3197,1400,1329
533682,546.58,352.35,489.78,369.525,120,3041,-474,3195,1403,1334
533684,547.3,352.575,490.9,370.275,127,3043,-464,3205,1402,1333
533686,546.82,353.7,491.14,370.275,121,3055,-461,3204,1400,1333
533688,546.34,352.725,489.78,370.8,117,3045,-475,3209,1401,1339
533690,546.98,353.4,490.82,369.225,123,3052,-464,3193,1401,1329
533692,546.34,352.725,490.58,370.65,117,3044,-467,3208,1399,1333
533694,545.94,352.05,490.5,369.75,113,3037,-467,3198,1401,1330
533696,547.3,352.875,491.22,368.925,127,3047,-459,3189,1404,1333
533698,546.5,351.675,490.42,371.1,119,3033,-469,3213,1403,1338
533700,546.34,352.2,490.58,370.575,117,3039,-467,3207,1402,1339
533702,546.66,352.8,490.02,370.65,121,3046,-472,3208,1404,1340
533704,546.5,352.65,490.58,371.1,119,3044,-466,3213,1401,1340
533706,546.42,352.275,490.82,372.15,119,3040,-465,3225,1405,1346
533708,545.78,351.3,490.74,370.725,113,3028,-465,3209,1408,1341
533710,546.02,349.95,490.98,370.275,116,3014,-462,3204,1407,1339
533712,546.02,350.925,490.74,370.875,115,3025,-465,3210,1405,1341
533714,544.58,351,491.38,372.15,101,3024,-459,3224,1411,1342
533716,545.38,352.05,490.98,370.5,108,3036,-462,3206,1408,1339
533718,545.62,350.7,489.54,372.225,112,3022,-478,3224,1409,1346
533720,545.3,350.025,490.9,372.825,109,3014,-465,3231,1412,1349
533722,545.62,350.475,491.94,371.55,112,3019,-453,3218,1411,1342
533724,545.06,350.7,491.54,372,106,3021,-457,3223,1415,1349
533726,543.78,350.925,492.18,372.525,93,3023,-451,3229,1412,1350
533728,539.78,353.775,489.86,372.975,50,3051,-475,3232,1410,1348
533730,532.9,354.825,483.14,369.975,-20,3059,-542,3196,1408,1333
533732,521.46,358.05,472.42,372,-139,3087,-654,3211,1408,1336
533734,505.3,361.425,456.18,373.275,-308,3115,-822,3217,1406,1328
533736,484.18,362.25,434.34,375.075,-525,3112,-1050,3224,1410,1331
533738,463.62,363.3,412.5,376.05,-738,3111,-1277,3221,1403,1334
533740,440.74,361.35,388.98,369.525,-973,3076,-1516,3136,1398,1340
533742,418.74,358.8,365.46,369.3,-1198,3036,-1761,3120,1396,1349
533744,397.86,353.55,341.14,368.1,-1411,2967,-2013,3093,1384,1343
533746,376.34,349.425,317.86,364.5,-1631,2909,-2253,3040,1369,1335
533748,353.7,347.025,296.26,362.175,-1864,2869,-2477,3002,1351,1333
533750,332.42,346.275,269.94,360.15,-2085,2849,-2751,2964,1342,1323
533752,311.54,345.3,245.86,361.125,-2301,2825,-3005,2960,1327,1323
533754,288.18,343.35,223.46,360.3,-2544,2790,-3240,2938,1312,1321
533756,265.94,342.825,199.54,362.325,-2777,2771,-3495,2947,1306,1317
533758,245.94,346.2,178.02,362.85,-2990,2797,-3723,2940,1301,1312
533760,226.74,347.325,157.3,363.525,-3192,2797,-3943,2935,1296,1310
533762,209.78,349.275,139.86,363.825,-3373,2808,-4129,2928,1292,1302
533764,195.46,351.75,125.78,365.4,-3527,2827,-4280,2937,1288,1297
533766,185.94,353.925,115.06,367.2,-3629,2846,-4397,2951,1284,1296
533768,180.9,355.125,108.1,366.375,-3684,2856,-4470,2937,1286,1285
533770,178.5,358.125,105.3,368.85,-3713,2888,-4502,2963,1285,1292
533772,179.14,358.575,104.98,369.45,-3706,2894,-4506,2970,1294,1294
533774,179.62,355.2,108.98,368.325,-3697,2857,-4462,2960,1296,1302
533776,181.14,354.075,111.46,368.325,-3680,2845,-4436,2961,1304,1307
533778,181.14,352.05,112.42,366.375,-3678,2822,-4423,2940,1308,1310
533780,181.22,351.825,112.58,363.825,-3677,2820,-4419,2912,1317,1315
533782,178.42,351.675,112.42,363.375,-3706,2817,-4420,2907,1315,1308
533784,178.34,350.85,111.7,363,-3706,2808,-4427,2903,1307,1307
533786,177.22,351.75,109.78,365.1,-3719,2817,-4450,2924,1309,1308
533788,176.74,353.55,109.3,365.625,-3726,2836,-4455,2930,1310,1310
533790,175.46,353.925,109.62,366.075,-3740,2840,-4452,2935,1308,1307
533792,177.22,354,109.46,366.75,-3721,2842,-4455,2943,1303,1307
533794,176.34,352.425,110.34,366.75,-3729,2824,-4446,2943,1304,1312
533796,177.06,352.725,111.14,368.1,-3721,2828,-4439,2959,1308,1310
533798,177.3,351.975,111.7,367.2,-3718,2819,-4432,2949,1307,1309
533800,176.82,352.65,112.02,366.975,-3724,2827,-4428,2947,1310,1309
533802,176.34,352.05,112.74,366.975,-3729,2820,-4421,2948,1312,1307
533804,176.98,351,112.34,366.45,-3720,2809,-4424,2941,1307,1312
533806,175.94,352.8,111.94,366.45,-3733,2828,-4429,2942,1312,1314
533808,175.3,351.225,112.58,366.225,-3738,2811,-4421,2940,1311,1311
533810,175.38,351.9,112.98,366,-3738,2818,-4416,2938,1310,1311
533812,175.54,351.525,113.94,366,-3736,2815,-4406,2939,1308,1314
533814,174.74,351,113.7,366.6,-3744,2809,-4409,2945,1312,1314
533816,174.74,350.175,113.54,366.15,-3743,2800,-4410,2940,1312,1312
533818,174.58,351,114.02,365.625,-3745,2809,-4404,2935,1314,1318
533820,173.7,350.7,114.1,366.375,-3754,2806,-4405,2944,1314,1321
533822,173.78,349.575,113.7,365.175,-3752,2793,-4408,2930,1314,1315
533824,173.22,349.35,114.18,366.75,-3758,2790,-4404,2948,1310,1318
533826,172.82,349.65,114.82,365.25,-3762,2794,-4395,2931,1319,1320
533828,172.98,349.2,114.58,365.55,-3760,2789,-4398,2935,1319,1316
533830,171.86,348.675,114.74,365.1,-3771,2783,-4396,2930,1319,1321
533832,171.78,348.825,114.1,365.925,-3772,2785,-4404,2940,1320,1322
533834,172.58,348.225,114.98,365.55,-3763,2779,-4394,2936,1319,1325
533836,171.86,348.225,115.62,364.725,-3771,2779,-4386,2927,1323,1323
533838,171.7,349.05,115.46,365.85,-3773,2788,-4389,2940,1318,1327
533840,172.74,347.1,114.9,366.375,-3760,2767,-4396,2946,1319,1326
533842,172.26,346.35,115.3,365.25,-3765,2758,-4390,2933,1317,1328
533844,171.06,348.6,116.1,366.075,-3780,2782,-4382,2944,1322,1329
533846,170.58,347.625,115.78,366.45,-3784,2772,-4387,2947,1318,1332
533848,169.7,347.325,115.94,367.725,-3793,2768,-4386,2962,1319,1333
533850,170.74,347.7,116.02,366.075,-3782,2773,-4383,2943,1322,1333
533852,170.58,347.55,114.74,367.05,-3784,2771,-4398,2954,1324,1334
533854,170.82,347.175,115.54,364.575,-3781,2768,-4387,2927,1327,1329
533856,171.3,348.375,116.5,365.625,-3778,2781,-4378,2939,1324,1333
533858,170.58,346.8,116.66,365.25,-3783,2763,-4376,2936,1330,1337
533860,170.42,347.85,116.02,365.55,-3786,2775,-4383,2938,1334,1332
533862,170.02,346.8,115.94,366.075,-3789,2763,-4384,2944,1329,1333
533864,169.3,346.275,115.3,365.025,-3796,2757,-4390,2932,1330,1331
533866,168.5,346.05,115.22,364.65,-3804,2754,-4390,2928,1330,1333
533868,169.54,346.95,116.18,365.4,-3794,2765,-4381,2937,1332,1333
533870,170.02,347.025,115.78,364.65,-3789,2766,-4384,2928,1328,1335
533872,169.94,346.275,115.62,363.975,-3789,2758,-4385,2921,1324,1338
533874,169.54,347.7,115.62,364.95,-3795,2773,-4386,2932,1335,1337
533876,169.38,346.95,115.3,364.35,-3796,2765,-4389,2925,1331,1336
533878,168.98,348.375,116.18,364.65,-3801,2781,-4380,2929,1335,1333
533880,169.06,347.175,116.26,365.325,-3799,2767,-4379,2937,1332,1337
533882,168.66,348.3,115.94,365.625,-3805,2780,-4383,2940,1333,1343
533884,169.22,347.175,116.18,367.725,-3797,2768,-4383,2964,1333,1342
533886,167.7,347.85,115.06,367.2,-3814,2774,-4394,2957,1338,1343
533888,168.1,348.225,115.62,364.2,-3810,2779,-4385,2925,1333,1334
533890,166.9,349.35,115.7,365.85,-3824,2790,-4385,2943,1344,1340
533892,166.82,347.1,115.06,366.9,-3823,2766,-4394,2954,1332,1337
533894,167.78,348.45,115.06,364.95,-3813,2781,-4391,2933,1343,1341
533896,168.58,349.425,116.1,367.425,-3806,2793,-4383,2961,1342,1350
533898,167.06,347.925,115.22,365.025,-3821,2775,-4390,2934,1335,1344
533900,167.94,348.75,115.3,364.95,-3813,2785,-4389,2934,1338,1343
533902,168.02,349.425,114.82,366.9,-3812,2793,-4396,2955,1342,1344
533904,167.06,348.45,115.14,366.6,-3821,2782,-4393,2953,1340,1350
533906,167.3,349.125,114.5,365.85,-3820,2789,-4399,2944,1339,1346
533908,167.7,346.35,114.02,363.45,-3813,2760,-4402,2917,1340,1348
533910,164.98,341.1,113.86,360,-3836,2700,-4400,2879,1340,1351
533912,164.34,333.525,111.14,347.55,-3835,2617,-4414,2740,1344,1355
533914,162.58,320.325,108.66,336.075,-3840,2471,-4428,2611,1350,1362
533916,160.98,307.2,104.1,323.4,-3843,2326,-4463,2469,1357,1358
533918,162.26,292.725,100.66,303.45,-3815,2169,-4477,2248,1355,1371
533920,160.1,271.95,96.74,285.75,-3816,1941,-4500,2052,1359,1353
533922,161.3,258.375,94.58,266.475,-3789,1794,-4501,1840,1355,1365
533924,162.42,245.325,92.34,252.075,-3765,1654,-4509,1682,1354,1353
533926,163.3,234.9,91.14,241.5,-3744,1541,-4510,1567,1348,1340
533928,165.86,222.525,90.5,229.2,-3705,1410,-4503,1433,1331,1340
533930,169.3,217.875,87.94,219.075,-3664,1363,-4519,1322,1327,1332
533932,170.66,215.325,85.86,215.625,-3648,1336,-4537,1284,1325,1330
533934,171.38,214.05,85.94,213,-3639,1323,-4534,1256,1323,1330
533936,172.82,214.2,83.7,213.225,-3624,1326,-4558,1257,1324,1322
533938,173.54,215.325,85.06,216.375,-3617,1338,-4546,1292,1325,1325
533940,172.66,217.35,84.02,217.65,-3628,1360,-4559,1306,1333,1324
533942,172.9,216.15,83.3,219.225,-3625,1347,-4568,1323,1327,1326
533944,171.54,216.825,83.94,219.975,-3639,1355,-4561,1332,1338,1327
533946,170.66,216.9,84.98,218.7,-3648,1355,-4550,1318,1348,1339
533948,170.18,217.425,85.86,217.125,-3653,1361,-4538,1303,1355,1335
533950,168.66,216.15,85.38,215.55,-3668,1347,-4541,1286,1361,1338
533952,167.7,217.8,87.3,213.975,-3679,1364,-4518,1270,1368,1338
533954,166.34,216.6,86.58,215.025,-3692,1350,-4527,1281,1361,1339
533956,166.1,216.525,88.02,215.925,-3693,1350,-4512,1292,1360,1340
533958,165.06,220.05,88.5,217.05,-3708,1388,-4508,1305,1377,1346
533960,165.54,217.8,89.86,218.025,-3700,1364,-4494,1317,1366,1342
533962,164.18,219.225,90.74,217.8,-3716,1378,-4485,1315,1375,1345
533964,164.9,219.9,90.66,219.3,-3709,1387,-4487,1332,1373,1349
533966,164.1,218.775,90.58,219,-3716,1375,-4488,1329,1365,1338
533968,164.1,217.65,90.9,218.85,-3714,1363,-4483,1328,1366,1343
533970,163.94,219.825,90.74,218.475,-3718,1386,-4485,1324,1377,1343
533972,163.94,216.45,90.98,218.325,-3714,1351,-4481,1324,1368,1339
533974,164.1,216.6,91.78,217.725,-3712,1353,-4472,1317,1365,1341
533976,164.02,217.275,93.46,217.65,-3713,1361,-4454,1318,1364,1341
533978,163.7,217.875,93.46,217.65,-3717,1367,-4454,1318,1374,1340
533980,163.46,217.425,93.94,217.8,-3719,1362,-4449,1322,1370,1337
533982,162.9,215.55,94.02,216.975,-3723,1342,-4447,1312,1368,1342
533984,162.98,215.025,93.86,216.75,-3721,1337,-4447,1310,1369,1340
533986,162.9,215.175,94.26,216.6,-3722,1338,-4443,1309,1368,1341
533988,163.86,215.7,94.1,216.825,-3712,1345,-4444,1312,1367,1339
533990,161.22,214.125,95.06,217.275,-3738,1326,-4435,1317,1373,1345
533992,160.5,216.3,94.58,217.725,-3747,1349,-4440,1321,1381,1348
533994,161.22,213.15,95.62,217.575,-3736,1316,-4429,1321,1372,1339
533996,160.9,213.825,95.3,215.55,-3740,1323,-4429,1299,1379,1338
533998,160.5,210.075,94.5,214.35,-3740,1282,-4437,1286,1377,1345
534000,159.94,210.075,95.3,216.3,-3745,1282,-4430,1306,1374,1344
534002,160.5,209.175,95.22,215.25,-3739,1273,-4429,1295,1374,1340
534004,160.1,208.725,95.14,214.725,-3743,1267,-4430,1289,1372,1336
534006,160.18,207,94.66,213.975,-3740,1248,-4434,1281,1376,1333
534008,159.62,208.875,94.1,214.65,-3747,1268,-4441,1287,1384,1337
534010,159.38,209.7,95.06,213.525,-3751,1277,-4429,1275,1382,1340
534012,158.58,204.225,94.34,213.075,-3754,1216,-4437,1270,1378,1338
534014,158.98,204.675,94.58,212.25,-3750,1221,-4433,1260,1381,1342
534016,158.5,206.55,94.66,211.875,-3757,1240,-4432,1255,1385,1337
534018,157.94,205.275,94.42,212.85,-3761,1226,-4435,1266,1386,1335
534020,157.3,202.35,93.62,212.85,-3765,1193,-4444,1264,1375,1330
534022,157.54,203.925,93.94,211.8,-3765,1210,-4440,1253,1375,1333
534024,156.42,202.725,94.58,211.425,-3775,1195,-4432,1248,1377,1332
534026,156.1,203.025,93.86,210.825,-3779,1198,-4439,1241,1376,1331
534028,157.3,202.725,93.7,212.025,-3766,1194,-4443,1253,1379,1330
534030,155.14,206.025,93.3,212.1,-3792,1228,-4447,1253,1384,1330
534032,154.58,202.5,94.18,211.275,-3795,1188,-4437,1243,1377,1332
534034,153.7,204.525,93.14,210.825,-3806,1209,-4447,1238,1388,1332
534036,153.3,204.375,93.54,211.05,-3810,1207,-4444,1239,1379,1329
534038,153.38,203.85,93.78,211.8,-3809,1201,-4442,1247,1380,1325
534040,153.06,205.2,93.3,211.8,-3814,1214,-4447,1246,1379,1326
534042,153.38,205.425,94.02,211.275,-3811,1216,-4439,1240,1381,1325
534044,153.14,204.45,93.22,212.1,-3813,1205,-4449,1248,1382,1321
534046,152.34,204.375,93.78,212.025,-3821,1203,-4444,1247,1383,1323
534048,152.42,205.425,94.1,210.525,-3822,1213,-4438,1230,1384,1321
534050,152.42,205.35,94.5,211.5,-3822,1212,-4435,1241,1382,1319
534052,152.02,204.6,94.18,211.8,-3825,1203,-4439,1243,1384,1318
534054,152.42,205.2,93.54,211.575,-3822,1210,-4446,1240,1379,1319
534056,151.94,205.5,93.62,212.475,-3827,1212,-4447,1249,1383,1319
534058,151.62,204.525,94.26,211.125,-3830,1201,-4438,1235,1382,1318
534060,151.62,208.275,94.1,211.05,-3834,1241,-4440,1233,1388,1318
534062,151.3,206.25,94.34,211.65,-3835,1219,-4438,1239,1395,1318
534064,151.46,207.375,93.86,212.025,-3834,1231,-4444,1243,1393,1315
534066,151.46,208.5,93.62,211.125,-3836,1243,-4446,1233,1394,1315
534068,150.98,207.975,94.66,212.4,-3841,1237,-4436,1247,1392,1314
534070,151.78,207.3,93.86,212.25,-3831,1230,-4444,1246,1394,1310
534072,152.34,205.8,94.5,212.025,-3824,1215,-4437,1243,1380,1311
534074,151.54,205.05,94.18,211.725,-3832,1206,-4441,1240,1384,1314
534076,152.18,207.375,94.5,211.5,-3827,1231,-4437,1238,1388,1308
534078,151.14,207.975,94.66,211.95,-3839,1237,-4436,1242,1388,1308
534080,151.94,205.575,94.34,211.725,-3828,1212,-4439,1240,1382,1309
534082,152.34,206.325,94.9,211.575,-3825,1220,-4433,1239,1377,1307
534084,152.1,205.65,94.9,211.65,-3827,1213,-4433,1240,1379,1307
534086,151.3,206.325,94.82,211.95,-3836,1219,-4434,1243,1383,1305
534088,150.98,208.575,94.82,210.975,-3841,1244,-4433,1233,1387,1305
534090,151.62,208.8,94.74,212.25,-3835,1247,-4435,1247,1389,1300
534092,151.14,209.4,94.98,212.775,-3841,1254,-4433,1252,1394,1302
534094,152.66,207.675,95.38,212.475,-3823,1236,-4428,1249,1383,1297
534096,151.54,206.85,95.46,211.425,-3833,1227,-4427,1239,1383,1302
534098,152.02,206.925,95.06,212.775,-3828,1228,-4432,1254,1383,1297
534100,150.82,208.95,94.98,211.95,-3843,1250,-4432,1245,1386,1293
534102,151.94,205.875,95.06,212.1,-3827,1217,-4431,1247,1379,1296
534104,152.02,207.075,95.86,212.925,-3828,1231,-4423,1257,1378,1296
534106,151.78,206.55,96.02,212.925,-3830,1225,-4421,1257,1376,1294
534108,151.86,207.3,94.5,212.4,-3829,1234,-4436,1251,1373,1289
534110,151.46,206.325,95.14,213.3,-3833,1223,-4431,1261,1376,1289
534112,151.38,206.4,96.1,212.4,-3833,1225,-4418,1252,1370,1286
534114,151.46,207.15,96.02,213.45,-3833,1233,-4421,1264,1369,1287
534116,151.22,205.65,96.18,213.9,-3833,1217,-4419,1270,1372,1282
534118,151.62,205.425,95.86,213.15,-3829,1215,-4421,1262,1372,1285
534120,151.78,206.625,95.94,213,-3828,1228,-4420,1260,1371,1282
534122,151.7,205.95,97.14,214.05,-3828,1221,-4408,1272,1369,1278
534124,152.42,206.775,96.02,214.2,-3821,1231,-4419,1274,1366,1273
534126,151.94,206.25,97.22,213.825,-3825,1226,-4407,1271,1368,1275
534128,153.06,207.15,97.14,214.425,-3814,1237,-4408,1278,1365,1276
534130,151.46,207.075,96.66,215.4,-3830,1235,-4414,1288,1365,1269
534132,150.9,214.5,93.86,216.825,-3843,1315,-4444,1302,1367,1270
534134,148.34,217.2,89.7,224.4,-3872,1342,-4496,1382,1360,1262
534136,144.02,225.525,82.74,233.85,-3925,1430,-4579,1480,1362,1262
534138,139.06,232.8,74.82,243.15,-3985,1506,-4673,1577,1351,1266
534140,134.58,248.325,65.7,253.725,-4048,1672,-4781,1686,1355,1261
534142,130.34,254.4,58.02,267.9,-4099,1735,-4878,1836,1346,1251
534144,127.38,264,51.94,277.125,-4139,1838,-4953,1934,1355,1254
534146,126.26,268.5,49.14,284.775,-4156,1886,-4991,2015,1355,1263
534148,124.58,274.8,46.42,290.175,-4180,1955,-5026,2073,1364,1263
534150,123.22,278.475,44.82,291.9,-4198,1994,-5044,2092,1358,1262
534152,123.54,285.15,44.18,295.95,-4201,2068,-5055,2136,1366,1264
534154,123.3,291.3,43.46,300.9,-4210,2135,-5069,2191,1355,1260
534156,125.46,295.575,43.14,306.825,-4192,2184,-5079,2256,1354,1255
534158,125.78,302.025,43.22,311.4,-4195,2255,-5083,2306,1361,1266
534160,125.46,305.1,43.94,317.4,-4201,2289,-5081,2373,1352,1264
534162,125.38,307.875,44.42,317.775,-4205,2319,-5077,2377,1356,1262
534164,125.3,310.575,46.34,318.975,-4208,2349,-5057,2393,1363,1262
534166,125.94,310.275,46.98,318.3,-4201,2346,-5050,2386,1360,1261
534168,124.66,309.225,47.06,317.475,-4213,2334,-5047,2376,1358,1262
534170,124.58,307.95,47.94,315,-4213,2320,-5035,2350,1359,1259
534172,124.42,306.45,49.14,314.55,-4212,2303,-5021,2346,1356,1262
534174,123.62,304.95,49.22,312.675,-4219,2286,-5017,2325,1360,1258
534176,122.9,304.65,48.82,314.625,-4225,2282,-5024,2346,1359,1255
534178,122.58,304.5,48.66,315,-4228,2281,-5026,2350,1352,1255
534180,122.42,304.95,48.42,315.6,-4230,2286,-5029,2357,1352,1256
534182,122.02,303.15,49.38,316.05,-4232,2265,-5019,2362,1344,1252
534184,120.74,304.725,49.62,317.775,-4247,2282,-5018,2381,1350,1251
534186,121.3,303.225,50.26,317.4,-4240,2265,-5011,2377,1347,1250
534188,122.18,302.7,50.82,317.55,-4229,2260,-5005,2379,1340,1256
534190,120.82,302.925,50.82,316.8,-4244,2261,-5003,2370,1348,1257
534192,120.58,304.425,50.02,317.7,-4247,2277,-5012,2379,1352,1254
534194,119.7,303.675,50.34,317.4,-4256,2268,-5009,2376,1355,1257
534196,120.42,304.2,51.3,316.95,-4248,2274,-4997,2372,1355,1255
534198,120.02,304.2,50.66,316.725,-4252,2274,-5004,2368,1356,1257
534200,119.14,304.125,51.38,317.175,-4261,2272,-4996,2373,1354,1259
534202,119.3,302.625,51.14,317.775,-4257,2256,-4999,2380,1350,1257
534204,118.98,303.225,51.78,318.75,-4261,2262,-4993,2390,1351,1256
534206,118.26,302.7,52.02,318.525,-4268,2255,-4990,2388,1348,1252
534208,118.74,302.4,51.3,318.675,-4262,2251,-4997,2389,1347,1257
534210,117.94,303.825,50.42,318,-4273,2267,-5006,2381,1355,1259
534212,117.7,303.45,51.54,320.025,-4274,2262,-4996,2404,1350,1258
534214,119.06,302.7,51.46,318.3,-4259,2255,-4995,2385,1344,1249
534216,119.22,301.875,52.34,320.25,-4256,2246,-4987,2406,1342,1252
534218,117.86,303.675,51.94,320.175,-4272,2264,-4991,2405,1351,1257
534220,117.3,303.45,52.42,320.325,-4277,2261,-4986,2407,1342,1255
534222,118.18,304.95,52.66,321.375,-4270,2278,-4985,2418,1345,1253
534224,117.78,305.625,53.38,321.15,-4274,2285,-4977,2416,1345,1249
534226,117.06,306.15,52.34,321.975,-4283,2291,-4989,2425,1347,1255
534228,116.9,305.4,53.38,320.4,-4283,2282,-4976,2409,1349,1248
534230,117.3,307.05,53.7,321.075,-4281,2301,-4973,2416,1352,1251
534232,116.42,306.3,54.66,323.775,-4289,2292,-4965,2446,1343,1252
534234,116.66,304.95,53.94,322.8,-4285,2277,-4971,2435,1350,1254
534236,116.58,307.5,53.94,322.65,-4289,2306,-4971,2434,1351,1253
534238,116.26,308.55,54.5,323.025,-4293,2317,-4966,2438,1348,1256
534240,115.86,307.125,54.34,323.175,-4296,2301,-4968,2440,1350,1255
534242,115.7,309.075,54.1,321.375,-4300,2323,-4969,2421,1350,1253
534244,115.62,307.8,53.94,322.95,-4299,2309,-4972,2438,1348,1257
534246,115.14,308.175,54.5,322.35,-4304,2313,-4965,2432,1351,1259
534248,115.7,308.7,53.7,322.05,-4300,2320,-4973,2429,1353,1253
534250,114.82,307.5,54.82,322.05,-4308,2306,-4962,2429,1350,1250
534252,115.38,307.875,53.46,323.025,-4302,2311,-4978,2440,1348,1255
534254,115.62,310.05,54.1,322.275,-4302,2335,-4970,2432,1360,1257
534256,114.5,308.55,55.3,322.05,-4312,2318,-4957,2431,1360,1255
534258,114.26,309.675,54.9,321.9,-4316,2331,-4961,2429,1360,1257
534260,114.5,310.8,54.66,321.375,-4314,2344,-4963,2423,1364,1257
534262,113.86,310.05,55.38,321.525,-4320,2335,-4955,2425,1362,1262
534264,114.18,310.5,53.86,321.9,-4317,2340,-4972,2429,1360,1262
534266,114.9,310.8,54.98,320.7,-4310,2344,-4958,2417,1369,1258
534268,113.06,309.9,54.26,321.45,-4329,2334,-4967,2425,1367,1256
534270,114.18,308.7,54.26,320.7,-4316,2321,-4966,2416,1365,1253
534272,113.38,309.525,53.46,321.075,-4325,2330,-4976,2421,1364,1253
534274,113.38,310.725,54.34,321.525,-4326,2344,-4966,2426,1370,1256
534276,113.7,310.725,54.1,319.8,-4323,2344,-4967,2407,1369,1255
534278,113.06,310.425,54.1,321.45,-4330,2340,-4969,2425,1370,1257
534280,113.62,310.275,54.02,320.85,-4323,2338,-4970,2418,1366,1258
534282,113.38,309.525,54.82,319.65,-4325,2330,-4960,2406,1366,1253
534284,113.7,308.475,54.26,320.925,-4321,2319,-4967,2419,1366,1259
534286,112.66,310.5,53.94,320.925,-4334,2340,-4970,2419,1374,1259
534288,112.82,309.375,54.82,320.4,-4331,2328,-4960,2414,1368,1255
534290,113.22,309.9,54.5,320.85,-4327,2334,-4964,2419,1372,1258
534292,113.46,309.975,53.94,321.15,-4325,2335,-4971,2421,1372,1258
534294,113.14,309.45,54.58,320.4,-4327,2329,-4963,2413,1373,1258
534296,113.3,308.475,53.86,321,-4325,2318,-4971,2419,1369,1255
534298,114.26,307.8,54.34,320.7,-4314,2311,-4966,2416,1363,1257
534300,113.78,308.025,54.74,318.525,-4319,2313,-4958,2392,1366,1255
534302,112.74,308.1,55.06,321,-4330,2313,-4958,2420,1372,1257
534304,113.78,307.8,53.94,319.95,-4319,2310,-4969,2407,1373,1262
534306,112.66,308.1,54.74,318.825,-4331,2312,-4959,2395,1374,1260
534308,113.46,308.55,55.38,319.65,-4323,2317,-4953,2404,1375,1263
534310,114.26,306.75,54.82,319.2,-4313,2298,-4959,2399,1365,1261
534312,112.66,306.9,55.06,318.9,-4330,2299,-4956,2395,1371,1255
534314,113.22,307.2,53.62,319.125,-4324,2302,-4971,2397,1368,1263
534316,112.9,308.1,54.66,319.05,-4328,2311,-4961,2396,1373,1259
534318,113.14,308.1,54.82,317.625,-4326,2311,-4957,2380,1377,1253
534320,113.3,310.425,54.34,318,-4327,2336,-4963,2383,1376,1262
534322,113.14,309.525,54.98,318.225,-4328,2326,-4956,2386,1374,1254
534324,114.1,310.05,54.42,317.925,-4318,2332,-4961,2382,1377,1259
534326,113.78,310.275,54.98,317.925,-4322,2334,-4955,2382,1381,1257
534328,111.54,311.925,52.58,318.975,-4347,2351,-4982,2392,1380,1259
534330,109.3,314.625,47.94,321.525,-4374,2379,-5034,2417,1381,1256
534332,105.7,321.075,43.3,324.9,-4419,2448,-5088,2452,1375,1252
534334,100.66,326.925,34.5,330.75,-4479,2509,-5189,2511,1360,1243
534336,95.54,333.225,27.38,338.775,-4540,2576,-5274,2595,1361,1237
534338,91.3,342.15,20.82,342.75,-4596,2671,-5350,2635,1375,1233
534340,87.38,345.825,16.9,345.825,-4641,2709,-5396,2667,1382,1235
534342,84.26,345.6,13.78,348.375,-4674,2705,-5432,2693,1378,1242
534344,83.62,345,13.14,349.05,-4681,2698,-5440,2700,1381,1241
534346,84.02,344.85,14.34,347.625,-4676,2696,-5425,2685,1384,1243
534348,84.74,344.175,15.22,348.225,-4668,2689,-5416,2692,1382,1250
534350,85.3,344.025,17.38,346.8,-4662,2688,-5392,2678,1380,1248
534352,87.46,345.45,18.98,346.95,-4640,2705,-5374,2680,1381,1247
534354,87.86,347.325,19.86,348.45,-4638,2726,-5367,2697,1384,1245
534356,89.38,350.4,22.74,348.45,-4625,2761,-5336,2698,1385,1248
534358,88.5,351.15,23.38,352.275,-4635,2769,-5333,2742,1396,1263
534360,88.82,349.05,23.54,353.1,-4629,2746,-5332,2751,1391,1264
534362,88.5,349.5,22.98,352.35,-4633,2751,-5337,2743,1394,1265
534364,87.78,348.6,21.62,351.375,-4640,2740,-5350,2731,1395,1265
534366,87.38,347.925,22.18,352.8,-4643,2732,-5346,2747,1394,1268
534368,88.1,348.525,22.82,352.275,-4636,2740,-5339,2741,1396,1264
534370,88.1,349.8,22.26,351.225,-4637,2753,-5343,2729,1393,1264
534372,87.78,348.45,23.06,353.55,-4638,2738,-5337,2756,1395,1269
534374,87.62,349.5,22.74,353.475,-4641,2750,-5340,2754,1398,1273
534376,86.82,348.9,23.14,355.05,-4648,2742,-5337,2773,1397,1275
534378,87.78,349.05,24.5,353.7,-4638,2745,-5321,2758,1398,1265
534380,86.74,349.575,23.94,354.375,-4649,2750,-5327,2766,1398,1271
534382,87.46,348.225,24.34,355.275,-4640,2735,-5324,2775,1392,1270
534384,87.38,348.975,23.46,353.325,-4642,2744,-5331,2753,1397,1269
534386,86.5,350.025,23.94,354.15,-4652,2755,-5326,2763,1406,1277
534388,86.26,348.525,24.18,355.2,-4652,2738,-5325,2774,1399,1276
534390,87.3,349.725,23.54,354.6,-4643,2752,-5331,2767,1401,1276
534392,86.82,350.85,23.94,354,-4648,2764,-5326,2761,1404,1278
534394,85.38,349.725,24.34,353.55,-4663,2750,-5321,2756,1408,1274
534396,85.86,349.35,23.7,354.075,-4657,2747,-5328,2761,1408,1273
534398,85.78,349.65,24.18,354.675,-4658,2750,-5323,2768,1407,1277
534400,86.74,348.975,23.3,354.225,-4646,2743,-5332,2762,1405,1276
534402,85.7,350.475,23.78,353.775,-4659,2759,-5326,2758,1413,1279
534404,84.74,350.1,24.34,354.6,-4669,2754,-5321,2768,1412,1282
534406,85.7,350.55,23.94,353.775,-4659,2759,-5324,2758,1411,1285
534408,85.06,349.35,23.06,353.025,-4664,2745,-5332,2749,1412,1281
534410,85.14,350.925,24.02,354,-4665,2763,-5323,2760,1415,1280
534412,85.22,350.1,24.74,353.4,-4663,2754,-5314,2754,1416,1282
534414,85.06,351.6,24.26,353.55,-4667,2771,-5320,2755,1420,1279
534416,85.06,350.85,23.3,352.875,-4665,2762,-5328,2747,1416,1281
534418,84.98,353.175,24.02,353.175,-4668,2787,-5321,2751,1423,1283
534420,84.74,351.75,23.22,353.4,-4669,2772,-5330,2752,1423,1283
534422,85.38,353.4,23.86,354.6,-4665,2791,-5324,2767,1427,1285
534424,84.34,353.775,23.38,352.8,-4676,2794,-5327,2746,1429,1281
534426,84.58,353.4,23.46,353.25,-4672,2790,-5326,2751,1429,1280
534428,84.9,353.1,23.14,352.725,-4669,2786,-5329,2744,1422,1284
534430,84.5,354.825,24.1,352.65,-4675,2805,-5319,2744,1431,1281
534432,84.18,353.625,24.02,351.825,-4677,2791,-5319,2735,1425,1290
534434,84.34,353.625,23.62,352.425,-4675,2792,-5324,2741,1431,1286
534436,84.34,354,23.46,352.125,-4676,2795,-5325,2738,1431,1286
534438,84.58,353.55,23.46,352.35,-4672,2791,-5325,2741,1431,1291
534440,83.62,354.15,24.1,352.425,-4683,2797,-5318,2742,1434,1290
534442,84.1,354.45,23.78,351.975,-4679,2800,-5321,2736,1435,1288
534444,84.58,353.85,23.46,353.025,-4672,2794,-5326,2748,1434,1286
534446,83.78,354.45,23.54,352.575,-4682,2800,-5325,2743,1434,1288
534448,84.1,354.825,24.42,352.65,-4678,2804,-5315,2744,1435,1286
534450,84.66,353.7,24.1,352.95,-4672,2792,-5318,2747,1431,1294
534452,84.02,354.975,23.78,352.5,-4680,2806,-5321,2742,1438,1293
534454,83.7,354.825,24.9,352.05,-4683,2804,-5309,2738,1446,1296
534456,84.02,354.15,25.14,352.95,-4679,2797,-5307,2748,1436,1298
534458,84.26,354.975,24.5,352.425,-4677,2806,-5314,2742,1439,1294
534460,83.46,355.95,24.74,351.45,-4686,2816,-5310,2731,1447,1300
534462,83.94,353.925,25.86,353.1,-4679,2794,-5300,2750,1441,1297
534464,83.46,354,25.54,353.1,-4684,2795,-5303,2750,1445,1298
534466,84.02,352.425,26.18,351.3,-4676,2778,-5294,2731,1443,1301
534468,84.66,353.55,26.42,352.5,-4671,2791,-5293,2744,1440,1301
534470,84.82,354.075,25.38,351.15,-4669,2797,-5302,2729,1443,1300
534472,84.74,352.5,26.18,351,-4669,2780,-5293,2727,1447,1305
534474,84.82,354.6,26.02,351.525,-4670,2803,-5296,2733,1456,1301
534476,84.74,352.575,26.02,350.025,-4668,2780,-5294,2716,1447,1308
534478,85.22,352.125,26.74,350.325,-4662,2776,-5286,2720,1444,1307
534480,85.06,352.5,26.58,350.025,-4664,2780,-5287,2717,1448,1307
534482,85.14,353.625,27.06,349.275,-4664,2792,-5281,2708,1450,1310
534484,84.9,352.35,26.74,349.425,-4665,2778,-5284,2711,1446,1305
534486,85.62,354.225,27.62,350.625,-4660,2800,-5276,2725,1453,1306
534488,85.22,353.625,26.58,351,-4662,2793,-5287,2728,1452,1306
534490,85.06,352.95,26.9,349.575,-4664,2785,-5282,2713,1453,1308
534492,85.62,354.075,27.3,349.05,-4659,2798,-5276,2707,1457,1310
534494,84.98,353.475,26.42,348.975,-4664,2791,-5286,2705,1455,1313
534496,84.9,354,27.14,348.825,-4665,2797,-5277,2704,1452,1310
534498,85.54,353.7,26.26,350.175,-4658,2794,-5288,2719,1461,1311
534500,85.7,354.525,28.02,349.5,-4656,2803,-5268,2712,1457,1317
534502,87.78,354.6,32.26,352.425,-4635,2805,-5226,2748,1463,1317
534504,93.54,355.2,38.34,354.75,-4573,2815,-5163,2777,1467,1317
534506,103.94,356.25,50.74,358.875,-4463,2834,-5035,2830,1460,1322
534508,119.38,359.025,68.1,363.825,-4302,2873,-4855,2896,1465,1330
534510,140.5,367.875,90.9,372.3,-4087,2985,-4621,3004,1477,1335
534512,166.5,373.725,115.46,380.1,-3817,3065,-4367,3106,1482,1345
534514,194.66,379.65,141.3,390.15,-3524,3147,-4102,3233,1496,1351
534516,224.02,384.45,169.62,396.825,-3218,3218,-3807,3323,1511,1357
534518,253.3,387.225,197.06,399.225,-2911,3265,-3518,3367,1522,1365
534520,282.66,388.2,226.34,398.4,-2602,3293,-3207,3374,1527,1373
534522,312.42,386.55,254.82,396.675,-2288,3293,-2903,3371,1530,1371
534524,343.62,384.975,282.02,396.15,-1959,3293,-2616,3382,1527,1374
534526,374.34,382.05,312.9,395.175,-1636,3279,-2290,3388,1520,1369
534528,403.7,382.35,340.1,395.625,-1330,3299,-2005,3409,1520,1377
534530,434.42,381.15,369.22,396.15,-1010,3303,-1701,3432,1517,1377
534532,464.26,381.45,396.82,398.475,-702,3324,-1415,3473,1514,1381
534534,493.38,382.05,423.62,399,-402,3347,-1137,3494,1510,1373
534536,520.74,382.725,449.94,403.125,-120,3371,-866,3555,1513,1382
534538,545.38,383.625,471.22,406.725,131,3394,-648,3606,1510,1373
534540,565.86,383.175,487.94,409.95,342,3401,-477,3652,1503,1379
534542,580.98,382.65,500.02,411.3,497,3404,-353,3674,1501,1370
534544,590.74,382.5,504.66,411.9,597,3409,-306,3683,1502,1377
534546,593.7,380.55,505.22,411.6,628,3389,-300,3680,1505,1376
534548,592.98,378.825,502.34,408.75,622,3370,-328,3647,1512,1372
534550,591.38,377.4,500.18,408.15,607,3353,-350,3639,1514,1381
534552,590.1,377.25,498.66,405.825,594,3351,-364,3613,1521,1384
534554,590.34,377.025,500.42,405,596,3348,-346,3605,1520,1389
534556,592.1,376.8,503.78,407.1,614,3347,-312,3630,1524,1382
534558,594.02,376.875,507.54,407.85,634,3349,-274,3640,1519,1388
534560,597.22,377.625,509.22,407.7,666,3359,-257,3640,1515,1384
534562,599.3,380.4,510.18,408.675,685,3391,-247,3651,1527,1393
534564,598.98,383.1,511.22,408.3,680,3421,-238,3648,1528,1390
534566,598.18,383.475,510.1,408.3,671,3424,-249,3647,1529,1388
534568,597.78,385.05,508.58,408.975,665,3441,-266,3654,1535,1386
534570,596.02,385.275,508.98,406.95,647,3442,-260,3632,1538,1385
534572,595.46,385.35,507.86,408.15,641,3443,-273,3645,1543,1386
534574,594.74,386.7,508.42,407.775,632,3457,-267,3640,1541,1385
534576,594.18,386.775,507.86,407.925,626,3458,-274,3642,1543,1384
534578,594.42,386.55,508.42,407.85,629,3456,-268,3642,1544,1385
534580,593.38,386.25,508.9,407.55,618,3452,-263,3639,1549,1385
534582,593.46,385.725,508.66,406.65,619,3446,-265,3629,1550,1386
534584,593.78,387.975,508.82,409.125,620,3471,-266,3656,1555,1389
534586,593.06,388.275,509.22,408,613,3474,-261,3643,1557,1390
534588,593.14,388.275,510.02,408.15,612,3474,-253,3646,1559,1389
534590,593.7,388.275,510.02,408.825,618,3474,-254,3653,1565,1394
534592,593.3,388.725,510.58,407.175,614,3479,-248,3635,1560,1393
534594,593.46,388.65,510.74,406.725,615,3478,-246,3630,1563,1395
534596,593.62,389.625,511.38,407.025,615,3489,-241,3634,1569,1395
534598,592.34,390.525,511.46,406.875,602,3498,-239,3633,1572,1394
534600,592.42,392.85,510.98,406.425,600,3524,-245,3628,1581,1396
534602,591.7,393.675,512.26,407.85,593,3532,-233,3644,1585,1401
534604,591.46,392.85,512.26,406.5,590,3523,-233,3629,1582,1398
534606,592.1,394.35,513.7,406.5,595,3540,-218,3630,1590,1401
534608,591.7,394.875,512.82,406.875,590,3545,-227,3634,1594,1403
534610,591.06,394.425,514.26,405.9,584,3540,-212,3624,1594,1403
534612,590.34,394.425,514.66,405.3,576,3540,-208,3618,1597,1408
534614,590.58,393.975,514.42,406.425,579,3535,-212,3630,1596,1404
534616,590.58,393.825,515.7,404.775,578,3533,-198,3613,1600,1407
534618,590.9,394.05,514.98,403.2,581,3536,-204,3594,1600,1414
534620,590.74,395.175,515.14,404.7,578,3549,-204,3612,1607,1411
534622,591.14,395.325,515.3,403.8,582,3551,-202,3602,1607,1409
534624,590.66,395.775,515.14,402.525,576,3556,-203,3587,1610,1411
534626,591.3,395.4,515.46,401.775,583,3552,-199,3579,1612,1416
534628,590.82,395.85,516.02,402.525,578,3556,-194,3588,1614,1411
534630,590.74,395.325,515.3,403.05,577,3551,-202,3593,1612,1413
534632,590.9,395.475,515.7,402.225,579,3553,-197,3585,1615,1412
534634,590.5,395.325,516.34,402.3,575,3551,-191,3587,1616,1414
534636,590.5,395.7,516.74,402.225,574,3556,-187,3586,1617,1415
534638,591.38,396.525,515.46,402.15,583,3565,-200,3585,1619,1416
534640,589.38,397.8,516.18,403.05,561,3577,-193,3595,1618,1414
534642,590.18,398.175,516.34,402.975,569,3583,-192,3594,1621,1414
534644,588.1,398.1,516.58,402.75,548,3580,-190,3592,1622,1411
534646,586.74,401.475,515.7,403.575,532,3617,-199,3601,1632,1420
534648,587.62,400.95,516.42,402.75,540,3611,-192,3592,1631,1415
534650,586.98,401.4,517.38,401.85,533,3616,-181,3583,1630,1417
534652,587.22,401.4,516.42,403.575,536,3617,-193,3601,1633,1421
534654,586.82,401.4,516.42,402.675,532,3617,-192,3591,1633,1424
534656,586.82,402,516.74,402.975,531,3623,-189,3595,1632,1419
534658,586.9,401.85,517.06,404.475,532,3622,-186,3612,1636,1422
534660,586.58,402.525,517.62,403.875,529,3630,-180,3606,1638,1426
534662,586.58,401.85,518.18,402.45,529,3622,-173,3591,1639,1427
534664,586.98,403.65,517.62,402.525,532,3643,-179,3592,1642,1423
534666,585.94,403.2,519.54,401.775,522,3637,-159,3584,1637,1426
534668,586.02,403.65,519.54,401.4,523,3642,-159,3581,1636,1423
534670,585.7,403.35,518.02,404.025,519,3639,-176,3609,1640,1425
534672,586.02,403.65,519.06,402.6,523,3642,-164,3594,1642,1430
534674,585.62,403.575,520.66,401.625,519,3642,-146,3584,1643,1431
534676,586.42,402.45,521.94,401.775,528,3629,-133,3587,1642,1430
534678,586.26,402.525,521.7,400.875,527,3630,-135,3577,1643,1434
534680,586.98,402,522.1,399.75,535,3625,-130,3564,1646,1434
534682,586.9,402,522.26,399.75,534,3625,-128,3564,1645,1431
534684,587.46,402.525,523.62,400.65,540,3631,-114,3575,1645,1436
534686,587.86,400.95,522.5,399.675,545,3614,-125,3564,1647,1439
534688,587.46,401.025,522.58,398.55,541,3615,-123,3551,1642,1434
534690,587.46,401.775,524.26,399.375,541,3623,-106,3561,1645,1434
534692,587.94,399.825,524.58,400.125,548,3602,-103,3570,1642,1429
534694,588.58,399.75,523.78,398.55,554,3601,-110,3552,1642,1436
534696,588.18,399.075,524.18,398.625,552,3593,-105,3554,1643,1435
534698,588.26,397.425,524.34,398.475,554,3575,-103,3552,1641,1439
534700,588.02,396.75,524.02,397.125,552,3568,-104,3537,1637,1433
534702,586.26,397.2,523.14,397.05,534,3572,-113,3535,1639,1433
534704,583.38,397.8,521.3,397.2,504,3576,-132,3535,1644,1439
534706,581.38,396.15,516.34,395.325,485,3557,-182,3512,1641,1436
534708,574.98,396.525,511.94,394.425,420,3557,-226,3499,1646,1443
534710,568.18,395.325,504.42,392.4,351,3540,-303,3473,1647,1437
534712,561.38,394.05,496.26,390,282,3521,-384,3441,1654,1436
534714,557.22,393.3,491.06,389.85,240,3511,-438,3436,1652,1438
534716,555.38,392.175,488.26,388.8,222,3496,-466,3422,1643,1438
534718,555.46,393.225,489.14,389.175,223,3508,-458,3427,1650,1436
534720,557.06,392.4,490.74,389.55,239,3499,-441,3431,1646,1438
534722,558.26,392.775,493.7,390.15,251,3504,-411,3439,1647,1440
534724,559.46,392.55,495.54,389.25,264,3500,-391,3429,1648,1439
534726,559.94,391.5,495.94,388.65,269,3490,-386,3423,1646,1438
534728,559.38,394.65,496.34,388.35,261,3522,-382,3418,1654,1439
534730,558.74,393.3,495.14,388.65,256,3507,-395,3421,1650,1441
534732,557.78,393,493.38,388.5,246,3503,-413,3418,1647,1437
534734,557.3,394.65,493.3,387.45,240,3520,-414,3405,1656,1442
534736,557.3,394.65,493.54,388.875,240,3520,-412,3421,1652,1437
534738,557.38,394.425,493.7,388.875,241,3517,-411,3421,1652,1438
534740,557.14,394.2,494.34,390.3,238,3513,-405,3436,1652,1441
534742,556.98,395.025,493.94,389.4,235,3522,-409,3426,1653,1442
534744,557.06,393.75,494.1,389.4,237,3507,-408,3425,1650,1442
534746,556.5,394.5,494.5,389.775,231,3516,-404,3430,1654,1441
534748,556.74,394.275,493.86,390.075,233,3512,-411,3432,1653,1443
534750,556.66,393.225,494.26,389.85,233,3501,-407,3429,1649,1439
534752,556.5,393.9,494.26,389.925,230,3507,-407,3429,1653,1440
534754,556.1,392.85,494.18,389.1,227,3495,-407,3420,1651,1443
534756,556.74,392.85,493.94,389.4,233,3495,-410,3423,1649,1447
534758,556.34,393.6,494.34,389.175,229,3503,-406,3420,1652,1443
534760,556.58,393.075,495.22,388.05,231,3497,-397,3408,1649,1449
534762,556.58,392.625,494.66,387.6,231,3492,-402,3403,1650,1447
534764,555.94,393.75,494.34,387.975,223,3503,-406,3406,1654,1445
534766,556.02,393.525,494.98,387.975,224,3501,-399,3406,1656,1450
534768,556.5,393,496.42,388.05,229,3495,-385,3408,1651,1444
534770,556.42,392.85,495.54,387.15,228,3494,-393,3397,1653,1446
534772,556.5,391.875,496.9,388.125,230,3483,-380,3409,1649,1446
534774,555.78,393.45,497.06,388.5,222,3500,-379,3413,1656,1444
534776,556.58,392.1,496.26,387.975,231,3485,-386,3407,1650,1446
534778,556.42,393.9,496.58,387.45,228,3505,-383,3401,1656,1447
534780,555.94,393.9,498.58,387.975,223,3505,-363,3407,1660,1445
534782,556.5,392.175,497.62,387.375,229,3486,-372,3401,1655,1446
534784,556.34,393.9,498.26,387.525,226,3505,-366,3403,1659,1443
534786,555.86,393.975,499.06,387.225,222,3506,-358,3400,1658,1445
534788,555.86,393.075,498.5,387.3,223,3496,-363,3400,1658,1442
534790,556.18,392.7,498.9,387.6,226,3492,-359,3403,1654,1443
534792,556.26,393.9,499.06,387.825,227,3505,-357,3407,1659,1444
534794,556.18,393.75,498.9,387.6,226,3503,-359,3404,1656,1439
534796,555.7,393.9,498.66,387.3,221,3505,-361,3401,1660,1442
534798,555.94,393.6,500.1,386.925,224,3502,-345,3397,1660,1441
534800,556.1,392.7,499.94,385.875,226,3492,-346,3386,1657,1444
534802,554.58,392.325,499.14,386.475,211,3487,-354,3392,1661,1440
534804,551.22,393.225,497.62,386.85,176,3495,-370,3396,1661,1440
534806,545.06,392.475,492.26,386.1,113,3484,-425,3384,1649,1443
534808,533.3,394.05,482.66,385.125,-7,3495,-523,3369,1657,1442
534810,516.26,391.725,468.34,383.4,-181,3460,-669,3342,1667,1447
534812,496.66,385.95,446.9,375.75,-378,3386,-885,3246,1664,1446
534814,475.54,379.5,426.1,368.55,-592,3303,-1095,3155,1663,1449
534816,454.98,374.1,404.58,359.475,-800,3233,-1310,3044,1669,1449
534818,433.62,366.75,382.26,347.85,-1015,3140,-1532,2904,1669,1457
534820,413.86,354.75,361.46,336.9,-1210,2998,-1738,2772,1652,1447
534822,395.14,343.8,342.66,331.95,-1395,2867,-1930,2707,1649,1438
534824,375.38,333.375,323.06,319.05,-1590,2742,-2122,2555,1640,1442
534826,356.18,324.375,301.38,307.8,-1782,2633,-2337,2419,1618,1434
534828,337.46,313.125,280.34,299.85,-1965,2500,-2549,2320,1617,1430
534830,320.74,301.65,260.42,292.125,-2129,2364,-2749,2224,1597,1424
534832,307.38,296.25,243.62,282.525,-2262,2299,-2914,2110,1580,1419
534834,298.74,291,230.5,280.275,-2347,2236,-3049,2077,1563,1410
534836,293.7,291.825,220.18,279.75,-2399,2243,-3155,2066,1551,1399
534838,291.06,292.725,215.78,279.225,-2427,2250,-3201,2057,1553,1392
534840,289.86,292.5,211.78,280.5,-2438,2248,-3242,2069,1553,1397
534842,289.7,292.65,210.42,280.5,-2441,2250,-3257,2069,1558,1400
534844,290.1,294,210.98,278.925,-2436,2265,-3248,2052,1567,1398
534846,289.46,291.825,212.26,275.55,-2441,2241,-3232,2017,1574,1403
534848,288.58,291.15,212.34,271.95,-2449,2234,-3226,1978,1574,1402
534850,287.62,290.475,212.74,270.225,-2458,2226,-3221,1960,1583,1402
534852,285.86,288.825,211.46,269.4,-2473,2207,-3231,1950,1575,1400
534854,285.46,288.75,211.06,269.025,-2477,2207,-3236,1946,1581,1400
534856,285.3,289.275,211.06,269.625,-2478,2212,-3235,1952,1582,1396
534858,284.34,287.4,211.54,268.725,-2486,2192,-3228,1944,1574,1395
534860,284.5,290.55,211.14,270.075,-2486,2226,-3233,1959,1580,1400
534862,283.22,287.25,211.3,270.375,-2496,2189,-3231,1962,1574,1397
534864,282.98,287.325,212.02,269.925,-2498,2190,-3222,1957,1568,1390
534866,282.58,287.625,212.02,270.3,-2502,2193,-3223,1961,1571,1395
534868,281.86,285.225,212.26,269.55,-2507,2167,-3218,1953,1560,1390
534870,281.46,285.525,213.06,268.8,-2511,2170,-3209,1946,1563,1393
534872,281.38,284.775,214.82,268.425,-2510,2162,-3189,1943,1557,1387
534874,280.74,284.625,214.9,268.8,-2516,2160,-3189,1947,1558,1385
534876,280.26,283.875,214.98,268.725,-2519,2151,-3186,1946,1556,1383
534878,279.62,282.975,215.06,267.375,-2525,2141,-3184,1932,1555,1386
534880,280.42,283.8,215.06,267,-2516,2151,-3183,1927,1554,1387
534882,279.94,283.575,216.02,266.4,-2522,2148,-3172,1922,1554,1382
534884,279.62,282.675,216.98,265.875,-2523,2138,-3160,1916,1550,1385
534886,279.22,280.725,216.98,265.95,-2525,2116,-3160,1917,1548,1385
534888,278.42,280.425,217.38,265.8,-2532,2113,-3155,1915,1545,1383
534890,278.74,280.725,216.9,265.35,-2529,2115,-3160,1911,1548,1382
534892,277.86,278.925,217.78,265.275,-2536,2096,-3149,1910,1541,1379
534894,277.22,279.825,217.46,265.125,-2543,2105,-3153,1908,1545,1380
534896,277.22,279.15,217.22,264.9,-2542,2097,-3154,1905,1540,1377
534898,276.5,277.95,217.14,264.825,-2548,2083,-3155,1904,1540,1379
534900,276.1,279.375,217.38,264.9,-2553,2098,-3151,1905,1540,1376
534902,275.62,276.6,218.02,263.775,-2555,2068,-3144,1893,1533,1372
534904,274.98,277.2,217.14,263.175,-2562,2074,-3152,1886,1535,1377
534906,275.46,277.2,218.1,264.15,-2557,2074,-3142,1897,1534,1374
534908,274.74,276.3,217.54,263.1,-2563,2064,-3147,1885,1534,1369
534910,274.9,275.775,217.38,262.575,-2561,2058,-3148,1879,1531,1371
534912,274.66,275.7,218.18,262.65,-2562,2056,-3140,1880,1529,1371
534914,274.74,275.25,217.94,262.575,-2562,2052,-3142,1879,1526,1367
534916,274.02,275.4,218.74,262.95,-2569,2053,-3134,1883,1524,1370
534918,273.54,275.85,217.78,262.125,-2574,2058,-3143,1873,1525,1366
534920,272.9,275.175,218.34,262.65,-2580,2050,-3137,1880,1527,1367
534922,271.94,275.025,217.46,261.225,-2590,2048,-3145,1863,1526,1366
534924,272.82,275.175,217.86,261.525,-2581,2050,-3141,1867,1522,1367
534926,273.3,274.5,218.18,261.45,-2575,2042,-3137,1866,1520,1362
534928,273.14,274.95,218.18,261.975,-2577,2047,-3138,1872,1516,1360
534930,272.82,275.4,219.14,260.925,-2580,2052,-3127,1861,1517,1364
534932,273.06,274.95,218.9,262.425,-2578,2048,-3130,1878,1520,1364
534934,273.54,274.8,219.62,261.375,-2573,2046,-3122,1867,1519,1364
534936,272.1,274.875,219.54,261.225,-2587,2046,-3123,1865,1514,1364
534938,272.34,274.95,219.3,260.475,-2585,2047,-3124,1857,1516,1362
534940,272.9,274.875,219.54,260.25,-2579,2046,-3121,1855,1513,1360
534942,271.7,275.1,219.78,261.15,-2591,2048,-3120,1865,1513,1358
534944,272.02,274.875,219.22,261,-2587,2046,-3125,1863,1510,1358
534946,272.1,275.4,220.1,259.95,-2587,2053,-3115,1852,1513,1359
534948,271.94,274.2,220.1,261,-2588,2040,-3116,1864,1511,1358
534950,271.78,274.65,220.74,260.925,-2590,2044,-3109,1864,1510,1359
534952,272.26,274.8,220.02,261.375,-2585,2047,-3117,1869,1506,1357
534954,272.1,275.4,220.98,261.45,-2588,2053,-3107,1870,1509,1361
534956,271.3,272.625,219.62,261.075,-2593,2023,-3121,1866,1504,1355
534958,270.58,272.4,220.42,261.6,-2601,2021,-3113,1872,1505,1356
534960,270.9,272.025,219.7,258.525,-2597,2017,-3117,1838,1504,1358
534962,270.18,272.1,219.78,259.8,-2604,2017,-3118,1853,1501,1356
534964,270.5,271.95,219.06,260.4,-2600,2016,-3125,1859,1503,1355
534966,270.26,271.8,219.38,258.9,-2603,2015,-3121,1843,1503,1356
534968,270.26,271.65,219.94,258.975,-2602,2013,-3115,1844,1499,1358
534970,269.78,272.1,219.94,260.55,-2608,2018,-3116,1861,1499,1352
534972,270.26,271.35,220.02,259.05,-2602,2010,-3114,1846,1501,1352
534974,269.54,270.975,220.1,259.425,-2608,2006,-3113,1850,1499,1354
534976,269.78,271.875,219.78,259.05,-2606,2016,-3116,1846,1495,1354
534978,269.38,270.15,219.3,259.2,-2610,1997,-3121,1846,1496,1353
534980,269.22,270.525,219.7,258.9,-2611,2001,-3117,1844,1496,1354
534982,268.9,270.6,219.54,258.15,-2615,2002,-3117,1836,1495,1353
534984,268.58,270.3,219.46,258.825,-2617,1998,-3119,1843,1491,1353
534986,269.22,270.15,219.86,257.1,-2611,1997,-3113,1825,1491,1353
534988,268.58,270.375,219.54,258.75,-2617,1999,-3118,1843,1489,1350
534990,268.18,269.325,219.86,256.8,-2621,1987,-3113,1822,1493,1355
534992,267.7,269.625,220.02,258.3,-2626,1990,-3112,1837,1489,1350
534994,268.42,268.575,219.54,257.55,-2617,1979,-3117,1829,1488,1350
534996,266.58,267.9,219.86,257.4,-2636,1970,-3113,1828,1489,1353
534998,268.18,268.425,219.3,257.4,-2620,1978,-3119,1827,1492,1353
535000,267.46,267.525,219.94,257.25,-2626,1967,-3112,1826,1492,1354
535002,267.46,266.925,220.5,255.825,-2625,1961,-3104,1811,1490,1351
535004,267.86,267.825,220.66,256.875,-2622,1970,-3104,1821,1491,1347
535006,267.22,268.275,220.9,256.5,-2629,1974,-3100,1818,1487,1345
535008,267.62,267.9,220.02,257.25,-2624,1970,-3111,1825,1487,1349
535010,267.46,267.525,220.98,255.75,-2626,1966,-3099,1809,1488,1351
535012,267.14,267.825,220.02,256.275,-2629,1969,-3110,1814,1489,1351
535014,267.3,267.3,220.58,257.175,-2628,1963,-3105,1824,1489,1350
535016,266.9,267.225,220.74,256.5,-2631,1961,-3103,1817,1487,1348
535018,267.3,267.975,220.98,256.575,-2628,1970,-3100,1817,1486,1350
535020,267.54,267.075,222.02,256.725,-2625,1960,-3089,1820,1490,1348
535022,267.06,267.375,221.06,257.025,-2630,1963,-3100,1822,1486,1346
535024,267.54,268.875,221.62,256.5,-2627,1979,-3093,1817,1487,1349
535026,267.22,267,221.3,257.325,-2628,1959,-3098,1825,1488,1349
535028,267.78,268.35,221.22,258.375,-2624,1974,-3099,1836,1486,1351
535030,267.14,267.975,222.34,256.8,-2630,1969,-3086,1820,1486,1345
535032,267.78,268.425,222.34,257.625,-2623,1974,-3087,1828,1485,1348
535034,267.3,268.275,221.46,256.425,-2629,1972,-3095,1815,1483,1349
535036,268.26,268.5,222.1,256.725,-2618,1975,-3089,1818,1487,1346
535038,267.78,267.75,221.86,257.4,-2622,1967,-3092,1826,1486,1351
535040,267.78,268.8,221.78,256.5,-2623,1978,-3092,1816,1486,1349
535042,267.3,268.65,222.34,256.65,-2629,1976,-3086,1818,1486,1348
535044,268.5,268.35,223.14,257.025,-2616,1973,-3077,1822,1483,1347
535046,266.9,268.2,222.1,256.725,-2632,1970,-3088,1819,1489,1347
535048,267.46,268.425,222.26,256.875,-2626,1973,-3086,1819,1485,1347
535050,267.38,267.75,222.34,256.875,-2626,1966,-3085,1820,1488,1353
535052,267.3,267.075,222.74,257.325,-2626,1958,-3081,1824,1487,1344
535054,267.46,267.975,222.66,256.2,-2625,1968,-3081,1812,1484,1348
535056,267.14,267.825,221.78,257.55,-2628,1966,-3092,1826,1485,1351
535058,267.3,267.375,222.74,256.35,-2626,1961,-3080,1814,1487,1346
535060,266.58,267.6,222.1,255.975,-2633,1963,-3086,1809,1486,1349
535062,267.06,267.9,222.58,255.825,-2629,1966,-3081,1808,1487,1349
535064,266.98,266.775,222.34,256.425,-2629,1955,-3084,1814,1484,1349
535066,266.58,267,221.86,256.725,-2633,1957,-3090,1817,1486,1351
535068,266.58,267,221.86,256.725,-2633,1957,-3089,1818,1486,1349
535070,267.14,267.6,221.46,255.375,-2627,1964,-3092,1803,1487,1349
535072,266.74,267.3,221.94,256.425,-2631,1960,-3088,1814,1487,1350
535074,267.14,266.625,222.34,256.35,-2627,1952,-3084,1813,1485,1349
535076,267.38,267,221.06,256.65,-2624,1957,-3097,1815,1491,1351
535078,266.82,266.85,221.3,255.75,-2630,1954,-3094,1806,1487,1354
535080,266.42,267.45,221.62,256.05,-2635,1961,-3091,1810,1488,1351
535082,266.66,267.375,222.02,256.35,-2633,1960,-3088,1812,1487,1351
535084,266.66,267.075,220.9,255.675,-2633,1957,-3099,1805,1486,1352
535086,266.42,267,221.22,256.575,-2635,1955,-3096,1814,1485,1354
535088,266.58,266.775,221.14,255.825,-2633,1953,-3097,1806,1486,1354
535090,266.74,266.775,221.46,256.5,-2632,1954,-3094,1814,1485,1354
535092,266.18,267,220.98,256.35,-2638,1955,-3100,1812,1488,1353
535094,266.58,267.75,221.06,256.275,-2634,1964,-3098,1811,1489,1352
535096,266.18,267.75,221.14,256.425,-2639,1963,-3098,1812,1485,1353
535098,266.58,267.525,221.46,256.2,-2635,1961,-3095,1810,1488,1355
535100,266.5,266.475,220.82,256.05,-2635,1949,-3101,1808,1489,1354
535102,266.1,267.15,221.3,256.2,-2640,1957,-3097,1810,1487,1354
535104,265.7,266.55,220.82,256.425,-2644,1950,-3103,1812,1489,1357
535106,266.34,267.075,220.74,256.95,-2638,1956,-3104,1818,1491,1353
535108,265.78,267.075,221.54,255.45,-2644,1956,-3095,1802,1486,1355
535110,266.02,267.075,221.22,255.375,-2641,1955,-3097,1801,1487,1355
535112,266.66,268.05,220.82,255,-2636,1967,-3102,1796,1492,1355
535114,266.02,267.225,220.66,255.9,-2643,1957,-3105,1806,1493,1359
535116,265.86,267.825,220.1,255.375,-2645,1963,-3111,1800,1490,1358
535118,266.02,267.975,221.06,255.375,-2644,1965,-3101,1801,1490,1358
535120,266.1,267.75,220.18,256.05,-2644,1963,-3111,1807,1491,1356
535122,266.58,268.125,220.82,255.375,-2639,1967,-3104,1800,1496,1357
535124,266.42,268.425,220.58,255.9,-2641,1970,-3107,1806,1496,1359
535126,266.1,266.475,220.1,254.85,-2643,1949,-3112,1794,1492,1359
535128,266.02,268.275,220.82,255.6,-2646,1968,-3106,1803,1496,1354
535130,266.1,268.575,220.42,255.225,-2646,1971,-3109,1799,1499,1362
535132,266.02,268.8,220.5,255.675,-2648,1974,-3110,1803,1498,1361
535134,267.14,268.575,221.3,256.05,-2636,1973,-3101,1808,1496,1362
535136,266.98,269.625,220.82,256.5,-2639,1984,-3108,1813,1500,1361
535138,265.06,269.25,220.26,255,-2658,1979,-3112,1795,1501,1363
535140,260.1,269.4,217.22,255.225,-2711,1977,-3145,1797,1504,1361
535142,254.9,269.625,209.62,253.05,-2765,1976,-3222,1768,1502,1359
535144,244.66,267.6,200.74,248.625,-2870,1947,-3311,1714,1507,1357
535146,234.1,263.625,187.38,243.15,-2977,1898,-3446,1646,1503,1363
535148,220.74,257.85,174.18,233.7,-3111,1827,-3575,1536,1500,1359
535150,208.1,247.65,159.46,223.35,-3234,1709,-3718,1414,1496,1359
535152,196.18,236.475,145.7,215.7,-3348,1580,-3855,1323,1487,1354
535154,185.7,223.875,134.02,210.3,-3445,1437,-3971,1257,1465,1348
535156,177.46,217.125,123.86,204.9,-3524,1359,-4072,1192,1455,1340
535158,171.14,211.425,116.58,199.575,-3584,1293,-4143,1130,1443,1326
535160,169.06,208.65,112.34,197.325,-3604,1261,-4185,1102,1429,1322
535162,167.14,204.975,108.74,194.475,-3619,1221,-4220,1070,1418,1313
535164,167.38,202.875,106.74,192.45,-3615,1199,-4238,1046,1413,1309
535166,166.66,200.625,105.46,185.475,-3620,1174,-4245,971,1413,1318
535168,165.78,198.75,104.74,181.725,-3627,1153,-4247,930,1414,1328
535170,165.22,196.5,104.5,180.975,-3631,1129,-4250,921,1417,1325
535172,166.5,195.75,104.1,178.65,-3616,1121,-4251,896,1415,1325
535174,166.9,195.075,104.26,178.2,-3612,1114,-4249,892,1418,1324
535176,168.18,195.45,104.98,178.875,-3599,1119,-4242,900,1422,1327
535178,168.1,196.875,105.14,179.1,-3601,1134,-4240,902,1422,1328
535180,168.34,197.175,105.38,180.375,-3599,1138,-4240,916,1425,1332
535182,168.34,197.175,105.3,179.925,-3599,1138,-4240,911,1430,1331
535184,166.74,197.475,105.78,179.475,-3616,1140,-4234,907,1427,1331
535186,167.14,196.425,106.02,179.625,-3610,1129,-4232,909,1431,1332
535188,166.66,196.5,105.3,179.325,-3615,1130,-4238,905,1432,1334
535190,165.3,195.825,105.38,179.775,-3629,1121,-4238,909,1431,1333
535192,164.82,195.15,107.06,180.45,-3633,1115,-4221,918,1430,1332
535194,164.82,195.375,107.14,179.1,-3633,1117,-4219,904,1433,1335
535196,164.18,194.85,107.38,178.875,-3638,1111,-4215,902,1431,1335
535198,163.78,194.4,106.9,177.825,-3642,1106,-4220,891,1432,1338
535200,164.58,193.875,106.82,179.475,-3634,1101,-4222,908,1433,1335
535202,164.26,192.375,107.38,177.975,-3635,1085,-4214,893,1439,1338
535204,163.7,193.425,107.86,178.2,-3642,1096,-4210,895,1435,1338
535206,163.86,190.725,108.34,177.375,-3637,1067,-4204,887,1440,1337
535208,163.38,190.65,108.02,177.75,-3642,1067,-4207,892,1440,1338
535210,163.06,191.1,108.42,176.85,-3646,1071,-4202,882,1440,1340
535212,162.66,191.025,108.26,177.225,-3650,1071,-4203,886,1438,1341
535214,162.74,191.625,108.26,177.15,-3650,1077,-4203,885,1437,1342
535216,162.66,189.525,109.54,176.475,-3648,1055,-4189,880,1441,1342
535218,162.1,189.825,109.14,176.7,-3654,1058,-4194,882,1443,1343
535220,162.18,188.925,109.46,176.4,-3653,1048,-4190,879,1444,1345
535222,161.78,188.7,109.14,176.475,-3656,1046,-4193,880,1446,1342
535224,162.18,189.375,109.22,175.425,-3653,1053,-4191,869,1443,1344
535226,161.86,188.25,108.5,175.65,-3655,1041,-4199,871,1444,1347
535228,161.22,187.425,109.14,176.475,-3660,1033,-4193,880,1443,1344
535230,161.22,187.2,108.74,174.975,-3661,1030,-4196,864,1445,1349
535232,161.7,188.1,109.78,175.725,-3656,1040,-4186,873,1446,1348
535234,161.06,186.75,109.3,175.2,-3661,1025,-4190,867,1445,1347
535236,160.98,187.275,109.22,175.05,-3663,1031,-4191,865,1445,1349
535238,161.22,186.525,109.22,174.075,-3660,1023,-4190,855,1449,1349
535240,161.06,186.225,108.66,174.225,-3661,1020,-4196,857,1445,1351
535242,161.3,186.225,109.22,174.3,-3659,1020,-4190,858,1447,1349
535244,160.9,185.85,108.58,174.825,-3663,1016,-4197,863,1448,1349
535246,160.58,183.825,109.46,174.3,-3664,994,-4187,858,1450,1351
535248,161.06,186.075,109.22,173.775,-3662,1018,-4190,852,1448,1353
535250,161.14,184.725,109.22,174.375,-3659,1004,-4190,859,1451,1353
535252,160.58,184.2,109.22,174.075,-3665,998,-4190,855,1452,1349
535254,160.9,184.8,108.66,173.25,-3662,1005,-4195,846,1451,1354
535256,160.82,184.425,109.62,174.9,-3663,1001,-4187,865,1452,1351
535258,160.82,183.075,109.7,173.175,-3661,986,-4185,847,1453,1352
535260,160.18,183.975,109.54,173.25,-3669,995,-4186,847,1452,1354
535262,160.66,183.45,109.14,172.35,-3664,990,-4190,837,1453,1357
535264,159.78,183.375,109.54,172.95,-3673,989,-4187,844,1457,1355
535266,159.7,183.75,109.78,173.85,-3674,993,-4185,854,1452,1355
535268,159.86,183.675,109.46,172.575,-3673,992,-4187,840,1453,1354
535270,159.62,184.5,110.5,173.55,-3677,1000,-4178,851,1455,1357
535272,159.78,183.75,109.22,173.25,-3674,993,-4191,847,1454,1356
535274,159.06,183.45,109.86,172.5,-3682,989,-4184,839,1455,1357
535276,158.74,183.6,109.78,172.875,-3685,990,-4185,843,1456,1356
535278,158.58,182.4,109.3,174.45,-3686,978,-4192,860,1459,1357
535280,158.98,183.075,110.1,172.875,-3683,985,-4183,843,1457,1357
535282,158.26,182.475,110.18,173.25,-3690,978,-4182,847,1459,1360
535284,159.14,183,110.26,173.025,-3681,984,-4181,845,1458,1358
535286,158.18,181.875,110.02,172.65,-3690,972,-4183,841,1462,1355
535288,158.5,182.475,110.66,172.575,-3688,979,-4177,840,1458,1363
535290,158.18,181.65,110.1,172.35,-3690,969,-4183,837,1463,1360
535292,158.02,181.35,109.94,171.6,-3692,966,-4184,830,1463,1361
535294,158.34,180.9,110.02,171.975,-3689,962,-4184,834,1462,1359
535296,157.54,181.425,110.9,172.2,-3698,966,-4175,837,1462,1359
535298,157.78,181.875,110.26,172.275,-3696,971,-4182,837,1463,1359
535300,157.86,181.35,110.5,172.65,-3695,966,-4180,841,1462,1362
535302,157.7,181.275,110.74,173.1,-3696,965,-4178,846,1464,1362
535304,157.14,180.6,111.06,172.05,-3701,958,-4174,835,1467,1363
535306,157.46,180.45,110.5,172.35,-3699,956,-4180,838,1467,1361
535308,156.9,180,110.26,172.35,-3704,951,-4183,838,1467,1367
535310,157.46,180.75,110.5,173.175,-3699,959,-4181,847,1466,1361
535312,157.46,181.125,110.66,172.425,-3700,963,-4180,839,1467,1364
535314,157.22,181.5,111.38,171.825,-3703,967,-4171,833,1464,1369
535316,157.14,181.05,111.06,173.775,-3703,963,-4177,854,1466,1363
535318,156.74,181.275,112.1,171.675,-3708,965,-4164,832,1466,1364
535320,157.3,181.5,111.06,172.05,-3702,968,-4176,835,1469,1366
535322,156.5,181.05,110.58,173.7,-3710,963,-4182,853,1467,1365
535324,156.9,181.65,110.58,172.575,-3707,970,-4181,841,1465,1364
535326,157.3,181.875,110.82,173.325,-3703,972,-4179,850,1465,1366
535328,156.26,181.95,111.14,173.475,-3714,972,-4177,851,1466,1366
535330,155.78,182.1,111.3,172.575,-3720,974,-4174,842,1468,1366
535332,156.5,181.5,110.82,172.35,-3711,968,-4179,839,1468,1367
535334,156.5,181.725,111.38,173.475,-3711,970,-4174,852,1468,1367
535336,156.58,181.575,111.14,172.125,-3711,970,-4176,838,1467,1364
535338,156.66,181.05,111.46,171.975,-3709,964,-4172,837,1468,1365
535340,156.9,181.35,112.1,172.875,-3708,967,-4166,846,1467,1368
535342,156.18,180.975,111.86,172.95,-3715,963,-4169,847,1470,1366
535344,157.3,180.525,111.94,171.075,-3703,959,-4167,828,1471,1368
535346,156.66,179.775,112.26,172.275,-3709,951,-4164,841,1470,1370
535348,157.06,180.675,111.94,171.225,-3705,961,-4167,829,1470,1366
535350,156.98,179.85,111.46,171.675,-3706,952,-4173,834,1472,1368
535352,156.98,179.775,112.18,170.7,-3706,952,-4164,825,1469,1369
535354,157.14,179.4,112.02,171.225,-3704,948,-4166,830,1471,1368
535356,156.98,178.275,111.86,170.25,-3704,936,-4167,820,1471,1370
535358,157.14,178.125,111.78,170.925,-3703,935,-4169,827,1474,1362
535360,157.46,177.75,111.86,170.55,-3699,931,-4167,823,1472,1367
535362,156.74,178.05,112.5,170.7,-3707,934,-4161,825,1475,1367
535364,157.38,178.35,112.26,170.475,-3701,937,-4163,823,1472,1368
535366,156.98,177.45,112.26,171.375,-3703,928,-4164,833,1474,1372
535368,156.98,178.125,112.42,171.675,-3705,935,-4163,836,1475,1369
535370,156.9,177.45,112.58,170.4,-3705,928,-4160,822,1473,1369
535372,156.82,177.15,111.94,170.925,-3706,924,-4167,828,1471,1368
535374,155.7,176.325,112.18,171.675,-3716,915,-4166,836,1474,1368
535376,156.26,177.15,112.58,171.375,-3711,924,-4161,833,1471,1369
535378,156.26,177.75,111.94,172.125,-3712,930,-4169,841,1476,1371
535380,155.94,179.475,112.34,172.5,-3716,949,-4165,845,1473,1368
535382,156.34,178.875,111.86,173.925,-3711,943,-4171,860,1475,1364
535384,156.26,178.275,112.18,173.1,-3712,937,-4166,852,1476,1369
535386,155.62,178.5,112.18,174.825,-3719,939,-4168,870,1475,1365
535388,155.3,178.95,111.94,173.7,-3722,943,-4169,858,1472,1363
535390,156.1,178.95,111.54,173.325,-3714,944,-4173,854,1472,1364
535392,155.86,179.325,112.98,174.075,-3717,948,-4159,863,1475,1364
535394,156.58,180,112.74,174,-3710,956,-4161,862,1475,1368
535396,155.86,181.5,112.5,174.975,-3718,972,-4164,873,1470,1365
535398,155.7,180.15,112.42,173.85,-3718,957,-4164,861,1477,1366
535400,156.1,180.525,113.46,174.6,-3714,962,-4153,870,1474,1368
535402,155.7,180.15,113.3,174.6,-3718,958,-4155,870,1472,1367
535404,155.54,180.6,111.78,174.6,-3719,963,-4170,869,1475,1363
535406,156.42,180,113.14,174.75,-3709,957,-4156,872,1475,1366
535408,156.18,179.7,113.14,174.9,-3711,954,-4155,874,1475,1362
535410,156.98,179.775,115.38,174.9,-3703,956,-4132,875,1476,1366
535412,159.62,179.55,117.3,173.475,-3675,955,-4110,862,1474,1368
535414,164.98,181.2,122.34,175.575,-3620,977,-4059,888,1474,1361
535416,170.1,181.35,128.5,178.05,-3566,982,-3997,919,1476,1364
535418,180.1,181.575,138.34,181.425,-3463,991,-3898,961,1479,1370
535420,192.26,186.375,150.42,185.25,-3341,1051,-3775,1010,1478,1368
535422,206.74,188.925,162.98,193.125,-3193,1088,-3653,1103,1487,1374
535424,220.26,195,175.94,199.95,-3058,1162,-3523,1186,1493,1367
535426,234.34,204.15,189.06,204.15,-2920,1269,-3391,1239,1500,1374
535428,248.1,215.475,199.06,210.375,-2788,1400,-3293,1312,1504,1378
535430,260.98,225.75,209.38,216.15,-2664,1519,-3191,1381,1515,1387
535432,273.14,234.525,217.3,221.775,-2545,1621,-3114,1448,1528,1394
535434,283.86,243.075,222.82,229.125,-2442,1720,-3063,1530,1538,1393
535436,294.34,253.575,228.34,238.125,-2342,1839,-3014,1630,1545,1390
535438,300.66,262.8,231.3,248.1,-2285,1943,-2993,1740,1553,1392
535440,305.22,269.025,232.42,255.15,-2243,2013,-2987,1816,1544,1399
535442,311.06,274.05,234.74,259.65,-2187,2070,-2967,1866,1548,1399
535444,313.7,276.225,235.46,262.95,-2161,2095,-2962,1902,1549,1400
535446,314.98,278.325,236.42,264.6,-2149,2118,-2954,1920,1552,1401
535448,316.42,279.15,235.38,266.025,-2134,2127,-2966,1934,1558,1404
535450,315.86,279.375,236.82,266.25,-2141,2129,-2951,1937,1558,1406
535452,314.82,279.45,235.94,266.4,-2151,2128,-2960,1937,1557,1400
535454,312.98,280.05,236.1,265.575,-2171,2134,-2958,1928,1558,1404
535456,311.78,279.6,235.54,264.375,-2183,2127,-2962,1914,1560,1399
535458,310.98,277.95,236.34,265.05,-2189,2109,-2954,1922,1551,1400
535460,310.26,277.5,236.66,263.7,-2197,2102,-2950,1906,1549,1397
535462,310.42,277.125,237.54,263.55,-2194,2098,-2941,1905,1544,1401
535464,310.1,278.1,238.18,264.75,-2198,2107,-2935,1917,1547,1399
535466,309.54,277.725,239.46,266.775,-2204,2103,-2923,1940,1546,1394
535468,309.46,279.3,239.22,267.75,-2206,2118,-2927,1949,1545,1393
535470,308.5,279.975,239.62,267.75,-2217,2126,-2923,1950,1551,1396
535472,308.74,281.475,239.38,267.45,-2216,2141,-2925,1945,1551,1391
535474,308.5,280.575,239.46,267.825,-2218,2131,-2924,1949,1549,1395
535476,308.74,280.5,239.78,268.65,-2215,2129,-2923,1958,1551,1394
535478,307.62,281.325,240.5,268.275,-2227,2138,-2914,1954,1554,1391
535480,308.18,281.55,239.94,269.85,-2222,2140,-2922,1971,1550,1390
535482,307.54,281.325,240.42,268.8,-2228,2137,-2916,1959,1552,1396
535484,307.78,280.875,241.14,269.175,-2226,2132,-2909,1963,1552,1396
535486,307.14,280.95,241.54,269.025,-2232,2132,-2905,1962,1552,1393
535488,305.78,281.4,241.94,269.1,-2248,2136,-2901,1963,1548,1391
535490,306.1,280.425,241.94,267.6,-2243,2126,-2900,1947,1554,1396
535492,306.42,281.1,241.62,267.45,-2241,2133,-2903,1944,1552,1396
535494,304.9,278.7,243.62,268.125,-2255,2106,-2883,1953,1546,1389
535496,305.7,279.975,243.54,268.5,-2248,2120,-2885,1957,1549,1393
535498,305.22,279.75,244.34,268.725,-2253,2118,-2877,1959,1553,1390
535500,305.46,280.05,244.34,267.225,-2252,2121,-2876,1943,1549,1394
535502,304.66,279.225,244.18,269.1,-2259,2111,-2879,1964,1548,1389
535504,304.74,279.15,244.34,267.975,-2259,2111,-2877,1952,1551,1391
535506,304.42,279.45,244.42,267.825,-2263,2114,-2876,1950,1550,1391
535508,304.58,279.975,245.38,268.425,-2262,2120,-2867,1958,1546,1386
535510,304.58,280.425,244.82,268.725,-2262,2125,-2873,1960,1553,1390
535512,304.26,279.3,245.78,268.425,-2265,2113,-2864,1958,1545,1388
535514,304.26,280.8,245.7,267.6,-2267,2130,-2864,1950,1552,1391
535516,303.54,279.225,245.54,268.95,-2273,2112,-2867,1964,1550,1389
535518,302.66,279.225,245.7,267.9,-2282,2111,-2865,1953,1548,1390
535520,302.66,279.375,245.62,267.45,-2283,2113,-2865,1948,1550,1390
535522,303.22,279.9,245.54,267.525,-2278,2120,-2867,1949,1552,1388
535524,302.42,279.15,246.18,268.2,-2285,2111,-2861,1958,1548,1388
535526,302.66,279.675,245.78,267.6,-2284,2117,-2865,1951,1552,1392
535528,302.5,279.975,246.5,268.5,-2286,2121,-2858,1961,1552,1386
535530,301.86,278.85,246.58,268.875,-2292,2108,-2857,1965,1548,1387
535532,301.78,279.375,246.1,267.825,-2293,2114,-2863,1954,1549,1388
535534,302.18,280.65,246.18,267.975,-2291,2128,-2862,1956,1553,1385
535536,301.78,279.15,246.58,267.75,-2294,2113,-2858,1954,1548,1388
535538,302.18,280.35,246.42,267.825,-2291,2125,-2859,1955,1550,1387
535540,302.26,280.35,247.22,269.25,-2291,2126,-2853,1971,1551,1383
535542,302.18,280.425,247.3,269.775,-2292,2127,-2853,1977,1550,1385
535544,302.1,280.65,247.3,268.5,-2293,2130,-2853,1964,1551,1387
535546,301.38,280.725,247.46,267.3,-2300,2130,-2850,1951,1556,1385
535548,301.3,279.45,247.06,267.6,-2302,2117,-2855,1955,1553,1387
535550,301.7,280.5,247.14,268.575,-2298,2129,-2855,1965,1556,1384
535552,301.54,280.65,247.7,268.65,-2300,2131,-2850,1967,1556,1382
535554,301.46,279.825,247.94,268.05,-2300,2122,-2846,1961,1552,1387
535556,301.62,281.7,247.86,268.35,-2301,2143,-2848,1964,1558,1381
535558,302.34,281.175,247.62,268.725,-2292,2138,-2850,1969,1557,1385
535560,301.78,280.2,247.62,268.275,-2297,2127,-2851,1964,1551,1384
535562,301.14,279.825,248.42,267.75,-2304,2123,-2841,1959,1558,1382
535564,300.9,280.2,248.02,268.275,-2307,2127,-2847,1964,1557,1384
535566,300.9,279.675,247.7,267.9,-2307,2122,-2849,1961,1553,1384
535568,301.3,279.825,248.98,268.575,-2303,2124,-2837,1969,1553,1381
535570,301.06,279.975,249.06,268.125,-2306,2126,-2836,1964,1550,1380
535572,301.38,280.275,248.18,268.875,-2303,2129,-2846,1972,1553,1382
535574,301.38,280.2,248.9,268.125,-2303,2129,-2838,1965,1554,1381
535576,301.78,279.225,249.46,268.875,-2298,2119,-2833,1974,1553,1380
535578,301.46,279.15,249.38,268.125,-2301,2119,-2833,1966,1550,1382
535580,301.22,281.25,248.5,268.125,-2306,2142,-2842,1966,1556,1378
535582,300.98,278.7,248.9,267.675,-2306,2114,-2838,1962,1548,1382
535584,300.9,279.15,249.38,268.35,-2307,2119,-2833,1970,1550,1381
535586,301.38,281.175,249.3,268.425,-2304,2141,-2834,1970,1554,1376
535588,300.98,279.225,250.18,268.05,-2306,2121,-2824,1968,1548,1381
535590,301.62,280.95,249.3,267.825,-2301,2140,-2833,1964,1554,1383
535592,300.98,281.475,249.22,268.05,-2308,2146,-2835,1967,1554,1378
535594,300.74,279.45,250.02,267.9,-2309,2123,-2826,1966,1550,1378
535596,301.62,280.5,250.34,267.675,-2301,2136,-2822,1965,1552,1379
535598,300.58,278.775,250.66,267.45,-2310,2116,-2819,1962,1552,1372
535600,301.06,279.075,250.82,267,-2305,2120,-2816,1957,1553,1376
535602,300.82,278.4,249.62,267.525,-2307,2113,-2830,1962,1551,1379
535604,300.98,277.125,249.86,267.3,-2304,2099,-2826,1960,1547,1378
535606,300.26,276.6,250.42,265.95,-2311,2093,-2819,1946,1547,1380
535608,300.74,277.05,250.02,267.3,-2306,2098,-2824,1960,1548,1378
535610,300.42,275.175,250.58,265.425,-2307,2078,-2817,1940,1544,1379
535612,300.9,277.125,251.22,267.3,-2304,2099,-2811,1962,1547,1373
535614,300.1,275.55,251.3,265.95,-2311,2082,-2810,1947,1541,1371
535616,300.58,276.45,251.46,266.925,-2306,2091,-2808,1958,1545,1370
535618,300.9,275.775,251.38,267.3,-2302,2085,-2809,1961,1546,1371
535620,299.62,274.2,250.82,266.85,-2314,2067,-2815,1956,1542,1375
535622,300.26,275.4,251.3,267.15,-2308,2080,-2810,1960,1543,1371
535624,300.1,276.15,250.74,265.65,-2311,2087,-2814,1943,1544,1377
535626,298.58,274.05,250.18,265.725,-2324,2064,-2820,1943,1542,1370
535628,298.02,273.525,247.3,263.925,-2329,2058,-2848,1922,1541,1372
535630,296.66,273.075,245.3,262.125,-2343,2052,-2867,1901,1541,1374
535632,292.82,271.8,243.3,261,-2382,2035,-2887,1887,1533,1372
535634,291.22,270.975,240.1,259.5,-2397,2026,-2918,1869,1540,1369
535636,289.86,269.625,238.98,259.425,-2410,2010,-2930,1867,1534,1363
535638,289.46,269.625,238.1,259.65,-2414,2010,-2939,1869,1530,1368
535640,291.86,269.625,239.22,258.975,-2389,2011,-2927,1863,1528,1371
535642,293.3,269.85,239.94,259.8,-2374,2015,-2920,1872,1527,1366
535644,294.5,269.85,241.78,259.275,-2362,2016,-2900,1867,1529,1373
535646,295.38,270.975,242.42,260.175,-2354,2028,-2894,1878,1535,1369
535648,294.98,270.825,241.94,260.025,-2358,2026,-2899,1876,1533,1371
535650,293.54,270.45,242.9,260.625,-2372,2021,-2890,1882,1529,1371
535652,293.22,271.35,243.3,259.2,-2376,2031,-2884,1868,1534,1372
535654,292.82,271.65,242.74,260.175,-2381,2034,-2891,1878,1531,1369
535656,293.54,272.325,242.66,258.225,-2374,2042,-2890,1857,1535,1369
535658,293.62,271.2,242.42,260.775,-2372,2030,-2895,1885,1530,1373
535660,293.06,273.075,242.74,260.4,-2379,2050,-2891,1881,1533,1370
535662,292.5,272.625,242.74,259.875,-2384,2045,-2890,1875,1538,1370
535664,292.18,271.8,242.74,259.95,-2387,2036,-2890,1876,1530,1371
535666,292.42,272.475,243.3,260.025,-2385,2043,-2885,1877,1532,1364
535668,292.1,270.9,242.9,259.425,-2387,2027,-2888,1871,1532,1363
535670,291.7,271.425,242.98,259.275,-2392,2032,-2887,1869,1530,1365
535672,291.06,271.125,243.14,258.75,-2398,2029,-2884,1864,1532,1366
535674,292.34,272.325,243.54,258.975,-2385,2043,-2881,1867,1537,1371
535676,290.9,270.525,243.54,258.6,-2398,2022,-2880,1863,1528,1367
535678,292.18,272.025,243.62,258,-2386,2040,-2878,1857,1535,1370
535680,291.78,271.65,243.78,257.775,-2390,2036,-2876,1855,1533,1368
535682,291.7,271.95,243.14,257.775,-2391,2039,-2883,1854,1533,1363
535684,290.9,270.825,242.26,257.25,-2398,2027,-2891,1848,1532,1368
535686,291.22,271.2,242.82,257.85,-2395,2031,-2886,1856,1536,1365
535688,290.66,270.75,242.9,258.375,-2401,2026,-2886,1862,1526,1363
535690,290.42,270.825,242.42,257.775,-2403,2027,-2890,1855,1534,1355
535692,290.1,271.125,242.82,258.675,-2407,2030,-2887,1865,1537,1360
535694,289.78,270.075,243.14,258.825,-2409,2018,-2884,1867,1530,1361
535696,289.14,269.025,242.02,259.125,-2415,2007,-2896,1870,1530,1361
535698,289.38,269.775,242.98,259.125,-2413,2015,-2886,1870,1529,1361
535700,288.9,269.55,243.7,259.275,-2418,2013,-2879,1873,1533,1365
535702,288.58,269.325,242.74,258.675,-2420,2010,-2887,1866,1533,1359
535704,288.26,268.275,242.42,257.85,-2423,1999,-2890,1857,1524,1362
535706,290.1,268.65,243.06,258.975,-2405,2004,-2884,1870,1529,1360
535708,290.02,269.85,242.34,259.05,-2407,2017,-2892,1870,1527,1355
535710,288.98,269.7,243.46,257.85,-2417,2015,-2880,1858,1528,1360
535712,289.46,269.025,242.98,258.3,-2411,2008,-2885,1862,1532,1360
535714,288.34,267.45,242.42,258.825,-2422,1990,-2892,1867,1532,1358
535716,288.34,268.275,242.74,257.55,-2423,2000,-2887,1854,1530,1361
535718,288.66,268.725,242.74,258.075,-2420,2004,-2888,1860,1532,1358
535720,289.22,269.625,242.34,259.875,-2415,2014,-2894,1879,1530,1354
535722,289.14,269.4,243.62,258,-2415,2012,-2879,1860,1530,1361
535724,289.22,269.625,243.54,258.75,-2415,2014,-2880,1867,1533,1361
535726,289.06,268.8,242.66,258.6,-2416,2005,-2890,1865,1531,1357
535728,288.74,267.15,243.54,258.075,-2418,1987,-2879,1860,1525,1358
535730,289.14,269.025,242.82,258.225,-2416,2008,-2888,1862,1533,1357
535732,288.58,268.8,242.82,257.85,-2421,2005,-2887,1857,1534,1356
535734,288.5,267.675,243.3,258.225,-2421,1993,-2883,1862,1530,1356
535736,288.66,268.8,242.74,259.125,-2420,2005,-2889,1871,1534,1356
535738,288.42,268.275,242.74,257.1,-2422,1999,-2887,1849,1532,1357
535740,288.26,268.275,243.22,257.325,-2424,1998,-2883,1852,1532,1358
535742,288.74,268.05,243.38,257.025,-2419,1997,-2880,1848,1531,1361
535744,288.58,268.575,242.98,257.775,-2422,2002,-2886,1856,1532,1359
535746,288.34,267.3,243.62,257.175,-2423,1988,-2879,1850,1529,1357
535748,289.06,267.825,243.14,257.475,-2416,1994,-2883,1853,1529,1354
535750,289.46,266.625,244.9,258.3,-2410,1981,-2866,1863,1527,1354
535752,294.1,267.6,250.58,258.675,-2363,1995,-2808,1870,1520,1351
535754,299.86,269.025,258.02,261.45,-2304,2014,-2733,1905,1532,1358
535756,312.26,271.125,271.7,266.475,-2178,2044,-2595,1969,1528,1357
535758,331.62,275.1,288.5,273.3,-1980,2100,-2426,2053,1533,1355
535760,352.82,278.775,311.14,279.375,-1764,2153,-2197,2132,1536,1349
535762,378.5,282.675,335.7,286.425,-1502,2210,-1948,2225,1542,1364
535764,404.66,286.2,361.7,288.6,-1235,2265,-1680,2264,1553,1375
535766,433.62,288.9,386.58,287.775,-939,2311,-1423,2270,1568,1376
535768,460.58,288.9,413.38,287.925,-662,2328,-1146,2289,1570,1374
535770,488.1,289.35,438.82,286.8,-381,2350,-884,2293,1567,1375
535772,514.74,285.9,464.98,284.85,-106,2329,-614,2288,1563,1370
535774,542.02,282.375,490.18,282.9,173,2308,-355,2281,1556,1371
535776,570.74,278.4,517.14,281.025,467,2283,-79,2278,1553,1362
535778,596.82,276.075,542.58,282.45,733,2274,179,2309,1546,1350
535780,624.5,273.6,568.66,283.65,1014,2264,443,2338,1545,1352
535782,652.74,272.175,594.82,285.6,1300,2266,707,2375,1533,1352
535784,679.06,274.2,618.9,284.475,1564,2304,952,2377,1519,1343
535786,703.3,274.425,642.02,290.85,1806,2321,1182,2460,1517,1341
535788,725.3,274.5,662.66,294.225,2027,2335,1388,2508,1514,1333
535790,744.9,272.925,679.7,291.9,2223,2330,1560,2494,1508,1332
535792,759.06,271.65,691.54,291.825,2365,2326,1680,2500,1513,1330
535794,769.94,269.025,698.82,289.425,2475,2304,1754,2479,1511,1330
535796,774.18,266.475,702.18,289.95,2518,2279,1788,2486,1504,1327
535798,775.46,265.8,703.7,287.325,2531,2273,1804,2460,1510,1331
535800,774.1,263.4,702.66,287.625,2518,2248,1794,2463,1508,1328
535802,772.34,263.925,702.02,286.5,2500,2252,1787,2450,1513,1340
535804,771.78,264.675,703.38,286.425,2494,2260,1801,2450,1517,1343
535806,772.74,264.45,704.26,286.875,2504,2258,1810,2455,1516,1345
535808,773.54,264.3,705.94,287.55,2512,2257,1826,2464,1519,1346
535810,775.38,264,707.38,288.15,2531,2255,1840,2471,1519,1345
535812,776.42,264.15,708.82,288.45,2541,2258,1855,2476,1513,1346
535814,777.54,264.6,708.34,289.5,2552,2263,1850,2487,1512,1336
535816,777.78,265.8,708.74,289.2,2554,2276,1854,2484,1509,1336
535818,776.34,265.125,708.42,288.225,2540,2268,1851,2473,1509,1334
535820,775.7,265.875,708.02,287.55,2534,2276,1847,2466,1511,1338
535822,774.74,265.2,707.86,287.1,2524,2269,1846,2462,1510,1336
535824,774.82,265.425,708.66,286.35,2524,2271,1854,2454,1514,1332
535826,773.62,265.8,708.9,285.525,2512,2274,1857,2446,1511,1333
535828,773.38,265.5,707.62,286.35,2510,2271,1844,2454,1511,1332
535830,773.54,264.9,707.94,285.75,2512,2265,1848,2447,1512,1331
535832,773.78,265.275,709.54,285.525,2513,2269,1863,2446,1511,1330
535834,773.62,264.6,709.3,285.9,2512,2262,1860,2450,1509,1337
535836,772.98,264.75,709.46,285.6,2506,2263,1862,2447,1511,1335
535838,773.14,264.6,710.9,285.45,2507,2262,1876,2446,1510,1337
535840,772.82,264.3,710.5,286.875,2504,2259,1871,2461,1510,1336
535842,772.66,264.15,710.98,285.6,2502,2257,1877,2448,1511,1335
535844,772.42,263.025,711.22,286.275,2500,2245,1879,2455,1513,1332
535846,772.82,263.4,711.78,285.375,2504,2249,1885,2447,1510,1335
535848,772.34,264.075,712.34,285.075,2499,2256,1891,2444,1511,1333
535850,772.5,263.325,711.86,286.35,2501,2248,1885,2457,1512,1335
535852,772.18,264.375,711.62,284.325,2497,2259,1884,2435,1513,1334
535854,772.18,263.025,712.18,285.525,2498,2245,1889,2448,1509,1337
535856,771.86,263.025,712.34,285.3,2494,2245,1890,2446,1512,1332
535858,771.54,263.25,712.66,285.3,2490,2247,1893,2446,1513,1334
535860,771.54,262.65,713.38,284.4,2490,2240,1900,2437,1514,1332
535862,771.54,263.325,713.3,285.075,2490,2247,1899,2444,1513,1333
535864,771.86,262.425,713.7,284.925,2493,2238,1903,2443,1513,1330
535866,771.46,263.325,714.66,285.6,2489,2248,1912,2450,1514,1328
535868,772.02,262.05,714.66,284.625,2494,2235,1912,2441,1513,1333
535870,772.1,262.35,714.58,284.1,2495,2238,1911,2435,1513,1333
535872,771.62,262.125,715.38,285.3,2490,2235,1918,2448,1517,1333
535874,771.54,261.75,715.62,283.875,2489,2231,1921,2433,1514,1334
535876,772.18,261.825,715.22,284.475,2495,2232,1917,2439,1513,1333
535878,771.38,261.75,715.54,284.1,2487,2231,1920,2435,1512,1331
535880,771.62,261.975,716.02,283.725,2489,2234,1925,2431,1514,1336
535882,771.86,261.975,716.1,284.475,2492,2233,1926,2440,1513,1335
535884,771.7,261.225,716.42,284.175,2490,2226,1928,2436,1513,1336
535886,771.62,261.75,717.38,283.5,2490,2231,1938,2430,1514,1337
535888,772.18,262.05,716.26,284.475,2495,2235,1927,2440,1517,1337
535890,770.9,261.45,717.06,282.9,2483,2228,1936,2424,1515,1338
535892,771.46,261.375,717.46,283.425,2488,2227,1940,2430,1515,1336
535894,771.46,261.225,716.66,283.575,2489,2225,1931,2431,1518,1333
535896,770.82,260.85,716.98,283.35,2482,2221,1935,2428,1515,1334
535898,771.38,261.3,717.86,282.375,2488,2227,1944,2419,1515,1337
535900,770.9,261,717.78,282.525,2483,2223,1943,2420,1517,1336
535902,771.78,260.55,718.02,283.05,2492,2219,1945,2426,1514,1337
535904,772.1,260.925,718.42,282.375,2495,2224,1950,2419,1518,1338
535906,770.74,259.275,719.06,282.225,2482,2205,1956,2418,1521,1336
535908,771.06,258.6,717.78,282.9,2486,2198,1944,2425,1518,1338
535910,771.14,259.275,717.3,282.75,2486,2206,1939,2423,1522,1337
535912,770.58,259.05,718.5,282.975,2481,2203,1950,2427,1517,1337
535914,771.78,259.5,718.18,282.075,2493,2209,1948,2417,1519,1339
535916,770.42,258.45,719.14,281.55,2480,2197,1959,2412,1524,1339
535918,771.22,258,719.46,282.375,2488,2192,1961,2421,1520,1340
535920,771.46,258.75,719.14,282.375,2490,2201,1958,2421,1515,1338
535922,770.02,257.025,718.74,281.1,2477,2182,1955,2406,1525,1334
535924,770.5,257.475,719.78,282.375,2482,2187,1965,2421,1524,1336
535926,771.22,258.6,719.38,281.55,2489,2199,1961,2412,1520,1331
535928,771.46,257.55,718.9,281.325,2492,2189,1957,2409,1521,1339
535930,771.94,257.175,719.7,281.625,2497,2185,1965,2413,1522,1335
535932,771.62,257.55,720.02,281.625,2494,2189,1968,2413,1521,1332
535934,770.58,257.175,720.18,281.175,2484,2184,1970,2408,1523,1334
535936,770.98,256.5,719.54,281.625,2488,2177,1964,2413,1524,1332
535938,771.38,256.875,720.02,281.475,2492,2181,1968,2412,1523,1335
535940,770.26,257.55,720.02,281.25,2481,2187,1969,2410,1529,1336
535942,771.22,256.65,719.22,281.85,2491,2179,1961,2415,1528,1339
535944,771.62,256.575,719.78,280.875,2495,2179,1967,2405,1530,1338
535946,770.5,255.45,721.38,280.35,2484,2166,1983,2401,1528,1340
535948,771.62,255.45,719.94,281.325,2496,2167,1969,2411,1530,1341
535950,772.18,256.275,721.3,279.825,2501,2176,1983,2395,1531,1343
535952,772.26,255.375,721.46,281.25,2503,2167,1984,2411,1533,1335
535954,771.7,255.45,721.62,279.3,2497,2167,1987,2390,1529,1337
535956,771.38,254.775,721.22,280.8,2495,2159,1983,2405,1534,1339
535958,771.22,256.05,720.98,280.95,2493,2173,1980,2407,1534,1333
535960,771.94,254.25,721.38,279.825,2501,2154,1985,2395,1535,1338
535962,771.54,255,721.22,280.2,2496,2161,1984,2399,1534,1337
535964,772.02,256.2,721.86,280.65,2501,2175,1990,2404,1538,1340
535966,772.02,254.775,721.78,279.975,2502,2159,1989,2397,1532,1340
535968,772.42,255.3,722.26,280.2,2505,2166,1995,2400,1537,1338
535970,772.26,256.425,722.34,279.45,2504,2177,1996,2392,1535,1342
535972,771.62,255.9,722.02,279.675,2498,2171,1993,2394,1537,1342
535974,771.78,254.4,722.02,279.75,2500,2156,1993,2395,1539,1345
535976,771.14,256.575,722.26,279.375,2493,2178,1996,2391,1541,1346
535978,771.46,256.425,722.74,279.825,2496,2177,2000,2396,1541,1344
535980,771.78,255.3,722.18,279.675,2500,2165,1995,2394,1541,1345
535982,771.86,257.175,722.74,279,2500,2184,2000,2387,1547,1345
535984,772.58,257.175,723.06,278.4,2507,2185,2005,2381,1549,1346
535986,772.02,255,723.62,278.1,2502,2162,2010,2378,1542,1351
535988,772.26,258,723.06,278.55,2504,2194,2005,2382,1547,1344
535990,771.54,257.775,722.98,279,2497,2191,2004,2387,1549,1346
535992,771.14,256.575,723.22,279.225,2494,2178,2006,2389,1551,1345
535994,771.06,257.775,722.74,277.05,2493,2191,2002,2366,1551,1347
535996,771.22,257.55,723.06,279.15,2495,2188,2005,2388,1552,1347
535998,771.86,254.475,722.82,277.2,2502,2156,2003,2367,1544,1352
536000,771.86,257.25,723.78,278.7,2501,2185,2012,2384,1547,1350
536002,771.86,254.325,723.14,278.85,2502,2154,2006,2385,1547,1349
536004,771.06,253.725,723.78,277.95,2495,2147,2013,2376,1547,1347
536006,771.46,254.1,722.42,278.025,2499,2152,1999,2376,1539,1344
536008,770.9,253.8,723.46,277.575,2493,2149,2010,2372,1541,1345
536010,771.86,254.025,723.06,278.1,2502,2151,2005,2377,1545,1344
536012,770.98,253.05,723.86,277.2,2494,2141,2014,2368,1541,1345
536014,771.54,253.275,723.94,276.825,2500,2143,2015,2364,1538,1349
536016,771.86,253.875,723.22,278.55,2503,2149,2007,2382,1542,1346
536018,770.9,252.9,724.18,277.2,2493,2138,2017,2368,1540,1349
536020,771.46,252.225,723.94,276.525,2499,2131,2016,2361,1538,1350
536022,771.14,252,724.42,277.2,2497,2129,2020,2368,1539,1345
536024,770.5,252.15,724.98,276.6,2490,2130,2025,2363,1541,1347
536026,770.82,251.7,724.34,277.575,2493,2125,2019,2372,1540,1348
536028,769.7,252.9,722.82,278.175,2481,2138,2003,2378,1540,1349
536030,770.26,252.225,724.5,277.2,2488,2131,2020,2368,1541,1342
536032,770.26,251.475,724.02,277.725,2487,2122,2015,2374,1539,1347
536034,769.86,250.875,724.34,277.8,2484,2117,2017,2375,1543,1348
536036,770.1,251.475,723.94,278.175,2486,2123,2013,2378,1540,1347
536038,769.22,250.875,724.5,275.625,2477,2116,2020,2352,1542,1350
536040,768.9,251.325,723.06,277.275,2473,2120,2005,2368,1543,1348
536042,769.54,250.125,723.86,276.15,2480,2108,2014,2357,1545,1353
536044,768.5,249.825,724.34,274.5,2470,2104,2018,2339,1544,1355
536046,768.98,250.725,723.62,276.15,2474,2114,2010,2357,1540,1347
536048,770.02,248.925,724.26,275.25,2485,2095,2017,2347,1542,1349
536050,769.06,250.05,723.38,274.35,2474,2106,2009,2337,1544,1350
536052,769.14,249.75,723.94,274.725,2475,2104,2013,2341,1545,1353
536054,768.58,250.425,723.54,274.725,2470,2110,2009,2341,1543,1346
536056,768.66,249.45,724.5,275.85,2470,2100,2018,2354,1544,1342
536058,769.22,248.775,724.66,274.35,2476,2093,2020,2338,1544,1346
536060,770.34,250.125,723.7,275.025,2486,2108,2011,2344,1542,1345
536062,770.02,249.225,723.94,274.95,2483,2099,2013,2343,1540,1345
536064,770.34,249.525,724.66,274.95,2486,2102,2019,2343,1542,1341
536066,771.06,249.225,724.98,274.95,2493,2098,2022,2344,1540,1342
536068,770.18,249.075,725.22,274.725,2484,2097,2024,2341,1540,1340
536070,770.58,248.025,724.74,273.6,2488,2086,2020,2329,1537,1341
536072,769.86,249.225,724.1,275.55,2480,2098,2012,2350,1537,1337
536074,767.62,249.375,723.62,275.925,2457,2099,2007,2354,1537,1338
536076,764.82,250.5,720.9,275.25,2429,2108,1980,2345,1537,1336
536078,758.02,252.825,713.7,276,2360,2129,1907,2349,1536,1342
536080,749.62,254.775,705.06,277.35,2275,2145,1819,2358,1537,1336
536082,738.82,257.775,693.06,278.625,2166,2170,1699,2364,1534,1342
536084,728.98,260.625,682.66,281.175,2066,2195,1592,2385,1540,1338
536086,719.06,261.75,671.94,280.05,1966,2201,1486,2367,1540,1343
536088,713.3,261.825,665.06,278.925,1908,2198,1416,2351,1546,1341
536090,708.74,259.875,662.26,277.725,1863,2175,1389,2337,1547,1339
536092,708.26,258,661.38,274.95,1859,2155,1381,2307,1545,1340
536094,708.98,256.95,662.26,275.1,1867,2144,1390,2309,1538,1338
536096,710.9,256.425,663.14,275.175,1886,2140,1398,2311,1538,1339
536098,712.58,256.725,663.7,274.725,1902,2145,1404,2307,1534,1336
536100,714.02,257.4,663.78,276,1916,2154,1403,2321,1531,1333
536102,714.58,257.925,664.5,276,1921,2160,1411,2321,1530,1331
536104,714.98,258.75,664.26,276.075,1925,2170,1408,2323,1527,1328
536106,714.5,259.425,662.5,275.625,1919,2177,1391,2317,1525,1328
536108,712.82,261.45,663.38,276.75,1901,2198,1397,2331,1520,1328
536110,712.74,261.525,662.1,276.525,1900,2199,1385,2328,1519,1324
536112,712.26,262.2,662.66,277.8,1894,2207,1389,2343,1521,1322
536114,711.7,261.3,662.98,276.825,1889,2197,1393,2333,1523,1324
536116,711.54,261.45,664.18,279.3,1888,2199,1403,2361,1515,1319
536118,712.26,261.6,663.38,278.325,1894,2201,1396,2350,1512,1324
536120,712.18,260.175,664.58,278.025,1894,2187,1408,2349,1515,1319
536122,712.58,259.95,665.94,277.95,1898,2185,1422,2348,1514,1321
536124,712.66,261.3,665.86,278.25,1898,2200,1421,2353,1514,1316
536126,712.98,259.275,666.5,277.725,1903,2179,1427,2347,1516,1318
536128,712.74,260.175,666.1,276.75,1899,2189,1424,2337,1513,1317
536130,712.9,259.575,664.98,276.075,1901,2182,1413,2329,1513,1318
536132,712.34,259.65,666.42,276.15,1895,2184,1427,2331,1510,1310
536134,712.82,259.95,666.58,274.8,1900,2187,1429,2317,1508,1315
536136,712.9,258.45,666.98,274.35,1902,2171,1433,2312,1509,1312
536138,713.06,258.225,667.3,272.7,1903,2169,1438,2296,1510,1316
536140,712.82,258.6,667.38,274.425,1900,2173,1437,2313,1503,1307
536142,713.3,256.05,667.22,271.95,1907,2146,1437,2287,1508,1311
536144,713.86,256.65,667.94,272.175,1912,2152,1444,2290,1506,1312
536146,713.54,256.35,667.7,271.35,1909,2149,1442,2280,1504,1308
536148,713.7,256.05,667.54,272.1,1911,2145,1440,2288,1504,1306
536150,713.94,256.05,668.82,271.725,1913,2145,1453,2285,1502,1306
536152,714.02,256.575,668.74,271.65,1914,2151,1453,2283,1503,1304
536154,713.14,255.45,669.3,271.5,1906,2138,1459,2282,1503,1302
536156,712.9,254.85,668.02,271.575,1904,2130,1447,2281,1500,1304
536158,713.3,254.25,668.26,270.9,1908,2124,1449,2274,1497,1304
536160,712.1,255.15,669.38,272.625,1897,2131,1460,2291,1495,1302
536162,712.66,254.25,668.82,271.275,1903,2122,1456,2276,1493,1300
536164,711.78,255.6,667.78,273,1894,2134,1444,2292,1491,1302
536166,712.34,254.625,669.06,272.7,1900,2124,1458,2290,1495,1296
536168,712.58,255,668.66,272.25,1903,2127,1454,2284,1491,1296
536170,711.78,255.225,669.22,271.65,1895,2128,1460,2278,1489,1296
536172,711.7,255.375,669.06,272.625,1894,2129,1459,2286,1487,1295
536174,711.46,255.825,669.62,270.825,1892,2133,1465,2268,1487,1297
536176,710.9,255.825,669.14,272.4,1886,2132,1460,2283,1485,1298
536178,710.98,255.45,668.9,272.175,1887,2128,1457,2280,1487,1298
536180,711.62,255.6,668.9,272.85,1894,2128,1457,2286,1484,1295
536182,710.74,256.05,668.66,272.775,1885,2133,1455,2285,1485,1290
536184,710.18,256.125,669.78,273.9,1880,2132,1466,2296,1488,1285
536186,711.06,257.4,668.98,273.525,1888,2146,1458,2292,1479,1290
536188,710.82,257.175,668.58,272.025,1885,2142,1456,2274,1480,1293
536190,709.62,257.7,669.14,272.625,1874,2147,1461,2281,1481,1289
536192,710.42,258.15,669.06,274.125,1881,2151,1459,2296,1475,1285
536194,710.1,257.55,669.3,273.15,1879,2145,1462,2285,1477,1285
536196,710.26,258,668.58,273.45,1880,2149,1455,2288,1475,1285
536198,710.42,257.625,669.3,275.025,1882,2145,1461,2305,1475,1281
536200,709.62,258.45,668.74,275.625,1873,2152,1455,2310,1471,1280
536202,709.78,257.4,669.54,274.2,1876,2141,1464,2296,1472,1282
536204,709.7,258.225,668.34,275.55,1874,2149,1451,2309,1471,1280
536206,710.1,258.6,669.78,274.35,1878,2154,1466,2297,1466,1281
536208,710.26,259.425,669.46,275.625,1879,2163,1462,2310,1465,1277
536210,711.14,258.6,670.42,273.075,1889,2154,1474,2284,1463,1279
536212,713.62,258.6,671.62,275.625,1913,2156,1484,2311,1465,1274
536214,717.62,256.875,676.58,276,1954,2140,1534,2318,1461,1272
536216,726.58,255.825,683.78,275.55,2044,2134,1606,2318,1458,1271
536218,736.26,254.175,691.7,276.075,2141,2123,1685,2328,1459,1274
536220,747.62,251.025,701.86,274.275,2255,2096,1787,2315,1455,1266
536222,756.82,245.55,712.5,269.925,2349,2044,1895,2276,1453,1264
536224,767.46,243.075,720.26,266.325,2455,2024,1975,2242,1446,1261
536226,776.18,237.075,727.22,260.85,2545,1966,2047,2188,1445,1260
536228,782.5,233.175,730.74,258.45,2608,1929,2082,2165,1438,1261
536230,786.02,230.7,732.82,254.925,2644,1905,2106,2128,1430,1252
536232,787.14,226.8,733.3,251.325,2656,1865,2111,2091,1425,1256
536234,787.62,223.425,732.5,248.475,2663,1830,2104,2060,1421,1253
536236,787.62,222.9,732.74,248.1,2662,1825,2107,2057,1424,1246
536238,787.7,221.25,730.26,249.075,2664,1807,2081,2066,1420,1247
536240,788.34,222.15,730.66,249.675,2669,1818,2084,2073,1416,1245
536242,789.06,222.825,730.66,251.025,2676,1826,2084,2087,1419,1245
536244,788.5,222.525,730.5,250.8,2670,1822,2082,2085,1421,1251
536246,788.98,224.025,731.14,252.075,2674,1838,2087,2099,1421,1248
536248,788.58,223.425,731.54,251.7,2670,1832,2091,2095,1422,1254
536250,788.9,223.65,731.46,252.525,2673,1834,2090,2104,1422,1253
536252,787.78,225.075,732.74,251.55,2660,1850,2102,2095,1418,1255
536254,787.62,224.85,732.74,252,2659,1847,2102,2100,1420,1254
536256,787.7,225.675,732.82,251.4,2659,1856,2102,2094,1413,1251
536258,786.82,226.8,732.74,251.55,2649,1867,2101,2095,1416,1256
536260,786.18,227.025,733.3,250.275,2642,1870,2107,2083,1415,1260
536262,785.94,227.025,732.42,251.175,2640,1870,2098,2092,1414,1253
536264,786.1,226.05,733.3,250.8,2641,1860,2106,2089,1413,1254
536266,785.86,225.9,732.5,250.725,2639,1858,2098,2088,1410,1259
536268,786.34,226.05,733.22,251.475,2643,1861,2104,2097,1410,1256
536270,785.94,226.125,733.3,250.65,2638,1862,2105,2088,1411,1253
536272,785.7,225.225,734.02,251.775,2636,1853,2111,2101,1414,1253
536274,785.14,226.05,732.34,252.075,2630,1861,2094,2103,1412,1253
536276,785.78,224.925,733.78,250.05,2636,1850,2109,2084,1411,1258
536278,785.78,225.15,732.98,251.4,2636,1853,2100,2097,1410,1260
536280,785.94,224.775,733.3,251.325,2637,1849,2103,2097,1411,1258
536282,785.62,224.775,733.78,250.875,2634,1849,2108,2093,1411,1262
536284,785.7,223.725,734.26,250.65,2635,1839,2113,2092,1408,1265
536286,785.3,224.475,734.98,249.75,2631,1846,2120,2082,1409,1264
536288,785.54,223.8,734.82,250.95,2633,1840,2118,2095,1408,1264
536290,785.46,223.875,733.78,249.225,2632,1841,2108,2076,1408,1260
536292,785.3,224.025,735.78,250.275,2630,1843,2127,2089,1408,1262
536294,786.02,224.175,734.42,248.85,2638,1844,2114,2074,1408,1263
536296,785.62,223.65,735.22,248.925,2633,1839,2122,2075,1408,1265
536298,785.78,222.6,735.38,249.6,2635,1829,2123,2082,1407,1260
536300,785.38,223.2,734.74,249.675,2630,1834,2116,2083,1408,1260
536302,785.46,223.5,736.74,249,2631,1837,2136,2077,1404,1260
536304,786.34,223.05,737.38,249.15,2640,1834,2143,2080,1403,1253
536306,786.34,222.675,736.5,248.85,2640,1830,2134,2076,1402,1250
536308,786.5,222.3,737.14,248.475,2641,1826,2140,2072,1403,1256
536310,786.82,222.375,736.34,248.1,2644,1827,2132,2068,1401,1255
536312,786.66,221.25,738.18,247.35,2643,1815,2151,2061,1402,1253
536314,787.14,221.4,735.94,247.5,2648,1817,2129,2061,1401,1255
536316,786.26,221.7,736.02,247.5,2640,1819,2130,2061,1403,1257
536318,786.9,220.125,736.1,247.65,2646,1804,2131,2063,1405,1258
536320,786.74,220.425,736.34,246.6,2645,1806,2133,2051,1400,1252
536322,786.9,220.425,737.38,246.825,2647,1806,2143,2054,1406,1252
536324,788.18,219.975,736.42,246.225,2659,1801,2134,2046,1404,1252
536326,787.94,220.575,736.58,246.375,2657,1808,2136,2049,1400,1254
536328,787.14,219.9,737.54,246.075,2649,1800,2145,2046,1401,1257
536330,787.06,219.825,736.74,246.825,2648,1799,2137,2053,1405,1252
536332,786.66,220.725,737.54,246.9,2644,1807,2145,2054,1403,1260
536334,786.1,220.125,737.7,246.825,2638,1801,2147,2053,1405,1257
536336,787.06,219.9,737.06,247.35,2649,1798,2141,2058,1405,1261
536338,787.06,220.575,737.22,246.975,2648,1806,2142,2053,1403,1256
536340,786.82,220.275,736.26,248.7,2646,1802,2132,2071,1404,1258
536342,786.02,221.025,736.98,247.725,2638,1809,2140,2061,1404,1259
536344,785.94,222.15,736.82,247.8,2637,1821,2139,2062,1403,1259
536346,785.94,222,736.9,247.725,2637,1819,2140,2060,1404,1264
536348,786.1,222.825,737.3,249.825,2638,1827,2143,2083,1404,1259
536350,786.26,221.4,736.66,249.975,2641,1813,2137,2084,1404,1259
536352,786.26,222.15,736.9,249.375,2641,1820,2139,2078,1404,1260
536354,785.38,222.375,736.66,249.975,2633,1822,2136,2084,1407,1258
536356,785.94,222.375,737.14,249.6,2638,1822,2142,2080,1404,1262
536358,784.82,222.525,737.38,248.475,2627,1823,2145,2068,1406,1265
536360,785.22,222.525,736.82,249.525,2631,1823,2140,2079,1407,1262
536362,784.82,222,737.14,249.075,2627,1817,2142,2074,1405,1267
536364,784.74,222.525,737.38,249.975,2626,1823,2144,2084,1406,1267
536366,780.18,222.15,734.34,249.3,2582,1817,2114,2075,1411,1264
536368,772.74,225.975,728.18,248.25,2507,1852,2054,2060,1407,1263
536370,757.78,228.525,715.46,248.85,2357,1869,1927,2059,1408,1271
536372,738.9,230.85,698.9,247.275,2169,1883,1762,2032,1415,1270
536374,715.62,235.125,676.74,249.225,1935,1914,1540,2039,1420,1269
536376,688.98,237.375,651.54,251.25,1668,1921,1286,2046,1430,1273
536378,662.1,239.025,625.62,249.225,1399,1922,1027,2008,1433,1279
536380,632.42,238.275,598.1,244.95,1102,1896,753,1946,1432,1286
536382,606.26,238.425,570.9,244.575,839,1881,478,1925,1426,1289
536384,578.1,237.825,541.94,243,556,1858,187,1890,1417,1288
536386,551.38,238.125,514.1,241.425,286,1844,-93,1856,1409,1275
536388,522.18,240.6,484.26,242.85,-10,1853,-397,1852,1400,1279
536390,495.22,243.3,455.14,243.15,-286,1865,-694,1838,1396,1281
536392,467.62,245.175,424.18,242.7,-568,1867,-1010,1814,1396,1285
536394,439.7,247.35,394.66,239.925,-855,1873,-1310,1765,1387,1276
536396,413.46,248.775,364.82,239.925,-1124,1872,-1617,1746,1387,1281
536398,388.34,248.7,337.78,240.45,-1382,1856,-1895,1735,1381,1283
536400,365.3,250.35,313.78,241.575,-1621,1860,-2144,1733,1383,1280
536402,346.42,251.325,290.74,241.35,-1816,1858,-2383,1715,1380,1278
536404,331.7,250.65,273.06,242.7,-1968,1842,-2567,1719,1381,1272
536406,323.38,250.65,260.98,242.85,-2053,1837,-2693,1713,1378,1277
536408,319.22,251.55,252.26,242.4,-2097,1844,-2783,1702,1379,1279
536410,319.06,250.65,251.54,242.7,-2098,1834,-2791,1705,1379,1280
536412,319.7,249.3,252.5,243.375,-2090,1820,-2781,1713,1382,1280
536414,320.98,247.8,254.5,242.4,-2075,1805,-2760,1704,1385,1285
536416,323.14,246.825,257.86,241.65,-2053,1795,-2724,1699,1383,1288
536418,321.7,245.625,256.42,240.6,-2066,1782,-2738,1686,1390,1288
536420,320.18,246.525,255.7,240.075,-2083,1791,-2746,1681,1393,1285
536422,318.74,247.35,254.02,240,-2099,1798,-2763,1679,1396,1283
536424,316.74,248.175,251.06,240.375,-2121,1806,-2794,1680,1391,1284
536426,317.62,248.475,248.82,239.175,-2112,1810,-2816,1666,1392,1285
536428,316.74,248.85,249.54,240.525,-2122,1814,-2810,1681,1396,1281
536430,317.62,247.425,249.86,241.5,-2111,1799,-2808,1692,1393,1286
536432,317.7,247.2,250.9,242.025,-2111,1796,-2798,1698,1396,1282
536434,318.82,246.45,251.3,241.425,-2098,1789,-2793,1692,1392,1282
536436,319.22,245.325,251.78,241.275,-2093,1777,-2789,1691,1393,1282
536438,319.62,246.15,253.86,240.45,-2090,1786,-2767,1683,1392,1285
536440,320.18,245.4,253.62,241.05,-2085,1778,-2770,1690,1392,1283
536442,320.26,244.5,253.3,240.3,-2083,1769,-2773,1681,1393,1285
536444,320.02,244.95,253.46,240.3,-2086,1774,-2771,1681,1393,1287
536446,318.82,244.05,255.3,237.825,-2097,1763,-2750,1656,1395,1287
536448,319.14,244.125,254.82,238.35,-2095,1764,-2755,1661,1391,1288
536450,319.06,244.05,254.9,237.9,-2095,1763,-2754,1656,1393,1287
536452,318.74,243.45,255.86,237.675,-2098,1756,-2744,1654,1392,1291
536454,318.18,244.575,255.94,237.6,-2105,1768,-2744,1653,1398,1288
536456,318.26,243.075,254.9,237,-2104,1751,-2754,1645,1394,1293
536458,317.86,243.9,256.02,237.075,-2108,1760,-2743,1647,1397,1289
536460,317.78,243.075,255.86,236.925,-2110,1751,-2745,1645,1394,1294
536462,318.26,243.15,257.22,237.15,-2104,1752,-2731,1648,1394,1290
536464,317.94,242.7,257.62,236.775,-2108,1747,-2727,1644,1393,1294
536466,317.94,241.725,257.06,236.55,-2107,1736,-2733,1641,1394,1297
536468,317.46,242.175,256.66,236.775,-2113,1740,-2737,1643,1393,1297
536470,317.3,240.225,256.98,237.825,-2113,1719,-2735,1655,1398,1301
536472,317.3,242.1,257.3,236.55,-2114,1739,-2731,1641,1399,1299
536474,317.3,240.825,256.66,236.925,-2114,1726,-2738,1645,1397,1298
536476,316.9,241.05,258.02,235.5,-2118,1727,-2723,1630,1395,1301
536478,316.74,241.5,257.3,235.2,-2120,1732,-2730,1626,1400,1304
536480,316.42,240.825,257.54,236.1,-2123,1724,-2728,1636,1399,1306
536482,316.74,240.225,257.22,236.925,-2120,1718,-2733,1644,1398,1302
536484,316.5,240.6,258.42,236.475,-2123,1721,-2720,1640,1402,1303
536486,317.14,240,257.54,235.8,-2115,1716,-2729,1632,1403,1302
536488,317.7,239.7,257.86,235.575,-2110,1713,-2726,1630,1402,1304
536490,316.74,241.35,257.7,235.8,-2121,1730,-2728,1633,1402,1305
536492,316.42,239.925,258.74,235.425,-2124,1715,-2717,1629,1406,1303
536494,316.34,239.175,257.14,235.2,-2124,1706,-2734,1626,1408,1308
536496,316.18,240.225,257.7,235.725,-2127,1717,-2728,1632,1406,1309
536498,315.14,239.325,258.66,234.9,-2136,1707,-2717,1623,1415,1309
536500,315.54,237.6,258.1,235.425,-2131,1689,-2724,1629,1411,1305
536502,314.82,238.05,258.34,236.25,-2139,1693,-2722,1638,1412,1313
536504,315.14,237.675,258.18,235.575,-2135,1690,-2723,1631,1412,1309
536506,315.3,238.275,257.46,235.275,-2135,1696,-2730,1627,1414,1310
536508,315.46,239.025,258.42,235.8,-2134,1704,-2722,1633,1417,1317
536510,314.9,237.525,257.94,235.725,-2138,1688,-2726,1632,1420,1315
536512,315.06,237.525,258.66,235.8,-2137,1688,-2719,1634,1416,1313
536514,315.22,237.9,257.54,236.7,-2135,1692,-2731,1643,1417,1315
536516,315.3,239.175,258.58,235.95,-2136,1706,-2720,1635,1420,1317
536518,315.38,237.6,258.26,235.35,-2133,1689,-2723,1628,1421,1319
536520,315.22,237,258.98,235.5,-2135,1682,-2716,1630,1417,1319
536522,315.14,237.9,259.06,234.6,-2137,1692,-2714,1621,1423,1318
536524,315.22,237.15,258.26,234.3,-2135,1684,-2722,1617,1421,1320
536526,313.86,236.025,257.86,235.2,-2148,1671,-2727,1626,1427,1320
536528,313.46,236.175,257.94,235.575,-2153,1672,-2727,1631,1424,1321
536530,314.34,236.475,258.42,233.925,-2143,1676,-2720,1613,1430,1320
536532,314.9,236.4,258.98,234.75,-2138,1676,-2715,1622,1424,1322
536534,314.9,235.875,259.46,235.2,-2137,1671,-2711,1628,1426,1322
536536,314.26,237.825,258.02,233.4,-2146,1691,-2724,1608,1433,1322
536538,314.18,236.025,258.1,233.325,-2145,1671,-2723,1606,1431,1329
536540,314.34,235.65,259.14,234.6,-2143,1667,-2713,1621,1432,1326
536542,313.3,235.575,257.46,234.075,-2154,1666,-2730,1614,1436,1328
536544,314.18,235.575,257.78,234.3,-2144,1667,-2727,1617,1434,1327
536546,314.18,234.225,258.1,232.575,-2143,1652,-2723,1598,1433,1330
536548,313.86,235.05,258.26,230.925,-2147,1661,-2719,1581,1435,1332
536550,313.54,233.625,257.38,233.7,-2149,1645,-2731,1610,1438,1329
536552,313.06,234.675,258.26,232.35,-2155,1656,-2720,1596,1437,1334
536554,313.54,234.675,257.7,231.15,-2150,1656,-2725,1583,1436,1337
536556,313.38,234.9,257.3,233.325,-2152,1659,-2731,1606,1442,1335
536558,313.62,233.7,257.22,230.55,-2149,1646,-2729,1576,1439,1340
536560,313.46,235.5,257.78,231.825,-2152,1665,-2725,1590,1444,1340
536562,313.86,235.05,257.3,231.45,-2147,1660,-2729,1586,1443,1341
536564,313.46,234.675,258.18,230.625,-2151,1656,-2719,1577,1441,1342
536566,313.7,235.875,257.7,231.9,-2150,1669,-2726,1590,1445,1345
536568,313.7,235.5,257.46,230.325,-2149,1665,-2727,1573,1448,1341
536570,313.46,235.125,257.46,230.7,-2151,1660,-2727,1577,1451,1345
536572,313.86,235.8,258.18,232.05,-2147,1668,-2721,1592,1452,1343
536574,314.26,235.275,257.86,231.45,-2143,1662,-2723,1585,1452,1344
536576,313.62,234.825,257.7,230.1,-2149,1657,-2724,1570,1447,1345
536578,313.78,236.1,257.62,230.4,-2149,1671,-2725,1574,1450,1349
536580,313.3,234.6,258.02,229.275,-2153,1654,-2720,1562,1451,1349
536582,313.94,234.75,258.58,229.125,-2146,1657,-2714,1561,1451,1349
536584,314.42,234.75,258.1,230.625,-2141,1657,-2720,1577,1451,1350
536586,313.86,235.65,258.82,229.125,-2147,1665,-2711,1561,1455,1351
536588,313.14,235.5,257.54,228.9,-2154,1664,-2724,1557,1456,1351
536590,313.14,233.925,258.66,228.75,-2154,1647,-2712,1557,1457,1356
536592,313.86,235.875,258.18,229.575,-2148,1668,-2718,1565,1453,1355
536594,313.54,235.2,258.02,229.125,-2150,1660,-2719,1560,1456,1353
536596,313.86,235.575,258.34,229.425,-2147,1665,-2716,1563,1460,1354
536598,314.5,235.725,258.66,229.125,-2140,1667,-2712,1560,1460,1357
536600,313.7,235.2,259.46,229.35,-2148,1661,-2704,1564,1464,1358
536602,313.78,234.75,259.22,229.275,-2146,1656,-2706,1562,1461,1357
536604,314.5,234.975,258.58,228.75,-2138,1659,-2712,1556,1460,1361
536606,314.02,235.425,258.98,229.425,-2144,1663,-2709,1564,1464,1360
536608,313.46,235.275,259.06,229.575,-2150,1662,-2708,1565,1462,1358
536610,314.26,236.325,259.22,228.6,-2142,1673,-2704,1555,1462,1367
536612,313.86,235.275,259.62,228.525,-2145,1662,-2700,1555,1467,1369
536614,313.38,234.45,259.7,227.85,-2150,1653,-2699,1547,1463,1366
536616,314.02,235.575,258.58,228.675,-2144,1665,-2711,1556,1466,1366
536618,314.5,235.425,259.94,228,-2138,1664,-2696,1550,1467,1365
536620,314.42,234.75,259.46,228.825,-2138,1657,-2702,1558,1462,1364
536622,314.34,233.775,259.22,227.775,-2138,1646,-2703,1546,1467,1372
536624,314.34,234.9,259.3,229.2,-2139,1658,-2703,1562,1472,1365
536626,313.22,235.8,259.14,228.975,-2151,1667,-2705,1560,1467,1365
536628,311.94,236.55,257.06,228.675,-2164,1675,-2726,1555,1471,1369
536630,310.18,239.025,255.46,230.55,-2185,1700,-2744,1574,1471,1367
536632,307.7,241.5,250.34,232.5,-2212,1726,-2798,1592,1474,1365
536634,305.94,244.65,247.14,234.375,-2233,1758,-2833,1610,1473,1368
536636,302.82,247.35,244.5,238.35,-2268,1785,-2864,1651,1479,1366
536638,301.54,249.3,242.9,237.975,-2282,1805,-2880,1646,1473,1368
536640,303.46,249.45,243.62,241.95,-2263,1808,-2877,1689,1476,1368
536642,304.9,247.8,245.06,240.675,-2246,1792,-2860,1677,1480,1365
536644,305.86,246,247.54,237.825,-2235,1773,-2832,1648,1478,1374
536646,308.02,245.55,249.14,237.9,-2212,1769,-2816,1649,1477,1378
536648,307.78,244.65,249.06,235.875,-2213,1760,-2814,1627,1478,1373
536650,307.3,244.725,250.02,234.375,-2218,1760,-2803,1612,1481,1375
536652,306.74,245.025,249.46,235.35,-2224,1763,-2809,1622,1479,1371
536654,305.78,244.875,249.14,233.1,-2234,1760,-2810,1598,1481,1381
536656,306.5,245.325,249.38,234.975,-2226,1766,-2809,1618,1482,1376
536658,306.18,245.775,248.98,234.15,-2230,1770,-2813,1608,1483,1376
536660,305.94,245.4,248.5,235.05,-2232,1766,-2819,1618,1479,1374
536662,305.7,245.325,248.82,236.325,-2234,1765,-2816,1632,1483,1374
536664,305.22,246.225,248.42,236.1,-2240,1774,-2820,1629,1488,1374
536666,305.38,244.95,248.58,235.95,-2238,1760,-2818,1628,1486,1375
536668,305.3,244.95,248.5,236.55,-2238,1761,-2820,1634,1488,1377
536670,305.3,245.325,248.9,236.1,-2239,1765,-2815,1630,1485,1374
536672,305.22,245.85,248.82,235.35,-2239,1770,-2815,1621,1489,1380
536674,304.18,245.025,248.9,235.35,-2249,1761,-2814,1622,1487,1384
536676,304.66,244.575,248.66,235.575,-2244,1757,-2816,1623,1491,1387
536678,303.3,244.875,248.74,234.45,-2259,1758,-2815,1612,1490,1382
536680,304.42,245.025,249.78,234,-2247,1760,-2803,1607,1490,1384
536682,304.9,244.95,249.62,234.825,-2242,1760,-2806,1616,1492,1384
536684,303.78,244.575,249.3,235.875,-2254,1756,-2810,1627,1492,1381
536686,304.18,245.175,250.26,234.45,-2249,1762,-2799,1612,1491,1384
536688,303.86,245.175,249.38,234.6,-2253,1762,-2807,1614,1492,1385
536690,303.78,245.475,249.54,235.125,-2254,1765,-2806,1619,1492,1392
536692,303.94,245.625,249.06,236.625,-2252,1767,-2813,1635,1492,1387
536694,303.14,244.275,249.06,233.925,-2259,1752,-2810,1606,1495,1387
536696,304.02,244.35,249.38,234.675,-2250,1753,-2807,1615,1495,1390
536698,303.62,244.125,249.06,236.4,-2253,1751,-2812,1633,1495,1387
536700,303.38,244.2,248.58,233.925,-2256,1752,-2814,1606,1496,1388
536702,304.18,244.125,249.06,233.925,-2248,1752,-2809,1607,1497,1392
536704,303.38,243.3,249.7,234.675,-2255,1742,-2804,1615,1495,1391
536706,303.54,243.75,249.38,234.525,-2254,1747,-2807,1613,1499,1385
536708,303.14,243.825,250.74,235.5,-2258,1748,-2794,1625,1497,1386
536710,303.22,243.6,250.1,235.05,-2257,1745,-2800,1619,1500,1386
536712,303.46,243.9,249.46,234.9,-2254,1749,-2806,1617,1497,1387
536714,303.62,243.975,249.22,235.35,-2253,1750,-2808,1623,1499,1390
536716,302.98,243.6,249.7,235.125,-2259,1745,-2804,1620,1500,1391
536718,303.62,244.05,249.54,234.9,-2252,1751,-2805,1618,1498,1392
536720,303.22,244.05,249.7,235.2,-2257,1750,-2803,1621,1498,1393
536722,302.66,243.675,250.9,235.125,-2262,1745,-2791,1621,1501,1390
536724,302.26,243.375,249.46,233.775,-2266,1742,-2804,1605,1502,1391
536726,302.5,243.375,249.54,235.05,-2264,1743,-2805,1619,1500,1389
536728,302.82,243,250.02,233.925,-2260,1739,-2798,1607,1503,1391
536730,302.74,244.05,249.22,234.525,-2261,1750,-2807,1613,1502,1394
536732,302.74,243.9,249.7,234.525,-2261,1749,-2802,1614,1502,1393
536734,302.34,243.675,250.02,234.975,-2265,1746,-2799,1619,1500,1390
536736,302.58,243.825,249.3,234.9,-2263,1747,-2807,1617,1500,1394
536738,303.22,244.05,249.46,234.45,-2256,1751,-2804,1613,1501,1395
536740,302.82,243.75,249.78,233.325,-2260,1747,-2801,1601,1504,1401
536742,303.06,243.15,250.66,233.25,-2257,1741,-2791,1601,1505,1395
536744,302.34,243.825,250.42,232.425,-2265,1747,-2793,1592,1500,1397
536746,302.58,243.225,250.42,232.5,-2262,1741,-2793,1593,1505,1397
536748,302.98,242.925,250.34,232.95,-2258,1739,-2794,1597,1506,1399
536750,302.34,243.075,251.46,233.325,-2264,1739,-2783,1602,1504,1393
536752,302.82,243,251.22,232.575,-2260,1739,-2785,1594,1502,1398
536754,302.66,242.925,250.58,233.175,-2261,1738,-2792,1600,1507,1397
536756,302.74,242.55,251.06,233.175,-2260,1734,-2787,1601,1505,1393
536758,302.98,241.95,251.3,232.05,-2257,1728,-2784,1588,1505,1397
536760,303.62,243.075,250.34,232.425,-2251,1741,-2794,1592,1504,1396
536762,303.06,241.65,250.34,232.125,-2256,1725,-2794,1589,1508,1399
536764,302.5,241.65,250.82,230.85,-2262,1725,-2788,1576,1508,1399
536766,302.74,241.875,250.5,231.75,-2260,1727,-2792,1585,1508,1405
536768,302.18,241.65,251.38,232.875,-2265,1725,-2784,1598,1508,1400
536770,302.26,241.35,251.62,233.1,-2264,1722,-2781,1601,1509,1396
536772,302.5,241.5,250.42,232.725,-2262,1724,-2793,1596,1509,1397
536774,302.1,241.575,250.1,232.575,-2266,1725,-2796,1595,1507,1405
536776,301.54,241.95,250.58,234.525,-2272,1729,-2794,1617,1508,1401
536778,302.42,242.625,250.42,234.375,-2263,1736,-2795,1615,1509,1399
536780,301.86,242.7,250.34,234.375,-2269,1738,-2796,1615,1510,1393
536782,302.26,242.475,251.62,234.675,-2265,1736,-2783,1620,1511,1401
536784,303.86,242.55,252.82,235.725,-2249,1738,-2771,1632,1513,1398
536786,307.62,242.475,257.38,235.125,-2210,1739,-2724,1629,1518,1402
536788,313.62,241.125,263.14,237.075,-2147,1729,-2666,1653,1513,1399
536790,322.42,239.7,272.02,235.125,-2055,1720,-2572,1638,1518,1402
536792,332.98,240.225,281.78,234.45,-1946,1732,-2471,1638,1516,1400
536794,342.98,238.725,291.3,236.25,-1842,1723,-2373,1664,1520,1397
536796,351.46,238.2,297.78,235.8,-1754,1724,-2306,1663,1518,1404
536798,357.14,238.5,303.7,232.425,-1696,1730,-2242,1631,1521,1411
536800,359.54,237.525,305.14,232.725,-1671,1723,-2228,1637,1521,1402
536802,359.62,237.6,305.54,230.025,-1670,1723,-2221,1608,1522,1404
536804,359.3,239.025,303.7,230.25,-1674,1739,-2241,1609,1523,1397
536806,358.42,238.2,301.3,229.05,-1683,1730,-2264,1595,1525,1397
536808,358.34,238.725,300.42,228.225,-1684,1736,-2273,1586,1525,1401
536810,358.58,238.05,300.02,229.125,-1681,1729,-2277,1596,1525,1403
536812,359.14,238.2,300.82,229.875,-1676,1731,-2270,1605,1526,1401
536814,359.78,237.375,301.86,229.275,-1668,1723,-2258,1599,1524,1404
536816,359.14,237.3,302.82,230.325,-1674,1722,-2249,1612,1524,1402
536818,359.86,237.3,302.42,228.6,-1667,1723,-2252,1593,1525,1405
536820,358.66,236.325,302.5,227.925,-1679,1711,-2250,1586,1523,1404
536822,359.22,236.7,303.14,228.9,-1673,1715,-2245,1596,1523,1403
536824,357.78,235.35,304.34,227.1,-1686,1701,-2231,1578,1523,1407
536826,357.94,235.575,304.1,226.575,-1685,1703,-2233,1572,1523,1409
536828,358.42,235.575,305.38,227.475,-1680,1703,-2220,1583,1525,1402
536830,357.78,234.975,305.54,226.5,-1686,1696,-2218,1572,1523,1408
536832,357.7,234.45,303.94,226.5,-1686,1690,-2233,1571,1518,1408
536834,357.38,234.6,305.3,227.25,-1690,1691,-2220,1580,1522,1408
536836,357.3,234.3,304.42,226.5,-1690,1688,-2228,1570,1520,1407
536838,356.98,234,305.46,226.575,-1693,1684,-2217,1572,1519,1412
536840,357.22,234.075,304.42,226.575,-1690,1685,-2228,1570,1523,1404
536842,356.34,233.25,304.82,225.675,-1699,1675,-2223,1561,1521,1411
536844,356.26,233.025,303.7,226.425,-1699,1672,-2235,1567,1522,1410
536846,357.14,233.025,303.94,227.025,-1690,1672,-2233,1574,1522,1408
536848,356.18,233.85,304.02,226.95,-1700,1680,-2231,1572,1521,1412
536850,356.02,233.4,305.46,226.5,-1701,1675,-2216,1568,1523,1410
536852,355.86,233.625,304.42,226.35,-1703,1676,-2227,1566,1523,1413
536854,355.3,234.225,304.66,226.2,-1709,1682,-2224,1564,1524,1412
536856,355.46,232.8,304.9,225.6,-1705,1666,-2221,1556,1522,1411
536858,355.46,233.85,304.82,226.05,-1707,1678,-2222,1562,1526,1413
536860,355.38,234.075,304.82,226.575,-1707,1679,-2222,1566,1525,1413
536862,355.14,233.775,305.14,226.725,-1710,1676,-2219,1569,1527,1415
536864,355.38,234,305.3,227.325,-1707,1678,-2218,1574,1526,1415
536866,355.54,234,305.14,227.85,-1705,1678,-2220,1580,1529,1412
536868,355.14,234,306.66,226.275,-1710,1677,-2203,1564,1530,1411
536870,355.38,234.075,305.78,227.175,-1707,1678,-2213,1572,1526,1415
536872,355.06,234,305.62,227.025,-1711,1677,-2214,1570,1525,1418
536874,355.38,234.675,306.74,227.775,-1707,1684,-2203,1579,1527,1411
536876,355.62,234.75,307.06,227.175,-1705,1685,-2200,1573,1526,1413
536878,355.3,234.675,306.26,227.175,-1708,1684,-2208,1572,1529,1412
536880,355.62,233.7,306.66,228.525,-1704,1673,-2204,1587,1532,1411
536882,355.78,234.675,307.54,225.975,-1703,1684,-2194,1560,1528,1415
536884,355.54,234.15,307.94,228.15,-1705,1678,-2191,1584,1528,1410
536886,355.7,234.75,307.14,228.3,-1704,1685,-2199,1585,1531,1411
536888,355.78,235.125,308.42,226.35,-1703,1689,-2184,1565,1531,1411
536890,355.78,234.45,308.02,227.25,-1702,1682,-2189,1575,1533,1413
536892,355.7,234.75,308.34,227.325,-1703,1685,-2185,1576,1532,1413
536894,355.94,233.625,308.58,226.05,-1700,1674,-2181,1563,1536,1416
536896,356.34,234.675,308.98,225.9,-1696,1686,-2177,1562,1533,1415
536898,355.14,233.775,308.26,225.975,-1708,1675,-2184,1562,1532,1414
536900,356.82,234.45,309.3,225.825,-1691,1684,-2173,1562,1537,1415
536902,356.66,234.225,309.14,226.275,-1693,1682,-2176,1567,1537,1415
536904,356.18,234.45,308.18,225.9,-1697,1684,-2185,1563,1532,1416
536906,356.18,233.925,308.98,226.05,-1697,1679,-2177,1564,1535,1417
536908,356.1,233.925,308.82,225.675,-1697,1680,-2178,1561,1533,1416
536910,355.78,233.325,309.86,225.15,-1700,1673,-2166,1556,1534,1416
536912,355.54,233.775,309.62,225.3,-1703,1678,-2169,1558,1536,1419
536914,355.78,233.775,308.58,225.6,-1700,1678,-2180,1560,1536,1418
536916,355.38,233.55,308.9,225.225,-1703,1677,-2176,1557,1535,1420
536918,355.3,232.05,308.9,225.075,-1704,1660,-2176,1556,1542,1419
536920,355.06,232.8,309.06,225.225,-1706,1668,-2174,1558,1537,1420
536922,354.9,232.425,308.98,225.225,-1707,1665,-2175,1558,1539,1418
536924,354.26,233.25,309.54,225.075,-1715,1673,-2168,1558,1534,1420
536926,354.82,232.2,309.3,224.7,-1708,1663,-2170,1554,1539,1421
536928,353.94,232.125,308.9,226.2,-1716,1662,-2175,1570,1539,1418
536930,354.26,232.8,308.98,225.225,-1714,1670,-2174,1559,1541,1423
536932,354.42,232.425,309.38,225.225,-1711,1667,-2170,1560,1539,1420
536934,354.02,231.9,308.98,225.6,-1715,1660,-2174,1565,1539,1423
536936,354.34,231.825,309.38,225.45,-1711,1660,-2169,1563,1543,1420
536938,353.06,231.45,309.14,225.45,-1725,1655,-2172,1563,1543,1421
536940,353.22,231.45,309.22,224.025,-1722,1656,-2170,1549,1538,1421
536942,353.62,231.525,309.38,225.45,-1719,1657,-2169,1565,1538,1423
536944,353.22,231.525,309.54,224.925,-1723,1658,-2167,1559,1541,1419
536946,353.46,231.375,309.3,225.75,-1720,1656,-2170,1568,1542,1421
536948,352.42,231.075,309.54,224.175,-1731,1653,-2167,1552,1543,1428
536950,352.74,230.85,309.3,224.775,-1727,1650,-2170,1558,1542,1424
536952,351.94,231.375,309.94,224.25,-1736,1656,-2162,1554,1545,1422
536954,352.42,230.4,309.94,225.225,-1730,1646,-2164,1564,1542,1421
536956,352.02,230.7,309.46,224.7,-1735,1650,-2167,1558,1542,1429
536958,352.34,231.675,309.78,224.475,-1732,1661,-2165,1556,1546,1426
536960,352.02,230.175,309.38,224.175,-1734,1645,-2169,1553,1548,1421
536962,352.42,230.775,310.18,224.55,-1730,1651,-2160,1558,1543,1423
536964,352.26,229.875,310.42,224.4,-1731,1642,-2158,1557,1546,1425
536966,351.7,230.475,310.02,223.5,-1737,1648,-2161,1547,1548,1428
536968,352.58,231.075,309.62,224.7,-1729,1656,-2166,1560,1543,1426
536970,351.86,230.475,310.02,224.1,-1737,1649,-2162,1554,1547,1423
536972,352.02,230.025,310.18,224.475,-1734,1645,-2161,1558,1548,1424
536974,351.54,229.575,310.02,224.775,-1739,1639,-2163,1562,1542,1426
536976,351.78,230.325,310.74,223.2,-1737,1648,-2155,1545,1546,1424
536978,351.22,229.425,310.18,222.9,-1742,1638,-2160,1542,1547,1430
536980,351.38,229.35,310.9,223.725,-1741,1637,-2153,1551,1543,1427
536982,351.46,229.725,310.02,223.425,-1740,1641,-2162,1548,1542,1427
536984,351.78,229.425,309.46,223.425,-1738,1639,-2168,1548,1544,1426
536986,351.46,229.5,310.26,222.825,-1740,1639,-2159,1542,1543,1426
536988,351.78,229.425,311.06,222.375,-1738,1638,-2151,1538,1542,1432
536990,351.54,229.425,310.74,222.075,-1740,1639,-2154,1534,1548,1426
536992,351.86,227.85,309.78,222.525,-1736,1622,-2164,1538,1549,1430
536994,351.46,229.05,311.06,222.3,-1741,1634,-2152,1537,1545,1431
536996,351.7,228.525,311.06,222.375,-1739,1629,-2152,1538,1542,1426
536998,352.02,228.675,310.02,222.225,-1735,1630,-2163,1535,1546,1427
537000,351.54,227.925,311.46,222.3,-1740,1623,-2148,1537,1545,1429
537002,351.38,228.225,311.14,221.325,-1743,1625,-2151,1526,1542,1429
537004,349.46,228.6,308.34,221.1,-1762,1628,-2180,1522,1544,1430
537006,345.86,228.525,304.66,220.725,-1800,1625,-2218,1515,1545,1432
537008,338.5,226.8,297.38,217.125,-1874,1602,-2290,1472,1542,1435
537010,329.94,218.25,287.94,211.575,-1956,1505,-2383,1406,1553,1434
537012,318.82,212.175,276.5,203.025,-2065,1432,-2493,1307,1549,1433
537014,306.66,202.65,263.14,189.3,-2182,1322,-2619,1151,1540,1429
537016,295.3,194.175,250.1,180.975,-2292,1225,-2747,1054,1533,1426
537018,284.66,186.3,238.66,174.6,-2395,1133,-2859,979,1529,1416
537020,274.1,177,226.74,167.25,-2496,1027,-2975,892,1505,1406
537022,265.54,172.575,214.1,162.975,-2580,974,-3102,838,1488,1399
537024,255.78,168.45,203.94,159.225,-2677,924,-3203,791,1483,1393
537026,244.82,167.025,189.78,153.75,-2788,901,-3345,723,1476,1388
537028,234.26,165.6,177.94,147.375,-2896,878,-3462,647,1469,1389
537030,222.98,162.525,162.58,141.975,-3010,838,-3616,579,1464,1379
537032,213.7,160.275,149.62,136.95,-3105,807,-3745,517,1462,1378
537034,204.66,156.15,138.18,134.175,-3194,758,-3861,480,1458,1376
537036,197.22,153.375,129.86,134.25,-3268,723,-3948,474,1453,1376
537038,194.02,151.05,125.22,133.5,-3300,696,-3995,463,1455,1369
537040,194.82,151.8,125.38,134.025,-3292,704,-3995,468,1450,1369
537042,195.54,153.3,127.54,137.4,-3286,721,-3976,506,1451,1371
537044,197.54,153.825,130.34,137.1,-3267,728,-3947,504,1449,1372
537046,198.98,153,132.66,136.65,-3250,719,-3922,501,1455,1373
537048,198.98,151.5,134.5,134.925,-3249,703,-3901,484,1461,1384
537050,198.5,151.425,134.5,132.975,-3254,703,-3900,463,1464,1383
537052,196.74,149.7,134.66,131.625,-3271,683,-3896,449,1472,1384
537054,196.02,150.225,134.02,130.875,-3279,688,-3902,440,1468,1382
537056,193.78,149.475,133.94,132.375,-3301,678,-3905,457,1471,1379
537058,194.18,151.425,134.1,132.45,-3299,699,-3902,457,1469,1376
537060,192.82,148.65,134.1,132.75,-3310,669,-3903,461,1474,1377
537062,192.98,148.65,133.78,131.55,-3308,669,-3905,448,1469,1382
537064,192.66,148.8,133.78,132.225,-3311,670,-3906,455,1473,1377
537066,191.86,147.15,135.14,132,-3318,652,-3892,454,1473,1380
537068,192.42,147.975,135.7,131.55,-3314,662,-3885,450,1470,1379
537070,192.1,147.3,135.38,132.15,-3316,654,-3889,456,1470,1380
537072,191.46,146.4,136.98,131.175,-3322,645,-3871,447,1474,1377
537074,191.94,146.4,137.38,131.475,-3317,645,-3868,450,1473,1383
537076,191.86,146.4,136.82,131.1,-3318,646,-3873,446,1473,1383
537078,190.66,146.025,138.1,131.325,-3330,641,-3860,449,1473,1383
537080,190.74,146.625,137.94,131.475,-3329,647,-3862,451,1470,1382
537082,190.5,144.825,138.18,131.325,-3330,628,-3860,449,1473,1382
537084,190.02,145.05,139.06,131.325,-3336,630,-3850,451,1469,1381
537086,190.18,144.375,138.42,129.75,-3333,623,-3855,433,1470,1382
537088,189.7,144.15,138.02,129.9,-3337,621,-3859,434,1467,1385
537090,189.22,144.375,138.26,130.425,-3343,623,-3857,440,1469,1382
537092,189.38,144.3,138.66,129.975,-3340,623,-3852,436,1467,1387
537094,189.54,144,138.26,129.15,-3339,619,-3856,427,1469,1384
537096,188.58,143.325,138.02,131.175,-3348,612,-3860,448,1469,1383
537098,188.18,142.95,138.58,129.525,-3352,608,-3853,431,1467,1387
537100,188.34,141.75,137.38,128.4,-3348,595,-3864,419,1468,1387
537102,187.78,140.55,137.38,128.7,-3353,582,-3864,422,1466,1387
537104,187.62,141.375,137.38,128.625,-3356,591,-3863,421,1468,1385
537106,187.46,140.7,137.54,128.025,-3356,583,-3861,415,1465,1387
537108,187.06,140.25,137.38,128.4,-3361,578,-3864,419,1467,1389
537110,186.18,140.4,137.22,128.4,-3370,579,-3866,419,1463,1390
537112,185.94,139.8,137.54,128.55,-3372,572,-3862,420,1465,1386
537114,186.18,139.35,137.86,127.8,-3369,567,-3858,412,1468,1388
537116,185.7,139.575,137.7,127.95,-3374,569,-3860,413,1466,1387
537118,185.7,139.2,137.3,128.25,-3374,565,-3865,416,1465,1390
537120,185.3,138,138.42,128.1,-3378,551,-3853,415,1463,1389
537122,184.82,137.925,138.1,127.8,-3382,550,-3857,411,1467,1385
537124,184.82,136.425,138.02,127.575,-3381,534,-3857,408,1468,1385
537126,183.7,135.45,138.34,127.125,-3391,523,-3853,404,1467,1390
537128,185.38,137.025,138.98,127.2,-3377,540,-3847,405,1464,1389
537130,184.5,136.2,139.38,127.2,-3385,531,-3843,404,1464,1393
537132,184.5,136.05,139.3,127.95,-3385,529,-3845,412,1466,1395
537134,184.58,135.975,139.06,127.425,-3384,528,-3848,407,1466,1389
537136,183.38,136.425,138.5,126.675,-3398,531,-3854,398,1464,1390
537138,183.38,136.125,139.22,127.875,-3397,528,-3847,411,1466,1386
537140,184.34,135.9,138.82,127.05,-3388,526,-3851,402,1465,1390
537142,182.42,136.575,138.66,126.75,-3408,532,-3852,398,1471,1392
537144,182.98,135.375,139.14,127.125,-3402,519,-3848,402,1469,1391
537146,182.58,137.325,139.86,127.8,-3409,540,-3842,410,1468,1390
537148,182.82,136.8,139.22,126.525,-3406,534,-3848,396,1466,1393
537150,182.66,136.65,138.9,127.725,-3408,532,-3852,408,1470,1392
537152,181.86,136.95,139.38,127.875,-3417,534,-3848,409,1470,1389
537154,181.78,135.9,138.42,127.125,-3416,523,-3857,401,1472,1394
537156,182.1,136.2,140.58,127.275,-3414,526,-3835,404,1469,1393
537158,181.78,136.95,138.82,127.8,-3418,534,-3854,408,1472,1392
537160,181.62,137.475,139.62,127.65,-3421,539,-3846,407,1472,1392
537162,182.1,136.8,140.1,127.125,-3415,532,-3841,401,1471,1392
537164,181.46,135.9,139.78,127.65,-3421,522,-3845,407,1473,1391
537166,181.54,136.8,139.86,126.9,-3421,531,-3843,399,1473,1397
537168,182.02,136.05,140.1,127.875,-3415,524,-3842,409,1471,1393
537170,181.38,136.275,139.7,127.35,-3422,526,-3846,403,1475,1400
537172,181.22,136.425,139.78,127.05,-3424,528,-3845,400,1473,1392
537174,181.38,135.675,139.86,127.425,-3422,519,-3844,404,1473,1394
537176,180.9,136.65,139.94,128.625,-3429,529,-3845,416,1473,1392
537178,181.06,135.225,140.26,128.325,-3425,514,-3842,414,1472,1395
537180,181.22,134.7,139.54,127.725,-3423,509,-3848,407,1468,1397
537182,181.62,135.225,139.78,126.675,-3420,515,-3845,395,1470,1397
537184,181.06,134.775,140.58,126.675,-3425,510,-3837,396,1469,1391
537186,181.22,135.525,139.86,126.225,-3424,517,-3844,391,1473,1396
537188,180.9,135.75,140.42,126.975,-3428,520,-3839,399,1470,1394
537190,181.06,134.475,139.86,126.375,-3425,506,-3844,392,1471,1396
537192,180.58,135.375,139.54,127.275,-3431,515,-3849,401,1470,1393
537194,180.66,134.4,139.14,127.05,-3430,505,-3852,398,1471,1397
537196,180.18,134.175,139.7,126.6,-3435,502,-3847,394,1471,1396
537198,179.78,132.45,139.78,126.075,-3438,483,-3846,389,1474,1397
537200,179.38,132.675,139.86,126.375,-3442,485,-3845,391,1473,1394
537202,179.62,133.725,140.1,125.4,-3440,496,-3842,381,1474,1396
537204,179.62,133.125,139.62,125.925,-3440,490,-3848,386,1473,1396
537206,180.58,133.65,139.46,125.175,-3431,496,-3849,378,1469,1395
537208,180.02,132.525,139.3,125.025,-3436,483,-3851,376,1472,1397
537210,179.54,132,139.46,125.475,-3441,477,-3849,380,1472,1400
537212,179.78,132.675,141.54,125.775,-3439,484,-3829,385,1471,1396
537214,183.06,132.15,145.38,125.775,-3405,481,-3789,387,1470,1401
537216,187.7,133.2,152.5,127.875,-3359,495,-3718,414,1468,1396
537218,197.94,133.425,164.26,130.05,-3252,504,-3598,445,1468,1402
537220,213.06,137.475,181.06,134.55,-3101,556,-3429,504,1473,1408
537222,232.74,138.975,202.02,140.1,-2899,585,-3218,577,1480,1411
537224,256.74,142.95,226.58,144.75,-2656,643,-2969,642,1482,1420
537226,282.66,146.925,253.7,148.425,-2393,703,-2692,699,1490,1427
537228,312.02,149.475,281.22,150.45,-2095,749,-2412,738,1496,1437
537230,340.66,153.6,309.94,150.75,-1805,812,-2117,761,1505,1445
537232,368.5,156,338.9,151.275,-1523,855,-1822,785,1511,1443
537234,398.82,158.7,366.42,151.95,-1216,903,-1541,811,1521,1439
537236,427.94,159.225,393.86,150.45,-921,927,-1261,812,1521,1440
537238,454.66,157.05,421.06,152.7,-650,922,-987,854,1520,1425
537240,483.46,154.875,447.22,149.025,-357,917,-719,832,1521,1421
537242,510.98,152.85,471.46,149.7,-78,914,-475,855,1517,1414
537244,537.06,152.7,495.62,150.45,182,929,-232,879,1517,1421
537246,560.9,152.475,516.5,153.3,422,942,-24,923,1517,1420
537248,582.9,152.4,535.3,153,642,956,164,931,1518,1418
537250,599.78,151.275,547.14,153.675,811,955,282,946,1526,1415
537252,611.78,150,554.74,152.775,931,949,359,941,1521,1412
537254,618.66,148.5,556.98,151.95,1000,938,382,934,1525,1416
537256,619.22,146.4,555.38,151.05,1006,916,365,923,1526,1416
537258,617.7,143.775,554.9,149.55,993,888,362,908,1525,1421
537260,616.42,142.8,553.7,148.725,980,877,350,898,1526,1421
537262,615.06,142.5,554.42,147.3,966,873,357,884,1524,1426
537264,616.02,141.225,554.98,147.6,976,860,362,887,1519,1425
537266,617.3,141,557.62,147.45,989,859,389,888,1519,1428
537268,618.42,141,559.86,149.7,1000,860,410,913,1521,1426
537270,619.38,140.55,560.98,148.875,1010,856,421,905,1519,1429
537272,619.86,142.05,560.58,149.325,1013,872,417,910,1518,1426
537274,619.38,142.575,560.42,149.325,1008,877,415,909,1520,1427
537276,619.38,142.05,559.22,148.725,1008,872,403,903,1517,1428
537278,618.5,142.8,557.3,149.85,999,879,383,913,1522,1422
537280,618.02,142.35,556.26,149.1,994,874,372,905,1523,1424
537282,617.3,142.65,556.5,149.55,987,877,375,910,1521,1422
537284,617.06,142.8,557.86,148.35,984,879,389,898,1521,1422
537286,616.74,142.5,557.38,148.5,981,875,383,900,1522,1422
537288,616.74,141.75,557.22,148.05,981,868,382,894,1524,1427
537290,616.18,141.675,557.78,148.5,975,866,388,900,1516,1427
537292,616.58,141.375,558.18,149.475,979,863,390,910,1520,1423
537294,616.5,139.8,558.82,148.35,979,848,398,899,1520,1428
537296,616.1,141.3,558.82,149.55,974,863,397,912,1519,1423
537298,616.26,140.175,559.54,148.65,976,851,405,903,1522,1427
537300,615.54,139.8,560.5,149.025,969,847,413,908,1524,1418
537302,614.74,139.125,560.1,148.875,961,839,410,906,1525,1429
537304,614.42,139.95,561.46,148.95,958,848,423,908,1522,1429
537306,615.22,138.675,561.46,148.575,966,835,424,904,1523,1427
537308,615.22,139.05,561.46,148.575,965,839,424,904,1522,1425
537310,614.02,139.05,561.86,147.675,954,839,428,895,1524,1426
537312,614.58,138.6,561.22,147.45,960,834,421,892,1524,1426
537314,613.62,138.825,562.82,147.45,950,836,437,893,1523,1425
537316,613.94,138.9,563.3,148.5,953,837,442,905,1527,1422
537318,614.5,138.75,564.98,146.475,959,836,460,885,1530,1427
537320,613.54,138.075,565.38,147.15,950,828,463,892,1524,1426
537322,613.86,137.85,564.26,146.55,953,826,453,885,1526,1429
537324,614.82,138.975,564.82,147.825,962,839,458,899,1526,1424
537326,613.62,137.7,563.86,147.3,951,825,448,893,1525,1426
537328,614.02,137.775,564.74,146.55,955,826,457,886,1522,1427
537330,614.1,138.675,566.02,147.225,955,835,469,894,1523,1425
537332,614.18,137.4,565.86,145.8,956,822,468,879,1523,1427
537334,613.7,137.7,566.18,145.575,951,826,472,877,1525,1429
537336,614.34,137.7,565.94,146.475,957,826,469,886,1524,1427
537338,614.1,136.725,565.54,146.325,956,816,465,884,1521,1427
537340,614.1,137.55,565.22,145.575,956,824,463,877,1528,1428
537342,613.38,137.7,566.18,146.325,948,826,472,885,1524,1426
537344,613.94,137.175,566.1,146.55,954,821,472,888,1524,1426
537346,613.54,137.175,565.54,146.475,950,821,466,886,1524,1425
537348,612.26,136.125,565.86,145.125,938,809,470,873,1527,1427
537350,613.46,135.825,566.98,145.65,951,807,481,879,1522,1426
537352,612.98,136.125,566.34,145.725,946,809,474,879,1525,1425
537354,613.3,135.3,566.66,145.575,949,801,477,878,1524,1426
537356,612.82,135.375,567.14,146.1,945,802,483,884,1523,1424
537358,613.06,135,567.06,146.025,948,798,482,883,1526,1424
537360,612.02,134.325,567.7,144.45,938,790,489,867,1523,1428
537362,612.98,134.55,567.06,145.725,947,793,482,880,1525,1425
537364,612.9,134.55,567.46,145.5,946,793,486,878,1523,1426
537366,612.34,134.025,568.18,143.325,941,787,495,856,1524,1432
537368,613.3,134.775,568.26,144.225,950,796,495,865,1522,1430
537370,613.38,134.25,568.26,144.975,951,790,494,873,1525,1425
537372,613.22,134.475,568.42,144.525,949,792,497,869,1527,1428
537374,612.5,133.65,568.9,144.45,943,783,502,868,1527,1424
537376,612.74,133.8,568.26,144.375,946,785,495,867,1528,1426
537378,612.74,133.2,568.9,144.375,946,779,501,868,1522,1429
537380,612.82,133.05,566.98,144.75,946,777,483,870,1524,1428
537382,612.18,132.75,568.58,143.775,940,774,499,860,1525,1429
537384,614.18,130.65,569.22,142.125,962,754,506,844,1526,1429
537386,614.98,127.5,570.1,138.375,971,721,518,806,1527,1433
537388,618.98,120.675,572.1,133.875,1015,653,540,760,1530,1421
537390,623.86,111.6,575.94,123.45,1068,562,584,653,1529,1423
537392,627.3,102.225,580.26,112.8,1107,466,633,545,1524,1416
537394,632.58,90.375,581.3,104.925,1166,347,648,464,1511,1415
537396,636.1,85.35,584.26,98.4,1203,298,681,399,1510,1416
537398,639.22,78.975,584.02,92.1,1237,235,683,333,1497,1403
537400,640.9,75.825,582.66,86.925,1255,203,672,279,1487,1389
537402,641.86,74.325,581.94,84.525,1266,188,666,253,1482,1386
537404,643.46,73.95,582.1,84.675,1282,185,668,255,1476,1378
537406,643.46,74.25,581.14,85.2,1281,188,658,260,1477,1376
537408,644.58,75.6,581.86,85.5,1291,203,664,263,1480,1382
537410,645.14,75.375,581.14,86.4,1297,201,657,272,1480,1382
537412,644.9,75.75,581.7,87.3,1295,205,662,282,1484,1381
537414,645.38,76.2,582.58,88.65,1299,210,669,296,1488,1386
537416,644.74,75.75,583.62,87.3,1293,204,680,283,1489,1391
537418,644.34,74.85,582.58,86.7,1289,195,671,276,1491,1390
537420,644.02,75.075,582.74,86.325,1285,197,672,272,1492,1386
537422,643.14,74.925,583.62,86.175,1277,195,681,271,1490,1393
537424,642.98,75.75,585.06,85.8,1274,204,695,268,1494,1388
537426,642.98,75.45,585.7,85.425,1274,200,702,265,1493,1392
537428,642.26,74.85,585.7,87.3,1267,194,700,284,1485,1394
537430,642.74,75.15,587.06,85.8,1272,197,714,270,1488,1395
537432,641.3,75.975,585.46,85.725,1257,205,698,268,1492,1390
537434,640.82,75.15,586.74,85.05,1253,196,712,262,1485,1389
537436,641.3,75.3,585.86,84.525,1257,198,703,256,1492,1392
537438,640.58,74.25,586.18,85.125,1251,187,705,263,1487,1388
537440,640.66,75,585.62,84.375,1250,195,700,254,1488,1391
537442,640.42,73.65,585.86,84.225,1249,181,702,253,1490,1389
537444,640.5,73.05,587.46,85.725,1249,175,717,270,1489,1393
537446,641.38,73.575,586.9,84.45,1258,181,712,257,1491,1394
537448,639.78,72.6,586.5,83.775,1242,171,708,250,1487,1390
537450,639.3,72.15,586.98,83.775,1237,165,713,250,1485,1394
537452,639.14,72.975,586.34,84.3,1235,174,706,255,1489,1392
537454,638.34,73.725,587.38,84.675,1227,181,716,260,1485,1395
537456,638.58,74.1,587.62,84.375,1229,186,718,258,1492,1389
537458,638.02,73.35,587.38,84.6,1223,178,716,259,1488,1392
537460,637.54,73.425,586.98,86.4,1219,179,710,279,1493,1390
537462,637.46,73.65,588.02,85.575,1217,181,721,271,1489,1391
537464,637.14,73.875,589.14,86.175,1214,183,732,278,1492,1391
537466,636.5,73.725,588.9,84.9,1208,182,730,265,1496,1401
537468,637.38,74.325,588.82,85.5,1216,188,728,272,1497,1394
537470,636.58,73.95,588.9,85.2,1208,184,730,269,1494,1396
537472,635.86,74.1,589.3,85.875,1200,186,733,276,1496,1403
537474,637.06,74.025,589.94,86.025,1213,186,740,278,1491,1399
537476,636.98,74.325,589.54,85.125,1212,190,736,269,1494,1399
537478,636.66,74.55,589.3,85.425,1208,191,733,272,1493,1407
537480,636.82,73.875,591.22,85.875,1210,185,751,278,1495,1401
537482,636.66,72.825,590.34,84.525,1209,174,743,264,1494,1399
537484,636.18,73.65,590.34,84.075,1203,182,743,259,1496,1402
537486,636.9,73.875,590.74,83.4,1209,186,748,253,1495,1401
537488,636.26,72.9,590.9,83.85,1203,176,748,258,1490,1398
537490,636.66,73.65,590.5,83.775,1207,184,744,257,1495,1400
537492,636.26,73.5,591.62,82.2,1203,182,756,242,1496,1388
537494,636.98,72.825,592.26,82.2,1210,176,762,242,1491,1388
537496,636.82,73.575,592.98,83.175,1208,183,769,253,1491,1395
537498,637.3,73.65,592.26,81.525,1213,184,762,235,1492,1388
537500,637.06,72.6,593.46,81.6,1211,173,773,237,1492,1390
537502,636.9,72.975,593.46,81.45,1208,176,774,235,1491,1389
537504,637.14,73.95,592.98,81.525,1210,187,768,235,1493,1388
537506,636.98,72.9,593.22,81.075,1209,176,771,231,1493,1393
537508,636.34,72.675,593.7,81.075,1202,172,775,231,1489,1394
537510,637.06,72.9,593.54,81.825,1209,175,773,238,1493,1390
537512,636.34,73.2,593.78,80.475,1202,177,775,224,1492,1390
537514,636.9,72.3,593.46,80.4,1207,169,772,223,1491,1391
537516,636.5,72.825,592.9,80.4,1202,173,767,222,1490,1390
537518,636.02,73.125,592.82,80.325,1198,176,766,221,1494,1395
537520,636.42,72.675,593.46,81.15,1202,171,771,229,1491,1391
537522,635.86,72.6,593.3,80.55,1196,169,770,223,1491,1392
537524,636.34,72.825,592.98,79.725,1200,171,767,213,1491,1395
537526,635.62,73.65,592.98,81.3,1192,179,766,229,1491,1384
537528,635.3,73.2,593.06,80.85,1190,173,767,224,1490,1389
537530,635.22,72.3,592.82,80.85,1189,164,765,224,1491,1394
537532,635.46,72.975,592.82,80.325,1191,170,764,217,1490,1387
537534,634.66,72.9,593.22,79.875,1183,169,769,213,1491,1393
537536,635.06,73.65,593.06,80.025,1186,176,767,214,1489,1392
537538,634.98,73.125,593.06,80.85,1186,170,766,222,1491,1393
537540,634.42,73.725,593.78,80.475,1180,175,773,218,1489,1393
537542,634.58,73.05,592.74,82.2,1181,169,762,235,1491,1399
537544,634.82,73.65,592.42,81,1183,173,759,221,1494,1392
537546,634.82,73.65,593.62,80.325,1183,174,772,215,1491,1394
537548,634.26,72.525,592.34,81.675,1178,161,758,227,1490,1389
537550,634.26,73.275,593.14,81.225,1178,169,766,223,1489,1397
537552,634.66,73.65,593.14,80.55,1181,172,766,216,1491,1395
537554,634.98,73.875,593.06,80.925,1184,175,765,219,1488,1393
537556,634.58,73.575,594.5,81.075,1180,170,779,221,1488,1391
537558,634.74,74.325,593.94,79.875,1181,178,774,208,1485,1392
537560,634.82,73.95,593.14,80.7,1182,174,766,216,1490,1390
537562,634.42,74.175,594.18,80.4,1178,176,776,213,1488,1397
537564,634.9,73.275,593.54,80.475,1183,166,770,213,1488,1398
537566,634.9,73.2,592.5,80.25,1183,166,760,210,1488,1392
537568,634.02,73.05,593.62,80.7,1174,163,770,215,1491,1394
537570,634.98,73.8,593.86,79.95,1183,171,773,207,1487,1397
537572,634.98,73.275,594.1,80.475,1184,165,775,212,1488,1394
537574,635.3,73.725,593.54,80.4,1186,171,769,211,1490,1392
537576,635.38,73.725,594.34,80.625,1187,170,777,213,1488,1393
537578,634.98,72.6,594.34,79.65,1183,158,777,204,1486,1393
537580,635.22,72.6,595.06,79.875,1186,158,784,207,1487,1394
537582,634.74,73.05,594.18,79.95,1181,162,775,206,1489,1394
537584,635.06,72.825,593.86,79.575,1184,160,773,202,1484,1394
537586,635.22,72.9,594.9,79.575,1186,161,783,203,1485,1395
537588,635.46,72.675,594.5,80.475,1189,159,779,212,1485,1392
537590,635.7,72.15,594.66,80.175,1191,153,780,209,1485,1389
537592,634.9,73.05,594.9,80.475,1183,162,783,212,1484,1393
537594,634.9,73.575,594.74,80.925,1183,168,781,217,1483,1392
537596,635.22,73.35,594.58,80.85,1186,166,779,216,1485,1391
537598,635.22,72.975,594.58,80.325,1186,162,780,210,1485,1392
537600,635.7,73.875,594.58,80.55,1190,171,780,213,1486,1393
537602,635.3,73.35,595.46,81.45,1187,166,788,222,1485,1393
537604,635.38,73.65,594.74,80.4,1188,169,781,211,1484,1394
537606,634.74,74.025,594.58,80.85,1181,173,780,216,1485,1395
537608,634.5,74.25,594.26,80.925,1179,175,776,217,1485,1395
537610,635.94,73.875,594.34,81.825,1193,172,777,226,1485,1394
537612,634.9,74.325,594.9,81.975,1183,176,783,228,1486,1392
537614,635.3,74.325,594.98,80.7,1187,177,784,215,1483,1392
537616,635.22,74.925,595.22,81.75,1186,183,786,227,1489,1395
537618,635.54,74.7,594.5,81.375,1189,181,779,222,1489,1395
537620,634.82,74.775,594.26,81.15,1183,182,777,221,1484,1393
537622,635.38,74.625,595.22,81.6,1188,181,786,226,1487,1394
537624,634.98,75.075,595.14,81.6,1185,186,786,226,1488,1394
537626,635.38,74.55,594.98,81.825,1189,180,785,229,1488,1394
537628,635.78,74.1,594.98,81.675,1193,177,785,227,1486,1396
537630,634.74,73.875,594.82,82.35,1183,174,783,234,1487,1392
537632,635.78,73.725,594.82,81.15,1194,174,784,223,1485,1397
537634,635.7,74.025,594.66,81.3,1193,177,782,224,1486,1393
537636,635.38,73.875,594.5,81.675,1190,175,781,229,1486,1398
537638,634.98,74.625,595.54,82.05,1186,183,791,233,1484,1393
537640,635.54,75.15,595.22,81.225,1191,190,788,225,1489,1394
537642,634.98,74.7,594.98,81.45,1186,185,786,228,1485,1394
537644,635.7,74.7,594.74,82.5,1194,186,784,239,1485,1397
537646,635.62,74.7,594.98,82.8,1193,186,785,243,1489,1398
537648,635.22,74.55,595.14,82.875,1189,185,788,243,1485,1395
537650,635.86,75,595.86,81.375,1195,190,796,229,1488,1398
537652,635.86,75.15,595.62,82.35,1196,192,793,239,1486,1395
537654,635.54,74.475,595.22,83.7,1193,185,788,253,1485,1399
537656,635.54,74.25,596.26,82.2,1193,183,800,239,1487,1394
537658,635.46,75.225,595.06,82.65,1192,194,788,242,1486,1397
537660,635.54,74.625,595.22,82.575,1193,187,790,243,1483,1395
537662,635.86,74.625,596.18,82.725,1197,188,800,245,1489,1402
537664,635.62,76.2,595.38,82.05,1194,205,792,238,1488,1402
537666,635.38,74.1,596.66,83.175,1193,183,804,251,1487,1403
537668,636.1,75.075,595.7,82.575,1200,194,795,245,1485,1401
537670,636.1,75.45,595.78,82.575,1199,198,796,244,1483,1398
537672,635.22,74.85,596.66,81.825,1192,192,805,238,1485,1400
537674,635.3,74.775,596.02,82.425,1192,191,799,243,1486,1401
537676,635.46,74.925,596.18,82.35,1194,192,801,243,1486,1402
537678,636.02,75.225,595.7,81.825,1200,196,796,237,1485,1402
537680,635.3,73.725,595.94,82.05,1193,181,799,240,1485,1402
537682,635.62,74.85,595.62,81.15,1196,192,796,231,1485,1397
537684,636.02,74.7,594.82,81.975,1200,191,788,239,1481,1393
537686,635.94,74.175,594.58,82.575,1200,186,785,245,1484,1394
537688,635.38,73.35,595.46,81.075,1195,177,795,230,1485,1394
537690,635.86,73.725,595.06,81.75,1199,181,791,237,1486,1396
537692,635.54,72.525,595.78,81.3,1197,169,799,233,1479,1397
537694,635.3,73.425,594.66,81.15,1195,178,788,231,1483,1393
537696,635.06,74.25,594.66,81.825,1192,186,788,238,1486,1393
537698,635.54,73.275,594.66,81.75,1197,177,788,237,1482,1393
537700,634.98,74.025,594.82,80.625,1191,184,790,225,1484,1393
537702,635.62,73.425,595.06,81.075,1198,178,793,230,1484,1396
537704,635.54,74.025,594.5,81,1197,185,787,229,1484,1392
537706,634.9,73.8,594.26,81.825,1191,181,784,237,1483,1392
537708,635.46,73.875,593.86,81.975,1196,182,779,238,1482,1388
537710,634.66,74.025,594.1,81.3,1188,183,783,231,1484,1394
537712,635.14,73.5,594.5,81.225,1193,178,786,231,1484,1395
537714,635.22,73.8,594.58,80.925,1194,181,787,228,1484,1395
537716,634.66,73.875,593.86,81.525,1187,182,779,233,1486,1389
537718,635.3,73.95,593.7,80.55,1194,183,778,223,1481,1391
537720,634.18,74.85,593.94,82.65,1182,191,779,244,1486,1394
537722,634.66,73.725,594.74,81.3,1187,180,787,231,1484,1395
537724,634.9,74.55,594.66,82.275,1188,188,785,241,1486,1396
537726,634.9,74.55,594.18,81.15,1188,188,781,230,1486,1390
537728,634.58,74.4,594.34,80.85,1185,186,783,226,1483,1391
537730,634.02,73.8,594.74,80.775,1179,180,787,226,1482,1391
537732,634.58,74.625,594.66,81.15,1184,189,785,229,1487,1390
537734,634.82,74.625,594.5,80.925,1186,189,784,227,1486,1392
537736,634.9,75,594.82,81.525,1187,192,785,233,1485,1390
537738,634.5,73.575,594.34,81.375,1183,178,781,231,1487,1392
537740,634.98,74.475,594.82,81.9,1186,187,784,237,1486,1392
537742,634.82,75.75,594.26,83.475,1185,200,778,253,1487,1396
537744,634.42,79.575,594.74,87.375,1178,240,780,294,1485,1400
537746,634.5,83.4,592.02,91.05,1177,279,751,330,1485,1398
537748,632.98,90.3,588.18,98.4,1157,349,708,404,1490,1409
537750,628.82,102,579.46,109.65,1110,467,615,515,1491,1404
537752,625.38,122.025,571.38,124.65,1064,674,525,666,1503,1397
537754,620.42,136.275,562.5,144.225,1008,819,424,864,1507,1418
537756,618.5,153.525,553.54,158.775,978,998,325,1012,1530,1423
537758,617.14,168.525,546.98,177.45,956,1154,248,1204,1531,1441
537760,617.22,182.25,541.54,189,949,1299,185,1323,1552,1448
537762,617.22,188.925,536.34,198.825,946,1369,127,1423,1558,1456
537764,616.82,198.15,533.38,207.375,936,1466,91,1512,1565,1467
537766,617.7,203.475,530.9,212.7,942,1523,62,1567,1572,1478
537768,618.9,205.95,530.1,214.95,952,1551,53,1591,1579,1476
537770,619.54,207.3,530.34,215.475,958,1565,54,1597,1585,1480
537772,620.26,208.35,530.66,214.2,964,1577,58,1584,1586,1478
537774,619.46,207.675,533.06,212.925,956,1570,83,1572,1583,1480
537776,619.22,206.925,534.98,211.125,953,1561,103,1554,1583,1471
537778,618.58,205.5,537.54,209.85,948,1546,129,1542,1576,1471
537780,616.58,205.05,538.82,208.125,928,1540,143,1525,1574,1465
537782,614.5,204.375,539.54,207.45,907,1532,151,1518,1570,1466
537784,613.54,203.775,540.34,209.175,897,1525,157,1537,1567,1464
537786,613.46,204.675,541.78,210.3,895,1534,171,1550,1563,1458
537788,613.46,205.725,540.66,212.55,894,1546,157,1573,1563,1457
537790,612.9,205.875,540.58,215.025,889,1547,155,1600,1558,1450
537792,612.5,208.275,542.1,215.4,882,1572,169,1605,1557,1453
537794,612.26,209.175,540.82,217.35,880,1581,155,1624,1560,1455
537796,612.26,207.525,539.78,218.475,880,1564,143,1636,1569,1449
537798,611.78,208.275,540.82,217.125,874,1571,155,1622,1563,1459
537800,612.18,208.275,541.3,215.85,878,1571,159,1608,1568,1457
537802,611.7,207.975,542.1,214.5,873,1568,169,1594,1571,1461
537804,611.62,207.6,542.82,214.8,872,1564,175,1598,1567,1457
537806,611.54,208.65,542.98,214.125,871,1575,177,1591,1570,1461
537808,611.62,208.275,544.18,214.65,871,1570,188,1597,1569,1456
537810,611.3,207,542.74,212.7,869,1557,175,1575,1570,1463
537812,610.82,207.6,544.42,213.9,862,1563,190,1588,1568,1458
537814,610.5,207.375,544.34,213.975,859,1560,190,1589,1571,1454
537816,610.26,207.375,544.02,214.2,857,1559,185,1591,1568,1458
537818,609.62,207.225,544.98,213.675,850,1558,195,1586,1571,1458
537820,609.22,206.475,545.06,214.575,846,1549,196,1595,1573,1454
537822,609.7,207,545.38,212.175,850,1554,200,1569,1570,1458
537824,609.46,207.075,545.78,213,848,1554,204,1578,1572,1455
537826,608.66,207.15,546.82,213.225,839,1555,213,1581,1572,1457
537828,609.22,206.25,546.34,213.525,845,1545,208,1584,1572,1452
537830,608.42,207.3,546.02,213.825,837,1556,205,1587,1572,1455
537832,608.66,206.85,546.66,214.425,838,1551,210,1593,1573,1455
537834,607.94,206.25,546.9,213.15,832,1544,213,1580,1574,1456
537836,608.02,206.7,546.58,213.225,831,1548,209,1579,1573,1454
537838,607.22,206.025,546.34,213.3,824,1541,207,1581,1572,1455
537840,607.38,207.15,547.7,214.425,825,1552,220,1593,1573,1454
537842,607.54,207.15,548.26,213.225,826,1552,226,1580,1571,1459
537844,607.22,206.025,547.78,213.975,823,1540,221,1588,1572,1456
537846,607.22,207.075,548.42,214.125,823,1551,227,1590,1573,1454
537848,606.34,207.45,549.3,213.375,813,1554,236,1582,1572,1451
537850,606.58,206.4,548.98,214.125,817,1543,232,1590,1569,1454
537852,606.58,207.75,549.38,214.2,816,1557,236,1590,1575,1455
537854,606.66,207.225,550.42,215.025,816,1552,246,1600,1572,1453
537856,605.78,206.7,550.18,213.3,808,1545,244,1581,1574,1458
537858,605.22,206.55,550.02,214.2,802,1544,242,1590,1580,1455
537860,605.06,206.55,551.06,214.875,800,1543,252,1598,1579,1454
537862,604.9,206.25,549.94,214.275,799,1540,241,1591,1577,1456
537864,604.1,206.25,550.42,215.55,791,1540,245,1605,1580,1450
537866,604.5,205.575,551.3,213.525,795,1532,255,1584,1580,1457
537868,604.9,205.35,551.06,214.425,799,1531,252,1593,1577,1456
537870,604.42,206.325,551.3,213.975,794,1540,255,1589,1577,1454
537872,603.78,205.575,551.22,213.75,788,1532,254,1586,1581,1453
537874,604.66,205.875,552.42,213.075,796,1536,266,1580,1577,1457
537876,604.1,205.5,551.62,213,791,1531,258,1579,1579,1457
537878,603.38,205.8,551.86,212.925,784,1534,260,1578,1578,1454
537880,604.26,205.425,551.86,212.55,792,1530,261,1574,1579,1457
537882,604.58,205.575,552.66,212.475,796,1533,269,1574,1579,1457
537884,604.02,205.95,552.82,213.9,790,1536,270,1589,1579,1454
537886,604.02,206.025,552.66,212.55,790,1537,269,1574,1578,1456
537888,604.18,205.35,552.58,212.475,792,1530,268,1573,1579,1455
537890,603.54,205.125,552.1,213.45,785,1526,263,1583,1580,1452
537892,603.62,205.425,552.42,213.675,786,1530,266,1586,1580,1458
537894,604.34,204.975,552.5,212.775,793,1525,268,1576,1580,1459
537896,603.86,205.65,552.1,214.05,789,1533,263,1590,1576,1450
537898,603.7,205.425,552.82,214.275,787,1530,269,1592,1579,1450
537900,603.94,205.425,553.14,212.625,790,1530,274,1575,1578,1460
537902,603.46,205.35,552.82,212.7,785,1529,271,1575,1578,1456
537904,603.78,205.95,552.98,214.575,788,1535,271,1595,1580,1454
537906,603.22,205.575,552.42,213.9,783,1531,266,1588,1579,1454
537908,603.22,206.325,552.42,214.5,782,1538,266,1594,1579,1455
537910,603.22,205.65,553.22,214.05,783,1531,274,1589,1579,1458
537912,603.62,206.1,554.1,213,786,1535,283,1578,1579,1460
537914,603.78,206.625,552.5,215.475,787,1541,266,1603,1581,1451
537916,602.98,206.025,553.22,214.2,780,1534,274,1590,1582,1454
537918,602.98,205.95,553.94,214.425,780,1534,281,1592,1580,1458
537920,603.3,205.8,553.54,213.225,783,1532,278,1579,1580,1453
537922,602.5,204.9,552.82,215.175,775,1522,270,1599,1584,1456
537924,602.26,205.05,554.5,213.45,773,1523,287,1582,1580,1458
537926,602.58,205.95,553.46,213.675,776,1533,277,1584,1579,1453
537928,602.42,206.4,553.22,214.35,775,1537,274,1591,1578,1453
537930,602.26,205.875,553.78,214.575,773,1531,280,1593,1580,1457
537932,602.5,205.575,554.58,216.45,776,1528,287,1614,1582,1453
537934,602.34,205.875,553.86,213.075,774,1531,281,1577,1582,1457
537936,602.34,206.175,553.06,214.2,774,1534,273,1588,1582,1451
537938,602.9,205.875,554.26,214.125,780,1531,285,1589,1581,1461
537940,602.26,205.65,554.1,213.525,773,1528,284,1582,1581,1461
537942,602.5,205.875,553.14,214.2,776,1531,274,1588,1579,1450
537944,602.34,206.25,553.78,216,774,1534,279,1608,1582,1451
537946,601.78,205.425,553.38,214.2,769,1525,276,1589,1579,1454
537948,602.58,206.325,553.54,214.575,776,1536,277,1592,1579,1451
537950,602.18,205.575,554.1,213.75,772,1527,284,1584,1579,1456
537952,602.1,205.275,553.06,215.1,771,1524,272,1598,1579,1455
537954,602.42,205.2,553.94,214.8,775,1523,280,1595,1580,1450
537956,603.3,202.05,555.38,211.05,785,1491,297,1556,1577,1456
537958,606.58,197.925,557.86,206.55,820,1449,325,1510,1578,1458
537960,610.34,191.55,561.22,201,861,1384,362,1453,1576,1454
537962,613.46,188.1,564.5,196.125,894,1350,398,1404,1568,1449
537964,617.38,184.125,566.18,194.325,935,1311,415,1385,1569,1447
537966,620.58,182.55,567.14,189.975,968,1296,428,1340,1565,1444
537968,622.82,180.975,567.38,189.15,992,1281,431,1332,1559,1440
537970,622.98,181.275,568.34,187.95,993,1284,441,1320,1559,1437
537972,623.86,181.8,567.3,189.15,1000,1290,430,1332,1559,1438
537974,623.22,182.025,566.58,190.65,994,1292,421,1347,1557,1436
537976,622.98,182.625,565.94,192,991,1298,414,1361,1562,1435
537978,622.82,182.85,566.42,191.175,989,1300,419,1353,1563,1437
537980,623.38,182.85,567.3,191.1,994,1300,427,1352,1561,1437
537982,623.22,182.4,566.74,191.175,993,1296,422,1352,1563,1441
537984,623.3,182.175,567.22,190.65,993,1294,426,1348,1565,1442
537986,622.82,182.25,567.7,190.425,989,1294,431,1345,1560,1439
537988,623.06,181.575,567.94,190.125,991,1287,433,1343,1560,1442
537990,622.34,182.175,568.02,190.2,983,1293,434,1344,1562,1441
537992,622.58,182.4,568.5,190.875,985,1296,438,1351,1566,1440
537994,621.78,182.475,568.58,191.55,977,1296,439,1358,1562,1442
537996,622.58,182.925,569.06,190.875,985,1301,444,1352,1564,1438
537998,621.78,183.075,568.82,189.9,976,1302,442,1341,1562,1437
538000,621.54,182.475,568.74,190.425,975,1296,440,1346,1562,1438
538002,622.02,182.7,568.98,189.3,980,1298,443,1334,1563,1441
538004,620.9,182.55,568.74,189.675,968,1296,440,1339,1567,1434
538006,621.62,182.475,569.38,189.6,975,1296,447,1338,1562,1437
538008,622.18,182.625,568.34,191.25,981,1298,436,1355,1561,1437
538010,622.18,182.25,569.14,189.825,981,1294,444,1340,1562,1434
538012,621.46,182.25,569.54,191.175,973,1293,447,1355,1561,1431
538014,621.46,181.8,569.14,190.575,973,1289,444,1348,1558,1435
538016,621.94,181.725,568.74,190.2,978,1288,439,1344,1563,1437
538018,621.14,181.8,569.54,191.85,969,1288,446,1362,1560,1431
538020,621.62,181.875,569.22,190.35,974,1290,444,1346,1556,1434
538022,620.9,181.725,569.94,191.325,967,1288,451,1357,1558,1432
538024,620.74,182.175,569.14,190.425,965,1293,443,1347,1560,1433
538026,620.58,182.55,569.78,190.2,964,1296,449,1345,1555,1436
538028,620.74,181.575,570.42,190.5,965,1286,455,1349,1558,1430
538030,620.58,182.175,570.42,191.25,963,1292,455,1357,1555,1428
538032,620.34,181.875,569.62,191.1,961,1289,446,1354,1557,1429
538034,619.62,180.675,570.34,190.5,954,1276,454,1349,1554,1428
538036,620.1,181.725,570.9,189.75,958,1287,460,1341,1552,1429
538038,619.46,180.6,570.18,190.125,953,1275,452,1345,1552,1425
538040,620.02,181.125,570.02,191.175,957,1281,450,1355,1551,1426
538042,620.18,181.425,570.5,190.2,959,1285,455,1346,1548,1429
538044,619.86,181.35,570.58,189.975,956,1283,457,1343,1549,1425
538046,619.62,181.5,571.22,190.05,953,1285,463,1344,1548,1422
538048,620.18,180.3,571.62,189.525,959,1272,467,1339,1547,1424
538050,619.62,180.525,570.9,188.25,953,1274,460,1325,1545,1427
538052,620.1,180.525,571.54,189.525,958,1274,465,1339,1547,1422
538054,619.54,180.6,572.26,189.525,952,1275,473,1339,1544,1420
538056,619.94,179.4,570.42,189.15,956,1262,454,1334,1542,1419
538058,619.3,178.8,571.78,189.525,950,1256,468,1339,1541,1424
538060,619.06,179.7,571.54,189.825,947,1265,465,1342,1542,1421
538062,618.58,180.15,572.02,189.6,942,1270,470,1340,1543,1414
538064,618.42,179.775,571.46,189.75,940,1266,464,1341,1542,1418
538066,619.38,180.75,571.54,189.75,949,1277,465,1341,1541,1414
538068,618.18,180.825,571.78,189.75,937,1277,467,1342,1542,1415
538070,618.5,180.225,572.26,190.95,940,1271,471,1354,1537,1413
538072,618.02,179.775,571.46,190.2,936,1265,463,1346,1535,1420
538074,619.14,179.775,572.18,190.575,947,1266,470,1350,1534,1412
538076,619.3,179.175,572.26,189.45,949,1260,471,1339,1533,1411
538078,618.34,180.6,571.94,191.175,938,1274,467,1357,1531,1410
538080,618.02,181.575,571.94,190.575,934,1284,467,1351,1530,1409
538082,617.94,181.275,571.3,190.425,933,1281,460,1349,1529,1407
538084,618.58,180.375,572.42,190.95,940,1273,471,1355,1527,1409
538086,617.62,180.975,572.26,192.375,930,1278,468,1370,1527,1402
538088,617.94,180.525,572.18,191.775,933,1274,467,1364,1525,1407
538090,617.94,180.45,571.86,191.925,933,1273,464,1366,1521,1401
538092,617.54,180.675,571.3,191.55,928,1276,459,1362,1523,1403
538094,618.34,181.275,572.26,192,936,1283,468,1367,1522,1403
538096,618.02,181.875,572.1,192.225,932,1289,466,1370,1521,1401
538098,617.62,180.525,571.46,192.075,929,1275,459,1368,1518,1398
538100,617.3,181.05,571.94,191.4,925,1281,464,1361,1522,1401
538102,617.7,180.45,572.34,190.8,929,1274,468,1356,1516,1403
538104,618.1,181.275,571.14,192.15,933,1284,455,1369,1515,1397
538106,617.94,180.15,571.38,190.125,932,1272,459,1348,1514,1400
538108,618.34,181.425,572.02,191.325,934,1286,464,1361,1511,1397
538110,618.34,181.2,572.02,191.25,935,1284,465,1361,1512,1399
538112,618.02,180.75,571.7,191.1,931,1280,461,1360,1510,1398
538114,617.86,180.3,571.38,191.85,930,1274,457,1367,1510,1396
538116,617.78,179.475,572.26,191.175,929,1267,466,1361,1510,1398
538118,617.3,179.25,571.14,191.7,925,1263,455,1366,1512,1392
538120,617.14,179.1,571.7,191.475,923,1262,460,1365,1511,1395
538122,617.3,179.25,571.46,190.65,925,1264,458,1356,1510,1393
538124,617.38,179.1,571.22,190.65,925,1263,456,1356,1508,1393
538126,617.06,179.1,571.3,192,922,1263,456,1370,1507,1391
538128,617.3,179.55,571.06,191.325,923,1268,453,1363,1506,1390
538130,616.66,179.1,572.1,192.3,917,1263,463,1375,1508,1390
538132,617.14,180.225,570.98,191.4,921,1276,452,1365,1504,1391
538134,617.7,180.3,571.06,192.975,927,1277,452,1382,1501,1390
538136,617.06,180.3,571.54,192.075,921,1277,457,1373,1501,1388
538138,617.3,180.15,572.1,192.9,922,1275,463,1381,1499,1383
538140,616.34,180.6,571.14,192.9,913,1280,453,1382,1498,1386
538142,616.18,181.575,571.54,194.025,911,1291,456,1393,1496,1387
538144,616.98,181.425,571.62,193.875,919,1290,457,1393,1494,1387
538146,617.06,181.425,571.46,192.825,920,1290,455,1381,1493,1387
538148,616.9,181.95,571.22,193.5,917,1296,452,1389,1493,1388
538150,617.06,181.725,571.62,193.05,919,1294,457,1385,1492,1386
538152,617.38,181.65,571.86,193.95,922,1294,459,1395,1492,1382
538154,617.14,181.65,572.58,194.25,920,1293,466,1398,1489,1381
538156,617.7,181.65,572.26,193.35,926,1294,463,1389,1490,1381
538158,617.38,182.55,572.18,193.65,921,1304,462,1393,1491,1382
538160,617.54,181.95,572.66,194.25,924,1298,466,1400,1489,1381
538162,617.62,182.625,572.66,194.1,924,1306,467,1398,1490,1381
538164,616.5,182.175,573.06,193.8,914,1300,471,1396,1490,1385
538166,617.62,182.4,573.14,193.8,924,1304,472,1396,1487,1382
538168,617.78,181.725,573.46,193.5,927,1297,476,1394,1488,1377
538170,617.38,181.5,574.26,193.875,923,1294,483,1398,1489,1379
538172,617.86,181.875,572.66,192.375,927,1299,468,1382,1485,1379
538174,617.62,181.8,572.98,193.65,925,1298,471,1395,1485,1376
538176,617.54,181.575,573.78,193.125,925,1296,479,1391,1485,1382
538178,617.14,180.375,573.54,193.125,922,1283,477,1391,1481,1377
538180,618.34,182.025,573.7,193.275,932,1301,479,1392,1483,1375
538182,618.1,182.1,573.86,192.45,930,1302,481,1384,1481,1378
538184,617.7,179.7,574.42,193.125,928,1277,487,1391,1476,1376
538186,617.94,180.675,573.94,192.525,929,1288,482,1385,1481,1379
538188,617.78,180.75,573.94,193.05,929,1288,482,1390,1478,1375
538190,618.02,181.35,574.18,192.15,930,1295,485,1381,1477,1374
538192,617.06,179.85,574.02,192.9,922,1278,484,1389,1468,1374
538194,617.54,179.775,574.42,191.85,927,1278,488,1378,1474,1375
538196,617.78,179.325,574.5,192.6,930,1273,489,1386,1467,1374
538198,616.98,179.925,574.66,192,922,1279,491,1380,1471,1375
538200,617.62,179.85,573.78,192.975,929,1278,482,1389,1468,1374
538202,616.82,180.075,573.06,192.15,921,1280,475,1380,1475,1370
538204,616.5,179.625,575.3,193.575,917,1274,497,1396,1469,1372
538206,615.62,179.7,573.38,192.45,909,1274,478,1382,1463,1369
538208,616.1,178.875,573.78,192.075,914,1266,482,1378,1462,1369
538210,616.18,178.95,574.18,192.975,915,1267,486,1388,1464,1368
538212,615.78,178.8,573.06,192.975,911,1264,474,1387,1464,1372
538214,614.98,179.55,573.54,193.125,902,1271,479,1388,1461,1367
538216,614.02,180,572.82,192.525,892,1275,472,1381,1460,1368
538218,612.18,181.05,570.26,191.625,874,1285,447,1370,1469,1375
538220,605.3,182.55,566.02,192.375,804,1295,404,1375,1470,1371
538222,595.3,183.825,556.58,193.2,702,1303,308,1377,1469,1375
538224,580.9,187.125,543.46,192.975,556,1328,176,1366,1472,1370
538226,561.54,187.95,525.78,191.175,360,1324,0,1336,1467,1367
538228,539.7,190.275,503.7,187.95,139,1335,-222,1287,1466,1361
538230,517.3,189.975,482.1,187.35,-86,1317,-440,1267,1472,1365
538232,493.7,189.75,458.98,186,-325,1299,-674,1238,1469,1368
538234,471.3,190.575,434.42,186.225,-552,1294,-924,1224,1462,1362
538236,448.5,189.6,409.94,184.275,-784,1268,-1172,1187,1460,1359
538238,424.74,188.7,384.82,179.25,-1025,1244,-1425,1118,1450,1361
538240,402.98,188.25,361.86,178.275,-1247,1224,-1659,1092,1442,1356
538242,380.74,187.95,337.94,176.325,-1474,1207,-1903,1056,1434,1348
538244,358.9,186.975,314.34,175.275,-1698,1182,-2145,1029,1425,1345
538246,336.34,186.525,289.7,173.325,-1928,1162,-2397,992,1419,1348
538248,316.82,186.3,269.22,171.525,-2130,1147,-2607,958,1409,1344
538250,300.42,186.525,249.14,170.775,-2298,1139,-2814,938,1413,1344
538252,284.9,187.275,232.18,171.375,-2460,1136,-2990,933,1405,1340
538254,276.58,187.5,220.1,173.775,-2546,1133,-3118,950,1404,1339
538256,270.66,188.7,211.46,175.125,-2609,1142,-3209,959,1400,1337
538258,267.06,188.1,207.22,175.5,-2645,1133,-3253,960,1402,1334
538260,268.82,186.525,207.06,175.65,-2626,1117,-3256,961,1401,1335
538262,269.62,185.625,210.82,174.525,-2617,1108,-3216,951,1407,1341
538264,272.02,184.2,212.5,173.475,-2592,1094,-3198,940,1412,1344
538266,272.34,182.55,213.46,172.8,-2587,1076,-3187,934,1415,1343
538268,271.14,182.175,214.5,172.35,-2599,1071,-3177,930,1416,1337
538270,268.9,181.95,213.54,171.675,-2623,1068,-3186,922,1417,1339
538272,268.34,183.225,210.82,172.2,-2630,1081,-3215,925,1413,1340
538274,267.94,184.575,209.86,174.225,-2635,1095,-3226,946,1415,1341
538276,267.7,184.8,209.06,173.55,-2638,1097,-3235,939,1416,1338
538278,268.66,185.4,209.38,173.925,-2628,1104,-3232,944,1411,1338
538280,269.3,184.8,210.1,173.925,-2621,1099,-3224,944,1412,1335
538282,269.3,183.6,210.58,173.475,-2620,1086,-3219,940,1412,1337
538284,268.58,183.3,211.22,173.7,-2627,1082,-3212,943,1412,1332
538286,269.14,183.45,211.22,173.775,-2622,1084,-3212,944,1413,1334
538288,269.14,184.125,211.14,173.775,-2622,1092,-3213,944,1409,1334
538290,267.54,182.4,212.1,173.025,-2637,1073,-3202,936,1409,1336
538292,268.1,183.3,210.98,172.875,-2632,1083,-3214,935,1412,1337
538294,267.94,183.675,212.82,172.65,-2634,1087,-3195,934,1410,1335
538296,267.46,183.075,213.22,172.5,-2638,1081,-3189,933,1409,1334
538298,268.5,183.825,212.66,172.275,-2628,1090,-3195,930,1408,1333
538300,268.58,183.3,212.9,172.275,-2626,1085,-3193,931,1408,1337
538302,266.9,182.7,213.78,171.9,-2643,1077,-3183,927,1409,1331
538304,267.7,183.375,213.54,171.975,-2635,1085,-3185,928,1411,1330
538306,266.34,182.7,213.7,171.825,-2648,1077,-3183,927,1409,1336
538308,267.06,182.4,213.38,172.275,-2640,1075,-3185,932,1411,1332
538310,266.42,181.425,214.9,172.275,-2645,1065,-3170,933,1413,1332
538312,266.74,181.65,214.26,171.375,-2642,1068,-3175,924,1413,1335
538314,265.7,181.725,214.5,170.85,-2652,1068,-3172,919,1410,1338
538316,265.86,180.825,213.86,171.225,-2649,1059,-3178,923,1413,1335
538318,265.3,180.9,214.66,170.85,-2655,1060,-3170,920,1417,1341
538320,264.66,181.05,213.94,171.9,-2661,1061,-3177,931,1412,1334
538322,264.66,180.45,214.34,171.525,-2660,1056,-3173,928,1418,1334
538324,264.1,180.225,214.58,170.925,-2665,1054,-3169,922,1419,1337
538326,263.86,180.3,215.3,170.4,-2667,1054,-3161,917,1417,1337
538328,264.5,179.775,214.82,171,-2660,1050,-3165,924,1420,1336
538330,264.1,179.925,215.46,170.4,-2664,1051,-3158,918,1418,1337
538332,264.26,179.475,215.3,170.625,-2661,1047,-3160,921,1420,1336
538334,263.7,180.15,214.66,171.3,-2667,1054,-3167,928,1413,1334
538336,263.62,179.55,215.3,170.55,-2667,1048,-3159,920,1415,1338
538338,263.46,179.925,215.54,170.55,-2669,1052,-3156,921,1416,1335
538340,262.98,180.45,215.06,171.15,-2673,1058,-3161,928,1413,1335
538342,263.46,180.675,215.54,170.4,-2669,1060,-3155,920,1415,1335
538344,262.98,178.65,215.14,170.775,-2672,1039,-3159,924,1418,1339
538346,262.82,178.875,214.98,171.075,-2673,1042,-3161,927,1416,1336
538348,263.06,178.95,216.42,169.8,-2670,1043,-3144,915,1415,1338
538350,263.46,179.1,215.7,169.65,-2666,1045,-3152,913,1414,1337
538352,262.18,178.65,214.98,168.675,-2679,1039,-3158,903,1417,1336
538354,262.74,176.7,214.98,169.575,-2671,1019,-3159,913,1420,1339
538356,262.42,177.225,215.06,169.725,-2675,1025,-3158,914,1417,1337
538358,262.26,177.525,215.46,167.325,-2676,1028,-3151,889,1421,1342
538360,262.26,176.775,215.54,168.45,-2675,1021,-3151,901,1419,1338
538362,261.7,176.85,215.3,167.475,-2681,1021,-3153,891,1416,1342
538364,261.78,176.55,215.06,167.475,-2679,1018,-3155,891,1420,1346
538366,261.46,175.275,215.7,166.95,-2682,1004,-3148,885,1423,1343
538368,261.78,177,214.66,166.575,-2680,1022,-3158,881,1416,1344
538370,261.86,175.275,214.82,166.2,-2678,1004,-3155,877,1423,1346
538372,261.38,175.275,214.9,165.825,-2682,1004,-3154,873,1422,1340
538374,260.9,175.35,214.98,167.475,-2687,1004,-3155,891,1422,1342
538376,261.86,175.275,214.74,166.2,-2677,1004,-3156,877,1423,1342
538378,260.82,175.425,214.58,166.35,-2688,1005,-3158,878,1420,1343
538380,261.3,174.825,214.9,166.875,-2682,999,-3154,883,1426,1345
538382,261.22,174.675,214.82,165.225,-2683,997,-3154,866,1424,1344
538384,260.74,174.675,214.34,165.675,-2687,996,-3158,870,1426,1345
538386,260.74,175.275,214.82,165.825,-2687,1003,-3154,872,1424,1342
538388,261.14,174.75,214.66,166.2,-2683,997,-3155,876,1426,1346
538390,260.34,174.75,214.18,165.225,-2691,996,-3160,865,1426,1345
538392,260.42,174.45,214.26,165.3,-2690,993,-3159,865,1425,1342
538394,260.58,174.45,214.98,165.6,-2688,994,-3151,869,1429,1346
538396,260.58,174.225,214.02,165.675,-2688,991,-3161,869,1426,1347
538398,260.74,174.375,214.66,166.875,-2686,992,-3156,882,1430,1346
538400,260.18,174.6,214.58,166.05,-2691,995,-3155,873,1428,1345
538402,260.1,175.275,214.1,166.2,-2693,1001,-3160,875,1429,1349
538404,260.82,174.45,213.94,167.85,-2685,993,-3164,892,1430,1346
538406,260.5,175.425,214.18,166.8,-2689,1003,-3160,881,1427,1347
538408,260.1,174.975,213.46,166.35,-2693,998,-3166,876,1429,1348
538410,260.42,174.6,213.86,166.65,-2689,994,-3163,880,1429,1345
538412,260.02,174.9,214.1,166.35,-2693,997,-3160,877,1429,1347
538414,259.3,176.4,213.14,165.6,-2702,1013,-3170,868,1427,1351
538416,255.46,177.75,208.5,166.875,-2743,1025,-3218,879,1430,1347
538418,249.46,179.475,201.62,167.55,-2806,1039,-3290,882,1426,1348
538420,238.42,181.875,191.14,170.025,-2922,1058,-3402,902,1428,1347
538422,227.38,188.1,176.98,170.325,-3043,1117,-3549,895,1431,1349
538424,213.22,192.45,162.9,172.65,-3194,1155,-3697,911,1428,1346
538426,201.62,193.725,147.62,174.15,-3315,1162,-3858,918,1426,1346
538428,190.42,193.725,133.62,174.975,-3432,1155,-4005,917,1427,1344
538430,179.06,192.6,122.18,173.55,-3549,1136,-4123,895,1425,1346
538432,169.86,191.1,113.62,175.2,-3643,1115,-4214,907,1416,1339
538434,164.82,189.9,105.86,175.2,-3694,1098,-4295,903,1415,1336
538436,160.66,187.95,102.5,174.675,-3736,1076,-4329,895,1411,1335
538438,159.78,188.325,101.22,173.4,-3745,1079,-4341,881,1405,1334
538440,161.22,189.15,102.1,173.775,-3731,1089,-4333,886,1404,1335
538442,162.1,189.525,103.14,173.925,-3722,1094,-4322,888,1406,1339
538444,162.9,190.35,104.82,175.125,-3715,1103,-4306,903,1408,1334
538446,163.3,192.375,106.02,175.575,-3712,1126,-4294,909,1409,1341
538448,163.14,192.3,106.18,174.9,-3714,1126,-4291,902,1412,1342
538450,163.94,191.325,106.5,174.375,-3704,1115,-4287,896,1421,1347
538452,163.3,191.475,105.22,174.3,-3711,1118,-4300,895,1420,1348
538454,161.38,191.85,105.3,172.65,-3731,1120,-4298,878,1417,1344
538456,160.82,191.175,103.22,171.525,-3737,1113,-4318,865,1420,1340
538458,161.06,190.8,103.86,173.925,-3733,1109,-4314,891,1422,1337
538460,160.42,191.025,103.78,173.1,-3740,1112,-4314,883,1419,1342
538462,160.42,190.95,103.38,173.325,-3740,1111,-4318,885,1421,1339
538464,160.5,191.55,102.5,175.125,-3739,1117,-4329,904,1423,1339
538466,161.14,190.425,104.1,174.3,-3732,1106,-4311,897,1422,1338
538468,160.26,189.45,103.7,174.975,-3740,1096,-4316,904,1420,1338
538470,161.22,190.05,104.26,173.1,-3731,1102,-4308,884,1418,1344
538472,160.02,190.2,103.86,174.3,-3743,1104,-4314,896,1421,1340
538474,159.54,189.6,104.18,173.925,-3748,1096,-4310,892,1422,1339
538476,159.22,190.2,104.66,172.875,-3752,1103,-4304,881,1421,1343
538478,159.46,190.2,104.02,172.875,-3749,1103,-4311,881,1424,1341
538480,159.7,190.2,102.98,173.175,-3747,1103,-4322,884,1424,1340
538482,159.3,190.35,104.58,172.65,-3751,1105,-4304,879,1424,1341
538484,158.66,188.625,103.7,172.65,-3756,1085,-4314,879,1424,1340
538486,158.18,189.15,104.98,171.825,-3761,1091,-4300,870,1423,1347
538488,158.42,189.525,104.34,173.55,-3759,1095,-4308,888,1423,1341
538490,158.42,188.775,104.74,172.575,-3758,1087,-4302,878,1426,1341
538492,157.7,188.025,105.14,172.5,-3765,1078,-4298,878,1425,1343
538494,158.58,188.1,104.26,171.45,-3756,1079,-4307,866,1428,1343
538496,157.62,188.175,103.78,171.375,-3766,1080,-4312,865,1424,1341
538498,156.82,187.275,103.78,171.6,-3773,1069,-4311,867,1425,1341
538500,157.78,187.65,104.26,171.075,-3763,1074,-4306,861,1429,1345
538502,157.14,186.75,103.86,170.475,-3769,1063,-4309,854,1428,1346
538504,156.26,186.45,105.22,171.3,-3778,1060,-4296,864,1427,1343
538506,156.98,187.05,105.22,170.55,-3771,1066,-4295,856,1430,1345
538508,157.22,186.975,103.78,170.775,-3768,1065,-4310,857,1429,1345
538510,155.78,186.3,104.42,171.15,-3783,1057,-4304,861,1429,1342
538512,156.58,186.525,104.58,170.175,-3774,1060,-4301,851,1430,1345
538514,156.82,186.75,104.98,169.725,-3772,1062,-4296,846,1431,1349
538516,156.42,186.225,104.5,170.25,-3775,1056,-4302,850,1432,1346
538518,156.34,185.625,104.58,170.4,-3776,1050,-4301,852,1433,1347
538520,155.54,185.925,105.06,170.55,-3784,1051,-4296,854,1431,1346
538522,156.18,186.45,104.98,171.3,-3778,1058,-4297,862,1432,1344
538524,155.7,186.3,103.54,169.2,-3782,1056,-4310,838,1432,1350
538526,155.7,187.575,104.5,170.25,-3783,1069,-4301,850,1430,1349
538528,155.7,186.225,104.34,169.875,-3782,1054,-4302,846,1434,1347
538530,155.62,186.525,104.66,169.95,-3784,1058,-4299,846,1435,1347
538532,155.3,186.075,104.98,170.55,-3786,1052,-4296,852,1436,1347
538534,155.46,185.85,103.86,169.425,-3784,1049,-4306,840,1435,1347
538536,155.14,185.625,104.34,170.325,-3787,1046,-4302,850,1433,1344
538538,155.7,185.1,105.3,169.725,-3781,1041,-4291,844,1437,1347
538540,155.78,186.75,104.26,169.8,-3781,1059,-4301,844,1434,1348
538542,155.7,184.875,105.62,170.325,-3780,1039,-4288,850,1438,1348
538544,155.7,186.225,105.22,168.825,-3781,1053,-4290,834,1436,1349
538546,155.7,184.725,104.74,170.4,-3779,1037,-4297,850,1440,1347
538548,155.14,184.8,105.06,169.95,-3785,1037,-4292,846,1438,1348
538550,155.86,185.175,105.38,169.5,-3777,1042,-4289,841,1445,1349
538552,155.86,184.8,106.1,171,-3777,1038,-4283,857,1445,1344
538554,155.3,186,105.46,169.65,-3784,1050,-4288,843,1441,1349
538556,155.22,183.975,105.14,169.8,-3781,1029,-4290,844,1444,1350
538558,154.66,184.575,105.54,169.125,-3788,1035,-4285,837,1447,1351
538560,155.86,184.2,105.7,169.725,-3775,1031,-4283,844,1446,1347
538562,155.62,185.625,106.18,170.25,-3778,1047,-4279,850,1439,1345
538564,155.46,183.75,104.9,169.2,-3778,1027,-4290,838,1443,1347
538566,155.54,184.575,106.66,169.5,-3777,1036,-4272,842,1444,1347
538568,155.3,185.325,106.18,169.05,-3780,1044,-4277,837,1439,1344
538570,155.62,185.775,105.22,168.225,-3777,1049,-4286,828,1440,1349
538572,155.38,183.6,105.78,169.125,-3777,1025,-4280,838,1446,1343
538574,155.62,182.625,106.1,168.75,-3773,1015,-4276,834,1449,1348
538576,155.54,182.55,106.02,168.225,-3773,1015,-4275,828,1448,1345
538578,155.14,182.175,105.86,167.025,-3777,1010,-4276,816,1448,1348
538580,154.74,183.675,105.62,169.5,-3782,1026,-4280,842,1448,1343
538582,154.82,182.25,105.94,168.075,-3779,1011,-4275,827,1446,1349
538584,154.82,182.475,104.98,169.425,-3779,1013,-4286,841,1449,1345
538586,154.74,182.7,105.78,168.45,-3780,1015,-4277,832,1451,1349
538588,154.82,182.1,105.7,167.925,-3778,1010,-4276,826,1449,1347
538590,154.5,182.325,104.82,167.925,-3781,1012,-4285,825,1447,1348
538592,153.54,182.475,105.3,168,-3790,1012,-4279,826,1450,1343
538594,154.42,180.525,105.7,167.1,-3780,992,-4274,817,1454,1348
538596,153.06,181.2,105.86,167.625,-3793,999,-4272,823,1452,1346
538598,154.26,180.45,105.7,167.625,-3780,991,-4274,822,1454,1347
538600,153.7,180.15,105.78,167.25,-3785,988,-4272,819,1455,1346
538602,154.26,181.125,105.14,167.7,-3780,998,-4279,823,1453,1344
538604,154.02,179.625,105.14,167.7,-3780,982,-4279,822,1456,1346
538606,153.14,179.775,104.9,167.4,-3790,984,-4281,819,1455,1348
538608,152.74,180.975,104.74,167.4,-3795,996,-4282,819,1456,1350
538610,153.54,180.525,105.46,167.4,-3785,991,-4274,819,1458,1348
538612,153.38,180.9,105.7,168.15,-3787,996,-4271,827,1453,1344
538614,153.46,179.7,104.34,168.525,-3785,983,-4286,831,1458,1347
538616,153.46,180.45,104.58,168.45,-3785,990,-4283,830,1458,1342
538618,152.9,178.875,104.82,167.1,-3790,974,-4279,816,1462,1346
538620,152.9,181.275,104.9,167.625,-3791,999,-4279,822,1458,1347
538622,153.06,180.3,105.38,167.775,-3789,989,-4274,823,1462,1343
538624,153.22,180.75,104.74,167.55,-3787,994,-4280,821,1459,1344
538626,152.58,180.45,104.98,168.375,-3794,990,-4278,830,1460,1346
538628,153.06,181.725,105.62,168.375,-3789,1004,-4271,830,1458,1347
538630,152.5,180.825,105.7,167.475,-3794,994,-4269,820,1458,1347
538632,153.46,180,106.26,167.55,-3783,986,-4263,822,1463,1345
538634,152.26,179.7,105.94,167.325,-3795,982,-4266,819,1464,1345
538636,152.42,180.45,106.34,168.3,-3793,990,-4262,830,1462,1346
538638,153.94,180,105.86,168.075,-3777,987,-4267,827,1460,1343
538640,152.66,179.025,105.78,167.7,-3789,975,-4267,823,1464,1347
538642,152.1,180,105.14,167.7,-3796,986,-4273,823,1464,1347
538644,150.42,180.15,104.26,167.1,-3813,986,-4281,816,1466,1345
538646,148.26,180.225,100.02,167.175,-3835,986,-4326,814,1466,1345
538648,146.34,182.55,97.22,168.225,-3857,1009,-4355,824,1459,1342
538650,144.34,182.7,93.7,168.45,-3879,1010,-4393,824,1462,1343
538652,142.58,184.725,92.34,168.975,-3899,1031,-4407,829,1460,1344
538654,142.58,184.725,92.18,170.4,-3899,1031,-4410,844,1462,1348
538656,143.3,183.75,93.22,171.375,-3889,1021,-4400,855,1464,1349
538658,144.9,182.25,96.74,171.225,-3871,1006,-4364,856,1471,1347
538660,146.26,181.95,98.42,170.7,-3857,1004,-4345,852,1469,1352
538662,146.18,181.575,99.22,171.375,-3857,1000,-4337,860,1467,1345
538664,145.62,181.35,99.38,170.175,-3862,997,-4334,847,1467,1349
538666,145.94,181.275,99.22,169.275,-3859,997,-4334,838,1465,1348
538668,145.38,181.35,98.9,169.425,-3864,998,-4338,839,1467,1347
538670,145.62,181.5,98.5,169.575,-3862,999,-4342,841,1467,1345
538672,145.7,183.15,97.94,170.4,-3862,1017,-4348,849,1464,1346
538674,145.86,182.1,98.5,169.875,-3859,1006,-4342,844,1464,1345
538676,145.62,182.175,99.14,171.075,-3862,1007,-4335,857,1465,1344
538678,145.78,181.95,98.26,171.375,-3859,1004,-4345,859,1465,1341
538680,144.9,181.05,98.02,170.25,-3867,994,-4346,848,1469,1342
538682,144.9,179.85,98.5,170.475,-3866,981,-4340,850,1468,1345
538684,144.66,179.85,97.14,169.65,-3867,981,-4353,841,1471,1343
538686,145.14,181.275,97.94,169.725,-3864,997,-4345,842,1470,1346
538688,144.34,181.65,97.3,171.45,-3872,1001,-4353,860,1468,1342
538690,145.38,181.2,97.7,170.325,-3860,997,-4348,849,1469,1346
538692,144.5,181.5,98.34,171.3,-3870,999,-4341,859,1469,1344
538694,144.58,180.375,98.5,171.675,-3867,988,-4340,864,1469,1345
538696,144.5,179.625,98.74,170.85,-3867,979,-4336,855,1473,1343
538698,144.9,181.125,98.5,169.875,-3864,996,-4337,845,1468,1347
538700,144.34,180.675,98.18,171.75,-3869,991,-4342,865,1471,1342
538702,144.26,181.125,98.1,170.625,-3870,995,-4342,853,1470,1347
538704,144.98,182.4,98.02,169.275,-3863,1010,-4341,838,1467,1345
538706,144.02,180.975,98.18,170.025,-3872,994,-4340,847,1471,1342
538708,144.42,180.6,97.62,170.4,-3867,990,-4345,850,1470,1346
538710,144.66,181.05,98.5,169.35,-3865,995,-4335,840,1472,1348
538712,144.18,180.375,98.34,170.325,-3868,988,-4337,850,1472,1348
538714,143.78,180.225,98.1,169.05,-3873,986,-4339,836,1475,1348
538716,144.66,180.075,99.3,169.95,-3863,985,-4326,847,1475,1348
538718,144.02,179.25,98.18,171.225,-3869,976,-4340,860,1476,1344
538720,143.62,179.625,97.54,169.875,-3874,981,-4344,845,1478,1347
538722,143.46,179.55,98.58,168.975,-3875,979,-4333,837,1477,1345
538724,144.74,180.3,98.26,169.35,-3863,988,-4336,840,1477,1349
538726,144.66,180.9,99.14,169.425,-3864,995,-4327,842,1476,1346
538728,143.7,180.075,98.9,170.85,-3873,986,-4331,858,1477,1344
538730,144.18,180.075,98.58,168.975,-3868,986,-4332,837,1478,1349
538732,143.46,181.05,98.5,169.8,-3876,996,-4334,846,1477,1351
538734,143.78,180.75,98.02,170.775,-3873,993,-4341,856,1477,1348
538736,142.66,179.475,97.46,169.35,-3884,979,-4345,841,1481,1350
538738,144.34,180.45,99.06,168.9,-3867,990,-4328,837,1473,1352
538740,145.22,179.475,100.74,170.625,-3858,981,-4313,857,1477,1346
538742,148.34,180.9,105.06,171.225,-3826,999,-4268,867,1481,1351
538744,156.82,182.475,112.82,175.05,-3740,1021,-4191,912,1475,1345
538746,169.14,185.625,126.34,177.675,-3615,1063,-4053,950,1483,1347
538748,184.82,187.2,141.46,182.775,-3454,1091,-3901,1015,1486,1353
538750,200.26,189.675,158.9,191.025,-3295,1127,-3727,1114,1501,1350
538752,220.58,192.6,178.26,192.6,-3088,1171,-3527,1144,1505,1358
538754,239.46,194.925,196.9,194.25,-2894,1208,-3335,1174,1516,1363
538756,255.22,197.175,212.66,194.775,-2734,1243,-3172,1190,1519,1371
538758,270.58,201.375,225.7,195.375,-2578,1298,-3038,1206,1520,1374
538760,281.46,204.3,234.9,197.175,-2469,1336,-2944,1231,1519,1366
538762,289.7,207.375,238.1,198.15,-2387,1375,-2912,1244,1523,1369
538764,296.66,210.675,242.5,199.05,-2319,1415,-2868,1256,1523,1366
538766,299.7,213.3,243.38,200.1,-2289,1445,-2859,1268,1521,1362
538768,302.18,216.525,242.98,202.35,-2267,1481,-2866,1293,1523,1368
538770,303.38,216.375,244.74,204.075,-2255,1481,-2850,1312,1527,1372
538772,303.22,216.3,244.34,204.675,-2256,1481,-2855,1318,1532,1375
538774,304.18,215.55,244.34,205.425,-2246,1473,-2855,1327,1529,1373
538776,304.1,213.075,245.06,204.375,-2245,1447,-2847,1316,1533,1373
538778,303.54,210.15,243.62,202.95,-2248,1415,-2861,1300,1531,1370
538780,304.26,208.8,244.5,202.575,-2240,1402,-2851,1298,1536,1373
538782,303.54,207.3,244.1,203.1,-2246,1386,-2856,1303,1530,1371
538784,304.18,206.775,247.06,202.95,-2239,1381,-2826,1304,1529,1370
538786,303.7,207.6,246.02,202.95,-2244,1389,-2836,1303,1526,1376
538788,303.38,210.225,246.9,202.95,-2250,1418,-2828,1304,1522,1381
538790,302.5,212.4,247.46,204.075,-2261,1441,-2822,1317,1522,1381
538792,302.58,211.65,246.74,204.375,-2260,1433,-2831,1320,1526,1380
538794,301.86,213,246.82,205.05,-2269,1447,-2830,1327,1522,1379
538796,301.38,213.225,246.82,204.975,-2275,1450,-2831,1327,1525,1376
538798,301.7,212.925,246.9,204.15,-2271,1447,-2829,1318,1526,1382
538800,301.38,212.85,246.82,204.6,-2275,1446,-2831,1323,1526,1380
538802,301.78,211.725,247.14,205.35,-2269,1435,-2829,1331,1527,1380
538804,301.46,211.5,247.06,205.275,-2273,1432,-2830,1331,1528,1380
538806,301.78,211.875,246.9,205.95,-2270,1437,-2832,1338,1530,1380
538808,301.46,213.375,247.7,205.875,-2274,1453,-2824,1339,1528,1378
538810,301.54,211.875,246.82,205.5,-2272,1438,-2833,1334,1528,1379
538812,300.98,211.2,247.7,205.125,-2278,1430,-2824,1331,1530,1384
538814,301.22,212.325,248.02,205.275,-2277,1443,-2820,1333,1533,1382
538816,300.5,211.275,247.78,205.2,-2284,1431,-2823,1333,1532,1383
538818,299.46,210.525,248.1,204.375,-2294,1423,-2819,1325,1537,1384
538820,300.02,210.975,248.66,204.9,-2288,1428,-2814,1330,1532,1382
538822,299.62,210.225,248.18,204.15,-2292,1420,-2818,1322,1537,1385
538824,299.54,209.55,249.14,203.625,-2293,1413,-2808,1318,1539,1386
538826,300.58,208.95,249.3,204.15,-2282,1407,-2807,1323,1532,1386
538828,300.26,209.325,249.3,203.25,-2286,1411,-2807,1314,1537,1383
538830,299.62,210,250.42,203.475,-2293,1418,-2796,1317,1538,1384
538832,299.3,208.875,249.86,203.625,-2295,1406,-2801,1318,1536,1382
538834,300.26,209.475,249.54,203.175,-2286,1413,-2804,1313,1534,1385
538836,299.78,206.625,250.5,202.125,-2289,1382,-2794,1302,1539,1382
538838,300.42,206.325,250.74,201.525,-2282,1379,-2791,1296,1541,1384
538840,300.18,207.225,250.26,202.275,-2286,1388,-2797,1304,1539,1384
538842,299.86,206.025,251.3,201.525,-2288,1376,-2785,1296,1547,1384
538844,299.46,206.025,251.7,201.75,-2293,1375,-2782,1299,1542,1387
538846,299.7,205.875,249.78,202.2,-2290,1373,-2802,1302,1545,1388
538848,300.02,204.9,251.78,201,-2286,1363,-2781,1290,1546,1388
538850,300.42,205.125,252.5,199.575,-2282,1365,-2772,1275,1548,1390
538852,299.94,204.075,252.1,200.775,-2286,1352,-2778,1287,1547,1387
538854,299.46,203.7,252.66,199.425,-2291,1349,-2770,1273,1547,1389
538856,299.7,202.5,251.94,200.325,-2287,1335,-2779,1281,1549,1394
538858,299.22,202.8,251.7,200.025,-2293,1337,-2781,1278,1544,1388
538860,299.22,201.9,251.7,198.45,-2293,1327,-2780,1260,1551,1389
538862,299.14,201.75,252.1,199.575,-2293,1325,-2777,1272,1548,1394
538864,298.82,201.225,251.62,198.9,-2296,1318,-2782,1263,1548,1392
538866,298.82,201,251.94,199.8,-2296,1316,-2779,1273,1546,1386
538868,299.3,201.9,252.18,199.275,-2292,1324,-2776,1266,1546,1385
538870,298.26,200.7,252.02,198.9,-2302,1311,-2777,1262,1547,1391
538872,298.66,200.625,251.54,200.025,-2297,1309,-2783,1272,1550,1389
538874,298.82,200.55,251.54,198.9,-2295,1308,-2783,1260,1547,1385
538876,298.42,200.925,252.5,199.05,-2301,1310,-2773,1261,1547,1387
538878,298.26,200.625,252.18,198.975,-2302,1307,-2776,1260,1548,1391
538880,298.74,201,252.42,199.5,-2297,1310,-2774,1264,1550,1386
538882,298.58,200.7,252.34,198.975,-2298,1307,-2775,1259,1549,1390
538884,297.86,201.15,251.3,198.375,-2306,1310,-2785,1251,1549,1395
538886,299.06,201.15,252.18,198,-2294,1311,-2775,1247,1550,1395
538888,298.66,200.175,252.66,197.925,-2297,1299,-2771,1246,1552,1394
538890,298.34,200.55,251.78,198.975,-2301,1303,-2780,1256,1551,1394
538892,298.58,201,252.82,198.75,-2299,1306,-2769,1253,1555,1393
538894,298.26,201,252.74,198.375,-2302,1306,-2770,1249,1552,1396
538896,298.34,200.85,252.98,198.6,-2301,1304,-2768,1251,1551,1395
538898,297.94,200.175,252.1,198.525,-2305,1297,-2776,1249,1556,1394
538900,298.66,201.15,252.98,198.975,-2298,1307,-2768,1254,1554,1395
538902,298.02,202.2,252.98,199.65,-2305,1318,-2768,1261,1552,1401
538904,298.5,201.825,252.58,200.475,-2300,1313,-2773,1269,1552,1403
538906,298.82,201,253.22,198.225,-2295,1305,-2764,1246,1555,1400
538908,298.82,199.8,253.54,196.725,-2294,1292,-2759,1230,1556,1402
538910,299.3,196.425,254.58,189.975,-2287,1256,-2742,1158,1560,1404
538912,300.66,191.175,256.34,184.8,-2267,1200,-2719,1104,1557,1407
538914,302.5,185.7,256.34,177.525,-2244,1144,-2712,1027,1559,1410
538916,304.66,175.575,257.78,168.375,-2213,1037,-2689,930,1556,1398
538918,307.62,165.825,259.14,162.45,-2174,935,-2669,868,1544,1398
538920,309.54,163.125,259.94,159.075,-2151,909,-2658,833,1543,1391
538922,311.3,159.375,259.78,153.825,-2130,870,-2655,777,1541,1382
538924,312.9,157.425,259.62,154.05,-2111,851,-2656,779,1536,1381
538926,313.46,158.7,257.38,152.475,-2107,865,-2678,761,1528,1381
538928,314.58,158.85,257.86,153.6,-2095,867,-2673,774,1531,1375
538930,315.22,160.05,257.3,154.125,-2089,880,-2679,780,1529,1378
538932,315.38,161.775,256.74,154.275,-2088,899,-2684,782,1528,1381
538934,316.02,162.225,257.94,156.75,-2082,905,-2674,808,1534,1381
538936,315.06,161.85,258.66,157.575,-2091,901,-2666,819,1538,1385
538938,314.74,160.725,257.3,154.95,-2093,889,-2678,789,1542,1388
538940,314.66,161.175,259.06,155.175,-2093,894,-2659,794,1540,1387
538942,314.26,159.675,259.86,153.825,-2096,879,-2650,780,1544,1390
538944,313.06,159.6,260.58,153.675,-2107,878,-2641,781,1543,1389
538946,312.9,159.3,260.42,152.475,-2108,875,-2641,768,1540,1393
538948,312.02,159.6,260.82,154.425,-2116,878,-2638,790,1542,1389
538950,312.02,159.825,260.9,152.175,-2117,881,-2635,766,1549,1394
538952,311.46,159.9,261.54,154.875,-2121,882,-2630,796,1543,1395
538954,312.18,159.375,261.14,154.725,-2114,877,-2633,794,1549,1392
538956,312.26,159.75,261.14,154.2,-2112,882,-2632,790,1550,1395
538958,311.46,159.6,260.98,153.375,-2119,880,-2633,780,1542,1398
538960,312.1,160.05,262.5,154.95,-2112,886,-2616,799,1542,1389
538962,311.46,158.325,261.86,152.325,-2117,868,-2621,771,1543,1397
538964,311.54,158.925,262.18,153.675,-2115,875,-2617,787,1544,1392
538966,312.18,158.4,262.42,152.025,-2107,869,-2614,770,1551,1396
538968,311.78,157.425,261.94,153.15,-2109,860,-2617,782,1549,1398
538970,312.26,158.25,262.5,152.475,-2105,869,-2610,775,1549,1397
538972,311.94,157.65,262.9,152.925,-2105,864,-2605,781,1548,1400
538974,312.82,158.1,263.22,153.9,-2097,869,-2603,792,1550,1393
538976,312.82,157.05,263.62,155.175,-2094,859,-2598,807,1545,1391
538978,312.82,157.125,264.02,153.975,-2094,860,-2592,794,1552,1394
538980,312.66,158.025,264.1,153.9,-2094,870,-2589,794,1551,1391
538982,312.74,156.6,265.86,153.3,-2092,855,-2570,789,1553,1396
538984,312.82,156.675,265.46,153.375,-2089,856,-2572,790,1553,1398
538986,312.98,156.375,265.3,154.2,-2087,853,-2575,799,1553,1394
538988,312.74,157.35,266.34,151.275,-2088,865,-2559,770,1552,1401
538990,313.14,157.125,265.46,151.65,-2084,862,-2569,773,1555,1403
538992,312.02,155.7,265.38,152.475,-2092,847,-2568,782,1556,1403
538994,313.06,156.525,265.62,150.225,-2082,856,-2563,758,1553,1405
538996,312.58,156.3,266.18,151.5,-2085,854,-2557,772,1554,1406
538998,313.54,156.15,267.06,151.95,-2075,853,-2548,777,1554,1399
539000,312.98,156.45,267.3,151.575,-2078,856,-2543,774,1553,1401
539002,313.06,156.225,267.94,149.85,-2077,854,-2535,757,1554,1406
539004,313.3,154.5,267.3,150.15,-2072,836,-2540,759,1557,1401
539006,312.5,154.5,267.46,148.95,-2080,835,-2537,747,1560,1408
539008,312.9,154.425,268.18,149.25,-2073,834,-2528,750,1555,1403
539010,314.02,154.2,268.74,148.95,-2062,833,-2522,747,1559,1396
539012,313.7,153.9,268.26,149.175,-2063,829,-2525,750,1557,1394
539014,312.58,153.9,269.14,148.125,-2074,829,-2515,739,1554,1402
539016,314.5,153.525,268.5,147.825,-2053,826,-2520,735,1556,1402
539018,313.46,153.15,268.5,147.225,-2063,821,-2519,729,1556,1401
539020,313.46,153.675,268.5,148.575,-2063,826,-2519,742,1558,1399
539022,313.94,153.9,268.9,148.95,-2058,829,-2515,747,1557,1396
539024,313.22,153.375,268.9,148.725,-2064,823,-2513,744,1558,1400
539026,313.38,154.35,268.9,151.35,-2062,833,-2516,772,1559,1391
539028,312.34,153.6,267.86,149.85,-2072,824,-2524,755,1556,1398
539030,312.58,153.15,268.82,149.325,-2068,819,-2514,750,1557,1395
539032,312.02,153.3,268.42,151.125,-2073,820,-2519,768,1555,1390
539034,312.5,153.375,267.86,149.175,-2069,821,-2523,747,1557,1398
539036,311.54,153.9,268.82,150,-2078,826,-2513,757,1554,1397
539038,312.5,153.15,267.7,149.625,-2068,819,-2524,751,1557,1398
539040,310.5,153.675,268.1,150.3,-2088,823,-2520,759,1553,1397
539042,310.98,153.975,268.74,150,-2084,826,-2513,756,1556,1394
539044,310.66,153.975,268.02,149.85,-2087,825,-2521,754,1555,1391
539046,309.46,154.2,267.22,149.4,-2099,827,-2528,748,1552,1402
539048,310.34,154.2,267.38,150.375,-2090,827,-2527,759,1555,1402
539050,310.1,154.05,267.3,150.375,-2093,826,-2528,759,1557,1399
539052,308.5,153.375,267.3,150.75,-2108,818,-2529,763,1552,1395
539054,309.3,153.75,266.66,151.35,-2100,822,-2536,768,1556,1394
539056,309.06,153.525,266.5,151.125,-2103,820,-2538,766,1558,1395
539058,308.34,153.525,265.54,149.925,-2111,819,-2547,753,1552,1401
539060,308.98,153.975,266.02,148.8,-2105,825,-2541,741,1555,1398
539062,308.42,153.375,266.18,150.825,-2111,818,-2542,763,1554,1396
539064,308.66,152.7,266.82,149.475,-2108,811,-2534,749,1557,1400
539066,308.82,153.675,266.1,148.95,-2107,822,-2542,744,1551,1394
539068,308.42,153.6,266.26,148.5,-2113,821,-2541,739,1554,1396
539070,308.02,154.425,267.06,149.925,-2117,830,-2534,755,1553,1390
539072,308.18,153.75,266.9,147.75,-2117,823,-2535,732,1553,1398
539074,308.74,153.975,266.5,148.65,-2111,825,-2540,741,1552,1397
539076,308.18,153.975,266.66,149.475,-2118,826,-2540,751,1554,1390
539078,308.58,153.9,266.02,148.425,-2114,825,-2546,739,1551,1388
539080,308.5,154.95,266.5,148.2,-2118,837,-2543,738,1552,1387
539082,308.5,154.275,267.38,148.8,-2117,830,-2534,745,1553,1385
539084,308.66,154.2,266.18,148.575,-2117,830,-2548,742,1553,1385
539086,308.1,154.125,266.58,147.3,-2123,828,-2543,729,1552,1394
539088,307.86,154.65,266.9,148.8,-2128,834,-2543,745,1553,1391
539090,307.54,154.425,265.7,148.425,-2131,832,-2555,740,1555,1388
539092,308.02,154.875,266.42,147.975,-2128,837,-2549,737,1552,1386
539094,308.18,154.65,266.18,149.7,-2127,835,-2553,755,1551,1378
539096,307.54,154.575,266.02,148.2,-2135,834,-2556,739,1556,1387
539098,307.7,155.1,265.54,147.675,-2134,840,-2560,734,1552,1393
539100,308.18,154.95,266.26,148.95,-2131,838,-2556,748,1553,1386
539102,307.46,155.4,265.14,146.925,-2139,843,-2565,725,1553,1382
539104,307.46,154.65,265.46,148.875,-2140,835,-2566,746,1553,1381
539106,306.02,153.525,265.62,149.55,-2154,822,-2566,753,1551,1380
539108,306.42,153.75,265.06,147.3,-2153,825,-2572,730,1553,1385
539110,306.82,153.3,264.74,148.5,-2148,820,-2576,742,1551,1383
539112,305.3,153.9,264.98,148.875,-2167,826,-2576,746,1551,1379
539114,305.46,154.125,263.7,148.725,-2166,829,-2589,744,1553,1382
539116,305.62,154.05,265.54,148.725,-2166,828,-2573,745,1549,1378
539118,305.62,154.125,265.06,149.775,-2166,829,-2579,756,1554,1377
539120,305.62,153.375,265.06,148.5,-2168,821,-2580,742,1552,1381
539122,304.82,153.375,264.34,148.575,-2176,820,-2588,742,1551,1376
539124,304.5,153.075,264.02,148.125,-2182,817,-2592,737,1553,1382
539126,304.82,154.35,264.5,148.5,-2179,830,-2588,742,1547,1378
539128,304.66,153.375,265.14,148.875,-2183,820,-2584,746,1548,1375
539130,304.1,154.8,265.22,147.675,-2190,834,-2582,733,1550,1378
539132,305.22,153.675,265.3,148.425,-2179,823,-2584,742,1547,1374
539134,304.5,153.9,265.62,148.575,-2187,825,-2581,743,1545,1379
539136,304.74,153.9,264.42,147.3,-2186,825,-2594,729,1546,1376
539138,304.74,154.275,265.86,148.35,-2186,829,-2580,740,1548,1377
539140,305.46,154.05,266.1,149.4,-2180,827,-2581,752,1546,1366
539142,304.42,153.975,265.78,145.05,-2191,825,-2580,705,1544,1379
539144,304.82,153.825,266.02,147.225,-2189,824,-2581,728,1546,1371
539146,305.22,153.9,266.66,147.825,-2185,825,-2575,735,1546,1375
539148,304.9,154.5,266.18,145.725,-2190,831,-2580,713,1542,1376
539150,305.7,153.45,265.7,146.025,-2181,820,-2585,716,1548,1378
539152,305.46,153.6,267.06,147.075,-2185,822,-2574,727,1548,1374
539154,305.06,153.375,265.54,145.8,-2189,819,-2588,712,1546,1379
539156,306.02,153,266.34,146.925,-2180,815,-2581,725,1548,1374
539158,306.5,153.75,266.26,145.875,-2176,824,-2581,714,1544,1374
539160,305.38,153.975,267.22,144.3,-2188,825,-2572,698,1541,1379
539162,306.74,154.425,266.5,144.675,-2175,831,-2579,701,1540,1375
539164,306.5,153.9,267.22,144.975,-2177,825,-2572,705,1539,1375
539166,307.54,154.35,267.62,147.075,-2167,831,-2570,727,1540,1374
539168,307.22,154.125,268.98,147.3,-2171,828,-2557,731,1534,1369
539170,306.82,154.275,267.62,146.55,-2175,829,-2570,722,1536,1372
539172,308.1,154.8,268.42,147.825,-2163,835,-2564,735,1538,1370
539174,307.3,155.025,269.14,146.925,-2171,837,-2556,727,1537,1371
539176,307.62,155.025,268.9,146.85,-2168,837,-2558,726,1534,1367
539178,308.66,154.725,268.34,148.65,-2157,835,-2566,745,1536,1366
539180,307.54,155.25,268.34,145.95,-2169,840,-2563,716,1537,1370
539182,308.5,154.8,268.74,146.55,-2159,836,-2559,722,1538,1369
539184,307.3,154.65,269.22,147.75,-2171,834,-2555,736,1535,1366
539186,307.38,155.325,269.38,147.075,-2171,841,-2554,729,1534,1364
539188,307.38,155.4,268.66,148.2,-2170,842,-2561,741,1536,1360
539190,307.7,155.1,269.62,147.75,-2167,839,-2551,736,1533,1361
539192,307.38,154.8,268.82,147.225,-2169,836,-2559,730,1530,1358
539194,307.78,155.025,269.86,147,-2165,838,-2548,729,1533,1367
539196,308.26,154.575,269.38,147.3,-2160,834,-2553,732,1534,1363
539198,308.26,154.2,270.02,145.65,-2159,830,-2544,715,1529,1367
539200,308.26,154.8,270.1,147.825,-2159,836,-2545,737,1535,1359
539202,307.62,153.975,270.5,149.475,-2166,827,-2542,755,1533,1356
539204,307.38,154.275,269.86,145.8,-2167,830,-2545,716,1530,1361
539206,307.94,154.875,270.18,146.775,-2163,837,-2543,727,1530,1359
539208,308.02,154.125,269.38,148.8,-2160,829,-2552,748,1534,1352
539210,308.26,154.35,270.42,146.85,-2158,832,-2540,727,1527,1360
539212,308.1,154.65,270.26,147.075,-2159,834,-2541,730,1526,1360
539214,308.34,154.125,269.86,147,-2156,829,-2545,729,1529,1352
539216,308.5,154.5,270.42,145.2,-2154,833,-2537,710,1526,1363
539218,308.98,154.425,269.38,146.1,-2150,833,-2548,719,1528,1356
539220,308.02,153.6,270.5,144.825,-2158,823,-2536,706,1527,1357
539222,308.98,154.275,270.5,145.95,-2149,831,-2537,718,1528,1355
539224,308.9,153.75,270.58,145.65,-2149,826,-2535,715,1529,1359
539226,308.66,153.975,271.38,145.275,-2151,828,-2527,711,1527,1362
539228,308.42,154.35,269.7,146.25,-2154,832,-2544,720,1527,1354
539230,308.5,153.675,270.34,145.875,-2152,824,-2537,717,1530,1356
539232,308.9,154.575,271.62,146.025,-2149,834,-2524,719,1526,1357
539234,308.98,154.725,270.74,146.325,-2148,836,-2533,722,1528,1354
539236,309.14,153.675,271.3,147,-2145,825,-2528,729,1527,1352
539238,308.5,154.275,269.86,145.35,-2152,830,-2541,711,1526,1353
539240,306.9,153.3,268.5,144.225,-2168,819,-2553,698,1523,1355
539242,305.3,153.225,266.5,145.5,-2184,818,-2575,710,1525,1349
539244,302.18,152.55,261.86,142.275,-2215,808,-2620,673,1525,1347
539246,298.18,152.25,257.46,138.975,-2256,802,-2662,635,1525,1352
539248,295.06,149.475,254.66,138.075,-2285,771,-2690,624,1520,1351
539250,294.34,148.2,253.06,136.125,-2291,757,-2704,602,1519,1351
539252,294.5,147.975,252.5,136.425,-2289,755,-2710,605,1520,1351
539254,295.06,147.6,253.54,137.025,-2283,751,-2700,612,1515,1350
539256,295.38,146.55,254.42,137.475,-2278,740,-2691,617,1513,1348
539258,296.74,146.625,254.9,137.775,-2265,742,-2686,621,1512,1352
539260,296.5,147.3,256.34,138.9,-2268,749,-2673,634,1511,1349
539262,296.66,147.975,255.7,137.025,-2267,756,-2677,613,1515,1348
539264,296.1,147.825,255.78,137.325,-2272,754,-2677,617,1512,1352
539266,296.02,148.125,255.78,136.275,-2274,758,-2676,606,1514,1351
539268,295.78,147.9,255.38,137.1,-2276,755,-2681,615,1513,1348
539270,295.78,147.75,255.14,136.875,-2276,754,-2683,611,1513,1345
539272,295.62,148.65,254.9,138.75,-2278,763,-2687,632,1512,1342
539274,295.38,148.65,254.74,139.5,-2281,763,-2690,639,1515,1344
539276,295.3,148.275,255.7,138.3,-2282,759,-2679,628,1516,1343
539278,295.3,147.975,255.38,137.025,-2281,756,-2681,614,1515,1345
539280,295.38,147.9,255.54,139.65,-2280,756,-2683,642,1512,1342
539282,295.3,147.6,255.54,137.7,-2281,753,-2681,621,1514,1344
539284,295.46,148.125,255.06,137.925,-2280,758,-2686,624,1513,1343
539286,295.06,148.425,255.54,138.975,-2285,761,-2682,636,1513,1344
539288,294.82,148.65,254.9,138.6,-2287,764,-2688,631,1512,1341
539290,295.14,149.475,255.7,138,-2286,773,-2680,625,1512,1347
539292,295.54,148.125,255.46,137.25,-2280,759,-2682,617,1511,1346
539294,294.9,148.875,254.82,137.4,-2288,767,-2689,619,1513,1347
539296,295.06,147.375,256.26,138.225,-2285,751,-2676,629,1512,1344
539298,295.46,147.075,255.54,137.025,-2281,748,-2682,615,1511,1345
539300,294.82,145.575,256.02,137.85,-2287,732,-2679,625,1505,1345
539302,294.98,147,255.3,138.075,-2287,747,-2686,627,1509,1342
539304,295.38,147.375,255.3,139.05,-2284,751,-2688,637,1509,1342
539306,294.98,145.95,255.78,137.475,-2287,736,-2682,620,1505,1345
539308,294.98,147.3,255.38,137.325,-2288,750,-2686,619,1508,1342
539310,294.98,146.175,256.26,137.25,-2287,739,-2678,619,1508,1347
539312,295.3,145.65,254.42,136.5,-2285,733,-2696,609,1504,1346
539314,294.82,146.4,256.1,137.325,-2290,741,-2679,619,1508,1344
539316,294.26,145.275,256.9,136.275,-2295,728,-2670,609,1505,1347
539318,294.34,145.05,255.62,136.95,-2295,726,-2684,615,1503,1344
539320,294.98,146.1,256.42,136.5,-2289,738,-2677,611,1507,1345
539322,294.82,145.2,256.18,136.425,-2290,728,-2679,610,1502,1346
539324,294.9,146.4,256.82,136.65,-2291,740,-2673,612,1505,1347
539326,294.42,145.2,257.38,137.25,-2294,728,-2668,619,1507,1343
539328,294.34,145.05,256.18,137.25,-2295,726,-2680,618,1502,1345
539330,294.58,144.15,257.54,136.725,-2292,716,-2666,613,1498,1347
539332,293.7,144.975,256.02,136.575,-2302,724,-2681,611,1503,1349
539334,292.34,145.8,254.02,135.225,-2317,732,-2701,595,1501,1350
539336,285.86,145.05,248.82,132.825,-2383,720,-2752,566,1505,1348
539338,279.38,142.8,241.7,130.2,-2447,692,-2823,534,1500,1343
539340,268.66,136.95,231.06,122.4,-2552,623,-2925,444,1495,1343
539342,256.02,130.725,217.86,112.575,-2676,549,-3052,332,1492,1335
539344,242.74,123.525,203.38,99.6,-2806,464,-3189,185,1490,1335
539346,229.46,114.525,188.66,86.85,-2935,360,-3328,40,1478,1339
539348,216.18,96.9,174.5,73.425,-3055,166,-3460,-109,1463,1318
539350,203.78,86.325,160.98,65.7,-3171,46,-3592,-199,1460,1315
539352,191.86,76.425,148.34,57.675,-3285,-66,-3714,-292,1440,1300
539354,183.7,66.675,138.18,47.625,-3359,-173,-3808,-405,1421,1283
539356,177.22,60.6,128.74,42.3,-3420,-241,-3900,-467,1399,1272
539358,172.98,56.025,120.66,33.525,-3458,-292,-3974,-564,1390,1280
539360,168.58,55.125,113.46,34.05,-3502,-304,-4049,-564,1379,1269
539362,166.42,54.075,107.14,32.925,-3524,-316,-4113,-580,1378,1266
539364,164.02,55.275,103.94,33.45,-3549,-306,-4146,-576,1378,1265
539366,163.38,55.275,101.86,37.125,-3556,-306,-4171,-540,1381,1259
539368,163.3,55.95,102.18,37.725,-3557,-299,-4168,-533,1384,1264
539370,163.3,56.925,101.86,35.25,-3558,-289,-4169,-559,1387,1275
539372,163.06,56.85,103.46,33.975,-3560,-290,-4151,-571,1394,1277
539374,163.3,56.1,104.1,31.275,-3557,-297,-4141,-599,1396,1280
539376,163.46,55.5,104.98,31.35,-3553,-303,-4132,-596,1397,1284
539378,162.34,53.7,104.9,30.15,-3563,-322,-4132,-609,1405,1285
539380,161.3,52.65,104.34,29.775,-3573,-334,-4136,-613,1402,1285
539382,161.22,53.1,104.02,29.7,-3574,-329,-4140,-614,1403,1285
539384,160.34,52.2,104.02,30.6,-3582,-339,-4140,-604,1399,1282
539386,160.26,53.4,104.66,30.675,-3584,-326,-4133,-603,1400,1280
539388,160.18,54.15,103.94,29.625,-3584,-318,-4139,-614,1402,1284
539390,159.22,52.875,105.3,31.275,-3593,-332,-4127,-595,1400,1280
539392,158.18,52.2,104.9,31.125,-3603,-340,-4130,-597,1402,1283
539394,158.1,52.575,105.46,31.425,-3603,-336,-4124,-593,1399,1284
539396,158.34,52.875,104.98,30.75,-3601,-332,-4129,-600,1399,1281
539398,158.02,51.45,105.46,29.925,-3603,-347,-4122,-608,1402,1284
539400,157.86,51.975,105.06,30,-3605,-341,-4126,-607,1395,1284
539402,157.86,52.05,105.22,29.475,-3605,-340,-4124,-613,1401,1286
539404,157.62,52.125,105.54,30,-3607,-339,-4121,-607,1395,1286
539406,157.22,51.075,105.3,29.475,-3610,-351,-4123,-612,1399,1286
539408,156.66,50.925,107.22,28.725,-3615,-352,-4102,-618,1398,1285
539410,157.22,50.175,106.58,28.65,-3609,-359,-4109,-620,1400,1288
539412,156.5,51.225,106.9,27.9,-3617,-348,-4105,-627,1396,1292
539414,156.74,51,107.46,28.95,-3615,-350,-4100,-616,1398,1289
539416,156.66,50.55,107.7,28.2,-3614,-355,-4096,-623,1399,1289
539418,155.94,50.475,107.14,28.5,-3622,-356,-4102,-620,1398,1289
539420,156.18,50.7,107.86,28.725,-3620,-354,-4095,-617,1394,1290
539422,155.38,49.575,107.38,27.075,-3627,-365,-4099,-634,1395,1290
539424,154.58,48.675,107.78,27.825,-3634,-375,-4095,-626,1396,1290
539426,154.42,49.425,107.54,26.55,-3637,-367,-4096,-639,1393,1295
539428,153.14,48.15,107.46,27.375,-3649,-381,-4098,-631,1392,1293
539430,153.78,48.15,105.62,28.2,-3642,-381,-4119,-623,1396,1289
539432,153.7,47.85,107.46,26.4,-3644,-384,-4098,-640,1393,1289
539434,153.22,47.85,106.74,27.225,-3648,-384,-4106,-632,1396,1294
539436,154.02,48.45,107.3,27.075,-3641,-377,-4100,-633,1395,1295
539438,152.98,47.625,107.3,27.6,-3650,-386,-4101,-627,1393,1294
539440,153.14,48.75,106.74,27.9,-3650,-374,-4108,-625,1393,1295
539442,152.74,48.375,105.86,27.825,-3654,-378,-4116,-626,1394,1290
539444,151.22,48.3,107.38,27.675,-3670,-380,-4101,-626,1400,1294
539446,152.1,48.825,106.74,27.525,-3662,-374,-4108,-628,1398,1296
539448,151.3,48.9,107.22,27.6,-3671,-373,-4103,-626,1399,1298
539450,150.82,48.375,107.06,26.1,-3675,-379,-4103,-642,1403,1302
539452,151.14,49.2,106.82,27.075,-3673,-370,-4108,-632,1402,1297
539454,150.82,48.375,106.34,27.825,-3676,-378,-4113,-624,1400,1297
539456,150.9,49.8,106.74,28.575,-3677,-363,-4110,-615,1398,1299
539458,150.18,48.675,106.9,28.8,-3683,-375,-4109,-613,1398,1300
539460,149.3,48.3,107.14,26.775,-3692,-379,-4105,-633,1400,1298
539462,149.62,48.225,106.1,27.9,-3689,-380,-4117,-622,1404,1300
539464,149.86,48.45,106.42,26.925,-3688,-376,-4114,-632,1402,1303
539466,150.1,48.225,106.9,25.8,-3685,-378,-4108,-643,1402,1299
539468,149.7,48.375,107.46,27.45,-3690,-376,-4105,-625,1399,1301
539470,148.66,48.225,107.78,27.675,-3701,-379,-4101,-622,1403,1299
539472,149.3,48,108.34,26.925,-3695,-381,-4096,-629,1402,1298
539474,149.78,48.675,107.46,26.925,-3691,-373,-4105,-630,1400,1297
539476,149.22,48.75,107.62,26.25,-3697,-372,-4103,-637,1398,1299
539478,148.98,47.55,107.38,25.2,-3699,-385,-4105,-648,1397,1303
539480,149.06,47.1,107.54,25.725,-3699,-390,-4105,-642,1405,1300
539482,148.42,46.875,107.62,25.5,-3705,-393,-4104,-645,1402,1301
539484,149.46,47.25,107.06,24.675,-3696,-388,-4110,-653,1401,1302
539486,148.58,46.275,108.02,24.75,-3704,-399,-4100,-652,1403,1304
539488,148.98,46.725,107.62,24.75,-3701,-394,-4105,-652,1402,1301
539490,148.42,46.125,107.78,24.6,-3707,-401,-4103,-654,1404,1305
539492,148.98,46.425,108.26,24.375,-3702,-398,-4099,-656,1402,1299
539494,148.58,46.125,108.42,23.475,-3706,-401,-4097,-665,1403,1302
539496,148.82,46.425,107.3,23.025,-3704,-399,-4109,-672,1403,1305
539498,148.18,45.45,108.18,24.375,-3710,-410,-4101,-657,1407,1302
539500,148.82,45.375,108.26,23.775,-3704,-411,-4100,-664,1404,1305
539502,148.5,45.9,106.26,22.425,-3708,-405,-4120,-680,1403,1302
539504,148.66,45.075,107.62,22.875,-3706,-415,-4107,-675,1404,1302
539506,147.78,45.75,107.62,22.875,-3715,-408,-4107,-675,1405,1302
539508,147.94,45.75,107.06,22.875,-3715,-410,-4113,-677,1404,1301
539510,147.94,44.925,106.42,22.275,-3714,-418,-4118,-684,1404,1301
539512,147.38,45.3,107.54,24.15,-3720,-416,-4109,-664,1401,1300
539514,147.3,44.325,106.26,22.725,-3720,-426,-4121,-680,1405,1300
539516,147.3,45,106.34,22.05,-3721,-420,-4120,-688,1399,1301
539518,147.38,44.85,106.9,23.475,-3720,-422,-4116,-673,1403,1303
539520,147.14,44.4,107.54,23.325,-3723,-428,-4109,-676,1401,1303
539522,146.66,44.325,107.7,22.95,-3727,-429,-4107,-679,1404,1305
539524,147.38,45.45,107.94,23.925,-3721,-418,-4106,-670,1403,1304
539526,147.38,44.7,107.46,23.55,-3721,-426,-4111,-675,1407,1303
539528,148.1,45,107.86,22.65,-3713,-423,-4105,-685,1405,1305
539530,147.62,44.925,108.34,23.775,-3718,-424,-4101,-673,1407,1308
539532,147.86,45.6,108.26,23.7,-3717,-418,-4103,-674,1405,1308
539534,147.78,45.825,108.26,22.875,-3718,-415,-4101,-683,1404,1312
539536,146.58,45.075,107.3,24,-3730,-425,-4113,-672,1405,1308
539538,142.9,45.525,104.18,22.8,-3767,-423,-4144,-688,1402,1308
539540,137.06,46.35,98.58,23.775,-3828,-419,-4203,-682,1408,1308
539542,129.86,48.225,90.02,24.225,-3905,-405,-4291,-684,1403,1304
539544,120.82,49.5,78.58,23.175,-3999,-398,-4408,-703,1402,1303
539546,111.06,55.5,65.7,24.45,-4106,-342,-4543,-699,1410,1306
539548,100.9,58.275,53.7,28.575,-4214,-321,-4671,-664,1410,1302
539550,91.54,59.55,42.02,30.375,-4312,-314,-4794,-654,1408,1300
539552,83.62,59.925,32.42,33.75,-4394,-316,-4898,-626,1407,1307
539554,77.46,59.7,26.34,37.875,-4458,-322,-4965,-587,1398,1310
539556,72.58,59.025,21.46,41.85,-4507,-333,-5020,-549,1399,1304
539558,70.1,59.4,18.18,39.9,-4534,-330,-5052,-572,1393,1306
539560,68.98,61.35,15.78,41.7,-4547,-311,-5079,-554,1389,1307
539562,69.06,60.375,16.34,41.1,-4545,-321,-5072,-560,1391,1309
539564,69.94,61.875,17.14,41.1,-4537,-304,-5063,-559,1390,1307
539566,70.66,62.85,19.3,40.2,-4530,-294,-5040,-567,1391,1317
539568,69.94,63.6,19.86,43.425,-4538,-286,-5036,-533,1390,1310
539570,71.22,66.225,21.78,41.475,-4527,-257,-5015,-552,1396,1313
539572,71.62,65.55,22.74,42.9,-4522,-263,-5005,-535,1395,1311
539574,71.06,63.375,21.94,44.1,-4525,-287,-5014,-524,1401,1316
539576,70.82,62.925,23.14,42.9,-4526,-291,-5000,-535,1402,1313
539578,71.14,63.3,22.98,40.8,-4523,-286,-4999,-557,1398,1312
539580,70.66,62.025,22.66,41.4,-4525,-300,-5002,-551,1400,1308
539582,71.38,62.1,23.06,42.45,-4518,-298,-4999,-539,1400,1310
539584,70.02,61.725,22.34,41.775,-4531,-303,-5005,-546,1399,1313
539586,71.06,61.575,23.3,43.725,-4520,-303,-4996,-525,1403,1301
539588,70.02,61.05,22.5,43.125,-4528,-309,-5003,-531,1404,1307
539590,70.66,61.875,22.26,45.45,-4523,-300,-5008,-507,1404,1311
539592,69.94,60.75,22.98,42.525,-4528,-312,-4996,-536,1404,1316
539594,69.7,61.125,24.1,42.825,-4530,-308,-4984,-533,1403,1310
539596,69.54,60.3,24.42,42.9,-4530,-317,-4980,-531,1402,1318
539598,69.86,61.125,24.02,43.875,-4528,-307,-4985,-521,1405,1313
539600,69.78,61.35,24.66,42.075,-4527,-304,-4975,-539,1402,1315
539602,69.7,60.15,22.74,43.05,-4527,-317,-4996,-530,1403,1308
539604,69.3,60.75,24.42,42.075,-4531,-311,-4977,-539,1406,1317
539606,69.38,61.2,24.26,43.35,-4530,-306,-4980,-526,1403,1316
539608,69.06,60.15,23.62,42.825,-4531,-316,-4985,-531,1404,1311
539610,68.9,59.925,24.1,43.725,-4532,-320,-4981,-521,1408,1312
539612,67.94,59.475,23.3,42.15,-4540,-324,-4985,-538,1407,1312
539614,68.82,60.375,24.18,44.55,-4532,-314,-4979,-512,1407,1311
539616,68.58,59.55,24.02,42.975,-4533,-322,-4978,-528,1405,1312
539618,68.1,60.15,24.66,43.275,-4538,-317,-4971,-524,1407,1313
539620,68.5,60.825,23.62,44.25,-4534,-309,-4982,-515,1407,1308
539622,68.26,59.85,23.22,42.075,-4535,-319,-4985,-537,1403,1316
539624,67.54,59.325,24.58,43.725,-4541,-324,-4971,-519,1407,1314
539626,68.34,60.3,23.62,42.9,-4535,-314,-4980,-528,1407,1314
539628,67.06,59.175,23.94,41.475,-4546,-326,-4974,-542,1407,1316
539630,67.3,59.25,24.5,42.3,-4543,-325,-4969,-534,1410,1317
539632,67.22,60.3,23.86,42.45,-4545,-314,-4976,-532,1406,1317
539634,67.22,58.725,23.94,42,-4543,-330,-4975,-536,1407,1319
539636,67.54,58.725,24.34,43.425,-4539,-330,-4972,-521,1412,1314
539638,66.26,59.625,24.1,42.45,-4554,-321,-4973,-531,1405,1316
539640,66.82,58.425,24.66,41.4,-4546,-333,-4965,-541,1410,1319
539642,66.58,58.575,24.5,41.475,-4549,-331,-4968,-541,1410,1316
539644,66.18,58.8,24.26,41.475,-4552,-329,-4969,-541,1406,1320
539646,66.18,58.125,23.54,39.825,-4552,-337,-4975,-559,1412,1322
539648,66.66,58.65,24.42,39.825,-4547,-331,-4965,-558,1408,1322
539650,67.22,57.75,23.94,39.525,-4540,-339,-4970,-561,1407,1323
539652,66.58,57.6,23.78,39.075,-4546,-341,-4971,-566,1412,1322
539654,66.9,57.525,24.58,37.875,-4543,-342,-4961,-578,1412,1329
539656,66.9,58.125,23.86,37.125,-4544,-336,-4968,-587,1410,1322
539658,66.34,56.1,24.18,36.675,-4547,-357,-4964,-590,1411,1327
539660,66.26,56.25,24.42,37.575,-4548,-356,-4962,-581,1410,1325
539662,65.06,54.9,23.78,37.8,-4559,-371,-4969,-580,1410,1326
539664,65.46,55.125,24.26,38.7,-4556,-368,-4965,-569,1412,1323
539666,66.1,55.95,24.34,36.975,-4550,-359,-4963,-588,1411,1329
539668,65.7,55.8,23.38,37.875,-4554,-361,-4974,-579,1414,1326
539670,65.38,55.8,23.54,35.775,-4557,-361,-4969,-601,1408,1328
539672,64.82,55.2,24.1,35.85,-4562,-368,-4964,-600,1414,1325
539674,64.98,54.525,22.98,36.225,-4560,-375,-4976,-597,1416,1330
539676,64.98,54.675,22.66,37.8,-4560,-374,-4982,-581,1415,1323
539678,65.06,54.45,23.38,36.675,-4559,-376,-4972,-592,1414,1327
539680,64.18,54.9,22.26,38.85,-4569,-372,-4987,-570,1413,1329
539682,63.86,54.3,22.34,37.35,-4571,-379,-4984,-586,1411,1325
539684,64.18,54.525,23.3,37.5,-4568,-376,-4974,-584,1412,1324
539686,64.1,54.6,23.38,37.425,-4569,-376,-4973,-584,1412,1332
539688,63.94,53.625,22.74,36.825,-4570,-386,-4980,-592,1416,1330
539690,64.26,55.2,22.9,37.125,-4569,-369,-4979,-588,1416,1330
539692,64.02,54.3,22.18,39.525,-4571,-380,-4989,-564,1417,1327
539694,63.46,54.15,22.74,38.625,-4576,-382,-4982,-573,1413,1333
539696,64.1,54.3,22.5,38.25,-4570,-380,-4984,-578,1413,1326
539698,64.02,53.925,22.66,39.225,-4570,-384,-4984,-567,1412,1333
539700,64.34,54.75,23.3,37.95,-4569,-375,-4976,-580,1413,1329
539702,64.1,54.225,22.42,37.875,-4571,-380,-4986,-581,1416,1325
539704,64.02,53.4,22.66,37.05,-4571,-389,-4983,-590,1413,1328
539706,64.02,54.075,23.3,37.65,-4571,-382,-4977,-583,1414,1325
539708,64.02,53.55,22.58,37.2,-4572,-387,-4984,-589,1413,1325
539710,64.26,53.775,22.66,37.575,-4569,-385,-4984,-584,1418,1325
539712,63.78,53.625,23.22,37.95,-4574,-387,-4979,-580,1415,1326
539714,63.7,52.725,22.82,36.15,-4574,-396,-4981,-599,1414,1330
539716,64.26,53.1,23.06,35.475,-4569,-392,-4978,-606,1418,1330
539718,65.14,53.85,23.78,36.975,-4560,-383,-4972,-589,1415,1333
539720,64.26,53.025,23.46,36,-4570,-393,-4975,-600,1414,1328
539722,66.1,53.175,22.58,36,-4551,-390,-4984,-600,1419,1332
539724,65.22,53.7,23.46,35.55,-4561,-384,-4974,-604,1416,1334
539726,65.06,52.2,24.18,35.85,-4561,-400,-4967,-601,1420,1331
539728,65.7,52.95,23.22,35.475,-4555,-392,-4977,-605,1418,1329
539730,65.78,52.35,24.26,37.575,-4554,-398,-4968,-582,1417,1329
539732,64.9,51.45,24.18,36.525,-4562,-407,-4969,-593,1420,1327
539734,65.46,52.05,24.74,36.75,-4557,-400,-4963,-590,1421,1333
539736,64.9,51.45,23.94,35.55,-4563,-407,-4970,-602,1418,1327
539738,65.06,51.9,23.38,35.625,-4561,-402,-4976,-603,1417,1330
539740,65.14,51.75,23.86,35.475,-4561,-403,-4971,-603,1419,1329
539742,64.18,50.925,22.58,35.85,-4570,-413,-4985,-600,1419,1336
539744,64.98,51.375,24.26,35.175,-4562,-407,-4967,-606,1417,1340
539746,65.14,51,23.78,34.425,-4560,-411,-4972,-614,1420,1337
539748,64.02,49.875,24.34,35.4,-4570,-423,-4967,-602,1419,1336
539750,64.42,49.425,23.94,34.35,-4565,-427,-4970,-614,1422,1339
539752,64.26,48.9,23.78,35.775,-4567,-432,-4973,-599,1422,1337
539754,64.42,49.425,23.38,36.75,-4566,-427,-4978,-589,1422,1337
539756,64.1,48.675,22.82,34.35,-4569,-435,-4981,-614,1422,1336
539758,64.66,48.9,22.66,35.475,-4563,-432,-4985,-602,1423,1337
539760,64.82,49.35,23.14,36.3,-4562,-427,-4981,-593,1420,1340
539762,65.06,50.25,22.98,35.775,-4560,-418,-4982,-599,1420,1339
539764,65.7,51.675,22.5,39.3,-4555,-402,-4990,-562,1423,1336
539766,67.38,54,22.34,42.075,-4540,-377,-4995,-533,1424,1337
539768,67.62,54.9,22.98,43.05,-4539,-367,-4990,-522,1425,1342
539770,67.86,55.575,24.1,42.75,-4537,-359,-4978,-525,1426,1341
539772,67.94,55.725,24.42,44.25,-4536,-358,-4976,-509,1430,1341
539774,67.46,55.425,23.62,42.3,-4541,-361,-4983,-530,1430,1347
539776,66.98,53.625,23.78,41.85,-4545,-381,-4981,-534,1431,1347
539778,66.82,51.975,24.26,39.6,-4544,-398,-4973,-558,1434,1342
539780,66.34,51.375,24.66,38.7,-4549,-405,-4968,-567,1429,1343
539782,66.02,52.2,23.78,38.1,-4553,-396,-4976,-574,1426,1347
539784,66.26,52.575,23.14,38.55,-4551,-392,-4984,-570,1426,1343
539786,66.66,52.275,25.06,38.4,-4547,-395,-4964,-569,1424,1342
539788,67.14,52.65,23.78,39.525,-4543,-390,-4979,-559,1425,1343
539790,66.9,52.425,24.02,39.525,-4544,-393,-4976,-559,1428,1343
539792,66.98,52.5,24.34,38.475,-4544,-393,-4971,-570,1427,1344
539794,67.14,51.15,24.82,39.525,-4541,-407,-4968,-558,1432,1344
539796,66.34,50.475,24.26,39.3,-4548,-414,-4974,-561,1429,1342
539798,66.9,50.175,24.98,38.775,-4542,-417,-4966,-566,1432,1341
539800,66.5,49.725,23.94,38.175,-4546,-423,-4976,-573,1432,1345
539802,66.98,50.325,23.94,37.05,-4542,-415,-4974,-586,1432,1343
539804,67.14,50.325,23.7,38.1,-4540,-415,-4978,-574,1433,1343
539806,67.14,49.275,23.86,36.6,-4539,-426,-4975,-590,1433,1349
539808,67.62,50.7,23.06,35.625,-4536,-412,-4982,-601,1431,1347
539810,67.14,49.875,23.94,36.375,-4540,-420,-4974,-592,1433,1345
539812,67.06,49.5,23.14,36.075,-4540,-425,-4982,-596,1433,1348
539814,67.54,48.975,24.1,34.8,-4535,-430,-4971,-609,1432,1350
539816,66.5,48.075,24.34,35.25,-4545,-440,-4968,-604,1432,1349
539818,66.34,47.85,23.22,34.05,-4546,-443,-4979,-617,1431,1351
539820,67.38,47.775,23.22,34.125,-4535,-442,-4979,-617,1432,1351
539822,66.58,47.025,23.3,34.35,-4543,-451,-4978,-614,1436,1352
539824,67.3,47.85,23.3,33.375,-4536,-441,-4977,-625,1436,1353
539826,67.86,47.025,23.38,33.15,-4529,-450,-4976,-627,1432,1350
539828,66.5,47.4,22.58,33.825,-4544,-447,-4985,-620,1433,1350
539830,66.58,47.25,22.66,30.525,-4542,-448,-4980,-655,1433,1352
539832,67.62,46.5,23.38,32.25,-4531,-455,-4975,-636,1435,1350
539834,67.06,45.975,23.14,29.85,-4536,-461,-4974,-661,1430,1352
539836,66.74,45.825,23.14,29.625,-4539,-463,-4974,-664,1435,1355
539838,67.86,44.85,21.78,29.25,-4526,-472,-4988,-668,1435,1356
539840,67.14,45.3,22.1,29.25,-4534,-468,-4985,-668,1432,1350
539842,67.86,44.85,22.34,28.275,-4527,-472,-4981,-678,1436,1353
539844,67.62,44.625,23.14,30,-4528,-475,-4974,-659,1433,1354
539846,67.06,44.7,22.34,28.275,-4535,-474,-4980,-678,1436,1352
539848,67.86,43.65,23.54,28.65,-4525,-484,-4969,-673,1432,1353
539850,67.62,43.5,22.02,28.125,-4527,-486,-4983,-679,1438,1350
539852,67.94,42.975,23.06,26.775,-4524,-491,-4972,-692,1430,1354
539854,68.74,42.6,22.26,27.9,-4515,-495,-4981,-682,1428,1353
539856,68.26,41.025,22.02,27.675,-4518,-511,-4983,-684,1429,1353
539858,68.34,40.125,22.9,26.7,-4516,-520,-4973,-694,1430,1356
539860,69.3,39.225,24.26,27.075,-4505,-529,-4959,-688,1429,1351
539862,71.46,38.1,26.5,24.375,-4482,-539,-4933,-715,1421,1354
539864,77.7,34.575,32.18,21.975,-4414,-572,-4872,-736,1422,1354
539866,82.9,28.2,38.98,17.025,-4353,-635,-4796,-783,1430,1344
539868,92.66,20.925,47.46,14.55,-4245,-703,-4705,-802,1433,1346
539870,100.58,15.525,55.3,6.82499999999999,-4158,-754,-4616,-877,1429,1350
539872,108.98,8.47499999999999,64.34,0.599999999999994,-4064,-821,-4516,-934,1423,1350
539874,115.3,3,70.02,-6.52500000000001,-3994,-873,-4450,-1005,1418,1355
539876,122.5,1.875,73.86,-14.775,-3918,-880,-4402,-1087,1418,1339
539878,126.9,0.974999999999994,75.94,-17.775,-3873,-886,-4377,-1117,1412,1337
539880,129.86,-2.02500000000001,76.74,-18.975,-3839,-915,-4368,-1129,1403,1333
539882,131.94,-2.40000000000001,78.1,-20.85,-3818,-917,-4352,-1147,1403,1331
539884,134.9,-3.67500000000001,77.94,-20.775,-3786,-928,-4353,-1146,1400,1332
539886,138.02,-3.375,79.14,-21.75,-3754,-923,-4340,-1155,1403,1327
539888,139.62,-5.7,79.86,-21.825,-3735,-945,-4333,-1155,1410,1331
539890,140.58,-6.90000000000001,81.22,-22.2,-3724,-957,-4319,-1159,1408,1334
539892,140.9,-8.175,79.86,-21.975,-3720,-970,-4333,-1157,1408,1333
539894,141.54,-7.95,80.98,-21.675,-3714,-968,-4321,-1153,1409,1332
539896,140.66,-8.77500000000001,80.26,-23.025,-3722,-976,-4328,-1168,1409,1334
539898,140.9,-11.175,80.26,-23.325,-3717,-1001,-4328,-1171,1413,1338
539900,140.18,-10.875,80.1,-22.875,-3725,-999,-4330,-1167,1416,1336
539902,140.02,-12.6,79.86,-24.75,-3726,-1017,-4330,-1186,1415,1334
539904,139.78,-11.7,81.06,-25.8,-3729,-1008,-4317,-1196,1411,1338
539906,139.54,-14.1,80.34,-24.825,-3729,-1032,-4326,-1187,1408,1337
539908,139.62,-14.55,81.54,-24,-3728,-1037,-4314,-1177,1406,1336
539910,139.46,-15.15,80.66,-24.375,-3729,-1044,-4323,-1182,1408,1334
539912,139.94,-14.775,82.26,-25.95,-3724,-1040,-4304,-1198,1408,1339
539914,139.14,-16.875,81.46,-26.1,-3731,-1062,-4313,-1200,1406,1342
539916,138.9,-19.5,81.78,-27,-3731,-1090,-4309,-1209,1403,1341
539918,138.98,-19.95,81.78,-27.975,-3729,-1094,-4308,-1219,1397,1340
539920,138.66,-20.25,81.22,-27.825,-3732,-1098,-4314,-1218,1398,1339
539922,139.22,-21.9,81.14,-28.725,-3725,-1115,-4314,-1228,1400,1340
539924,139.3,-21.75,81.78,-29.7,-3725,-1113,-4307,-1237,1397,1343
539926,139.22,-23.475,81.54,-29.325,-3724,-1131,-4309,-1233,1399,1341
539928,139.62,-24.075,81.54,-30,-3720,-1137,-4309,-1241,1395,1338
539930,139.38,-24.15,81.06,-31.2,-3722,-1138,-4313,-1253,1392,1341
539932,139.94,-25.275,81.54,-30.225,-3716,-1149,-4310,-1243,1393,1337
539934,140.74,-25.35,81.86,-30.975,-3707,-1149,-4306,-1251,1394,1341
539936,140.1,-25.8,82.26,-32.925,-3714,-1155,-4300,-1270,1391,1342
539938,139.62,-26.85,81.94,-33.9,-3718,-1165,-4302,-1281,1392,1342
539940,139.86,-27.6,81.7,-33.075,-3715,-1174,-4305,-1273,1393,1341
539942,140.02,-28.725,81.3,-34.125,-3712,-1185,-4308,-1284,1389,1344
539944,139.7,-29.25,81.22,-34.575,-3715,-1190,-4309,-1288,1390,1341
539946,140.18,-29.775,82.18,-34.5,-3709,-1195,-4299,-1287,1388,1342
539948,140.58,-31.2,81.94,-35.025,-3704,-1209,-4302,-1292,1383,1344
539950,140.42,-30,82.58,-36.75,-3707,-1197,-4293,-1309,1392,1343
539952,140.98,-30,82.66,-36.375,-3702,-1196,-4293,-1305,1390,1347
539954,141.46,-31.125,82.74,-36.9,-3695,-1208,-4291,-1311,1391,1342
539956,140.58,-34.5,81.86,-37.95,-3702,-1243,-4300,-1322,1378,1345
539958,141.06,-31.575,81.54,-40.875,-3700,-1212,-4300,-1353,1395,1355
539960,141.78,-30.525,81.86,-40.275,-3693,-1201,-4297,-1346,1395,1345
539962,142.02,-33.075,82.34,-41.475,-3688,-1227,-4291,-1357,1390,1349
539964,141.78,-39.075,82.9,-43.425,-3685,-1288,-4282,-1377,1376,1352
539966,142.18,-40.125,82.98,-42.525,-3679,-1299,-4283,-1367,1374,1349
539968,141.86,-40.125,83.3,-43.05,-3683,-1299,-4279,-1373,1369,1349
539970,141.94,-41.55,83.14,-47.325,-3680,-1314,-4276,-1416,1373,1357
539972,141.7,-41.85,83.22,-45.9,-3682,-1316,-4277,-1401,1370,1353
539974,142.42,-42.375,82.74,-47.175,-3675,-1321,-4280,-1415,1371,1354
539976,142.74,-43.425,83.3,-46.875,-3670,-1331,-4275,-1411,1367,1351
539978,143.62,-41.4,83.62,-49.35,-3663,-1309,-4269,-1436,1378,1348
539980,143.14,-45.525,84.26,-50.85,-3664,-1352,-4261,-1450,1367,1351
539982,142.98,-43.2,83.46,-52.95,-3668,-1328,-4267,-1472,1378,1344
539984,144.34,-44.4,83.46,-54.375,-3652,-1339,-4265,-1487,1377,1346
539986,145.14,-44.55,83.38,-51.825,-3644,-1340,-4269,-1461,1373,1349
539988,143.94,-45.675,84.42,-52.125,-3655,-1352,-4258,-1462,1372,1347
539990,143.86,-50.1,84.42,-55.5,-3652,-1397,-4254,-1497,1358,1343
539992,144.18,-50.625,84.58,-55.275,-3648,-1402,-4252,-1494,1357,1343
539994,144.26,-51,84.18,-56.25,-3647,-1406,-4255,-1504,1358,1344
539996,144.34,-53.25,84.18,-57.525,-3643,-1428,-4254,-1517,1354,1344
539998,144.58,-52.2,84.18,-58.5,-3642,-1417,-4253,-1526,1353,1338
540000,144.02,-53.1,84.02,-57.825,-3646,-1426,-4255,-1519,1358,1340
540002,143.54,-52.8,83.54,-57.225,-3652,-1423,-4261,-1513,1356,1349
540004,143.94,-53.475,84.66,-58.575,-3647,-1429,-4248,-1525,1356,1345
540006,143.38,-54.225,83.38,-57.6,-3652,-1437,-4262,-1516,1360,1348
540008,143.14,-54.6,83.22,-59.4,-3654,-1440,-4261,-1534,1355,1342
540010,143.7,-53.7,82.34,-58.65,-3649,-1430,-4271,-1527,1354,1349
540012,143.54,-54.9,82.18,-59.925,-3649,-1441,-4272,-1539,1352,1342
540014,142.9,-52.875,83.3,-59.625,-3658,-1422,-4261,-1535,1364,1343
540016,143.14,-52.725,82.82,-60.525,-3655,-1418,-4264,-1543,1366,1343
540018,142.74,-52.575,82.5,-60.675,-3660,-1417,-4267,-1545,1361,1341
540020,143.78,-51.9,83.54,-62.25,-3650,-1408,-4255,-1559,1365,1344
540022,143.3,-54.225,83.62,-62.25,-3653,-1432,-4254,-1559,1362,1343
540024,142.98,-53.85,82.26,-64.125,-3656,-1427,-4266,-1578,1360,1338
540026,143.3,-52.35,82.66,-63.975,-3654,-1411,-4263,-1576,1360,1340
540028,143.46,-53.925,82.9,-63.3,-3652,-1426,-4260,-1567,1358,1340
540030,142.74,-53.475,81.78,-65.625,-3659,-1422,-4270,-1592,1363,1335
540032,144.34,-54,83.3,-66.9,-3642,-1425,-4253,-1602,1358,1332
540034,144.66,-55.95,83.22,-66.9,-3637,-1444,-4253,-1602,1354,1339
540036,143.7,-56.025,82.42,-67.725,-3646,-1444,-4260,-1609,1359,1338
540038,145.14,-56.175,82.34,-68.625,-3631,-1444,-4260,-1618,1356,1334
540040,144.98,-57.15,82.74,-68.775,-3632,-1453,-4256,-1618,1354,1336
540042,145.54,-56.7,83.3,-69.6,-3626,-1447,-4250,-1627,1358,1339
540044,145.3,-57.975,83.54,-71.025,-3628,-1458,-4245,-1639,1348,1331
540046,144.5,-59.25,82.26,-70.575,-3634,-1472,-4259,-1636,1352,1335
540048,144.82,-58.575,83.22,-70.95,-3632,-1463,-4249,-1637,1350,1333
540050,145.94,-59.25,84.74,-71.1,-3620,-1469,-4233,-1637,1355,1329
540052,150.1,-61.35,89.78,-71.175,-3576,-1485,-4181,-1632,1357,1329
540054,157.62,-61.5,96.98,-71.025,-3499,-1481,-4107,-1625,1360,1327
540056,167.3,-66.9,107.86,-68.475,-3396,-1528,-3999,-1588,1353,1342
540058,179.06,-60.525,121.3,-65.325,-3282,-1453,-3865,-1546,1370,1337
540060,192.34,-63.825,137.46,-62.4,-3144,-1475,-3704,-1502,1355,1349
540062,209.94,-59.1,152.5,-60.075,-2970,-1415,-3552,-1467,1369,1347
540064,225.7,-55.725,169.14,-56.85,-2814,-1366,-3386,-1420,1371,1351
540066,243.78,-53.175,184.82,-53.175,-2633,-1327,-3230,-1370,1369,1354
540068,259.94,-50.775,199.06,-51.225,-2472,-1289,-3088,-1339,1363,1356
540070,274.34,-45.9,211.46,-49.05,-2331,-1228,-2965,-1307,1369,1359
540072,286.18,-40.875,220.9,-43.8,-2216,-1167,-2873,-1245,1367,1358
540074,296.58,-37.35,227.94,-41.1,-2115,-1124,-2804,-1212,1366,1357
540076,304.18,-35.25,234.1,-39.3,-2040,-1095,-2744,-1187,1371,1362
540078,307.62,-33.9,236.02,-38.625,-2006,-1079,-2725,-1179,1366,1364
540080,312.26,-32.85,237.78,-34.95,-1961,-1063,-2711,-1139,1367,1360
540082,312.26,-31.95,237.38,-35.7,-1961,-1054,-2714,-1147,1367,1364
540084,312.18,-32.175,238.34,-34.575,-1962,-1055,-2706,-1132,1370,1362
540086,312.18,-32.7,238.34,-34.35,-1962,-1060,-2706,-1131,1368,1367
540088,312.02,-34.425,238.42,-36.225,-1963,-1076,-2704,-1148,1365,1361
540090,311.22,-35.175,238.58,-34.5,-1970,-1085,-2704,-1130,1365,1361
540092,311.38,-35.7,238.82,-34.95,-1969,-1088,-2702,-1133,1365,1365
540094,311.38,-35.925,238.74,-34.65,-1968,-1091,-2703,-1130,1360,1369
540096,310.34,-39.225,239.38,-33,-1977,-1123,-2699,-1111,1355,1359
540098,309.62,-38.625,239.86,-32.325,-1985,-1118,-2694,-1104,1353,1359
540100,310.34,-38.7,240.1,-31.65,-1978,-1117,-2693,-1095,1353,1369
540102,309.54,-39.6,240.26,-30.825,-1986,-1127,-2692,-1087,1346,1361
540104,308.9,-37.65,240.66,-30,-1995,-1105,-2690,-1076,1349,1364
540106,309.14,-36.6,241.22,-29.475,-1993,-1095,-2685,-1071,1347,1364
540108,309.06,-38.775,242.02,-28.875,-1993,-1115,-2678,-1062,1350,1367
540110,309.46,-38.025,242.5,-30.075,-1990,-1107,-2672,-1074,1354,1361
540112,309.22,-39.675,242.66,-29.925,-1991,-1123,-2671,-1071,1349,1365
540114,310.02,-37.425,242.02,-28.575,-1985,-1100,-2679,-1058,1355,1364
540116,310.26,-37.5,243.94,-31.875,-1984,-1098,-2657,-1089,1356,1363
540118,309.94,-37.2,243.62,-30.3,-1987,-1096,-2662,-1073,1358,1373
540120,310.18,-38.1,243.22,-31.425,-1985,-1103,-2666,-1083,1358,1370
540122,310.58,-36.675,243.94,-31.275,-1982,-1088,-2659,-1081,1363,1368
540124,310.74,-36.75,243.22,-32.475,-1981,-1088,-2666,-1093,1363,1371
540126,310.1,-38.175,242.98,-32.475,-1987,-1103,-2669,-1093,1364,1372
540128,310.26,-38.775,243.38,-34.5,-1985,-1108,-2664,-1113,1362,1375
540130,311.86,-43.35,243.78,-36.225,-1966,-1154,-2659,-1130,1347,1377
540132,310.26,-38.1,243.3,-35.025,-1987,-1101,-2666,-1117,1371,1380
540134,309.86,-38.1,243.62,-35.7,-1991,-1101,-2662,-1124,1368,1379
540136,309.54,-38.55,244.5,-37.8,-1995,-1105,-2652,-1144,1370,1376
540138,309.14,-38.55,243.06,-36.45,-1999,-1105,-2668,-1132,1374,1380
540140,309.46,-37.05,244.18,-36.825,-1998,-1089,-2657,-1134,1375,1378
540142,309.06,-37.2,243.86,-37.425,-2002,-1091,-2659,-1141,1382,1380
540144,308.1,-36.525,243.86,-35.475,-2013,-1085,-2662,-1120,1379,1377
540146,308.18,-37.575,244.42,-35.925,-2011,-1096,-2656,-1125,1379,1378
540148,308.02,-38.175,244.5,-36.6,-2013,-1102,-2655,-1132,1385,1376
540150,306.5,-36.45,244.02,-35.625,-2030,-1085,-2660,-1122,1390,1381
540152,306.58,-37.275,243.38,-36,-2028,-1094,-2667,-1126,1388,1377
540154,306.02,-37.35,245.46,-36.15,-2034,-1095,-2647,-1126,1394,1377
540156,306.18,-35.175,245.7,-37.425,-2035,-1073,-2643,-1140,1390,1383
540158,305.54,-36.15,243.06,-36.675,-2041,-1083,-2670,-1134,1394,1381
540160,304.58,-36.075,243.94,-37.875,-2050,-1084,-2662,-1146,1395,1379
540162,305.62,-33.525,243.22,-37.425,-2043,-1057,-2669,-1142,1386,1383
540164,304.42,-34.2,242.74,-36.3,-2055,-1065,-2676,-1132,1388,1381
540166,304.1,-34.35,244.9,-36.375,-2058,-1067,-2654,-1131,1391,1386
540168,303.86,-34.2,245.86,-37.35,-2061,-1067,-2644,-1140,1391,1381
540170,304.18,-34.2,243.22,-37.2,-2057,-1066,-2670,-1141,1392,1385
540172,304.02,-35.1,244.5,-36.75,-2059,-1076,-2658,-1136,1396,1385
540174,304.1,-33.525,244.34,-37.35,-2060,-1060,-2659,-1143,1398,1384
540176,303.7,-35.85,244.58,-37.95,-2062,-1085,-2657,-1149,1399,1387
540178,304.58,-34.95,245.54,-39.675,-2054,-1075,-2645,-1166,1400,1384
540180,304.34,-36.225,245.22,-38.325,-2056,-1090,-2651,-1153,1402,1386
540182,304.74,-37.8,244.98,-38.925,-2050,-1105,-2652,-1160,1401,1384
540184,305.38,-36.075,246.34,-38.85,-2046,-1088,-2639,-1159,1400,1386
540186,304.9,-37.8,246.66,-40.65,-2049,-1106,-2634,-1177,1404,1382
540188,307.06,-43.275,246.42,-39.3,-2023,-1161,-2639,-1164,1389,1385
540190,305.38,-37.875,245.86,-41.7,-2045,-1108,-2641,-1190,1407,1387
540192,304.9,-38.625,246.98,-40.575,-2049,-1116,-2632,-1177,1412,1381
540194,304.82,-38.175,246.18,-39.375,-2050,-1111,-2641,-1166,1412,1384
540196,304.02,-38.175,246.58,-39.975,-2058,-1113,-2637,-1173,1410,1386
540198,307.46,-43.05,246.98,-40.65,-2020,-1160,-2632,-1179,1391,1384
540200,305.7,-39.225,247.38,-39.675,-2041,-1123,-2629,-1169,1407,1386
540202,305.22,-38.7,247.38,-41.55,-2046,-1118,-2627,-1189,1407,1386
540204,305.46,-38.85,247.38,-40.575,-2043,-1120,-2628,-1180,1408,1391
540206,304.98,-39.525,248.26,-40.725,-2048,-1127,-2620,-1180,1409,1387
540208,305.46,-39.45,247.94,-41.025,-2043,-1127,-2622,-1185,1410,1385
540210,306.98,-44.475,247.7,-41.325,-2024,-1177,-2624,-1188,1389,1386
540212,304.58,-39.9,249.14,-41.175,-2052,-1132,-2610,-1186,1405,1382
540214,304.66,-38.325,249.06,-40.65,-2052,-1117,-2612,-1180,1407,1385
540216,304.26,-37.425,248.34,-40.5,-2057,-1108,-2619,-1180,1414,1389
540218,305.54,-36.375,248.18,-41.4,-2045,-1097,-2619,-1189,1410,1384
540220,304.5,-37.425,249.06,-40.2,-2055,-1109,-2611,-1177,1413,1390
540222,306.9,-42.975,248.18,-39.525,-2025,-1163,-2621,-1171,1396,1388
540224,304.02,-36.3,248.18,-41.475,-2060,-1097,-2619,-1190,1420,1387
540226,306.1,-41.925,248.9,-41.625,-2035,-1153,-2612,-1192,1395,1390
540228,305.94,-40.65,246.98,-41.325,-2037,-1140,-2631,-1189,1394,1391
540230,303.3,-36.375,248.18,-41.1,-2067,-1099,-2619,-1186,1412,1384
540232,305.14,-41.25,249.7,-39.9,-2044,-1147,-2605,-1173,1392,1389
540234,305.94,-42.75,248.9,-40.5,-2035,-1161,-2612,-1180,1396,1393
540236,306.02,-41.1,250.34,-39.525,-2036,-1144,-2598,-1168,1395,1384
540238,304.1,-36.3,249.78,-39.3,-2059,-1096,-2604,-1167,1419,1388
540240,306.02,-40.35,248.9,-37.95,-2036,-1136,-2614,-1152,1402,1389
540242,303.54,-33.9,249.62,-39.45,-2066,-1072,-2606,-1168,1424,1385
540244,303.46,-34.575,249.7,-38.25,-2066,-1079,-2605,-1155,1422,1381
540246,303.06,-35.025,250.02,-39.225,-2069,-1084,-2601,-1164,1422,1387
540248,302.98,-35.7,249.78,-38.175,-2070,-1089,-2604,-1153,1422,1388
540250,304.82,-38.625,249.14,-37.05,-2049,-1118,-2612,-1142,1405,1388
540252,305.22,-40.125,250.74,-36.975,-2044,-1132,-2596,-1140,1407,1385
540254,303.94,-34.575,250.18,-36.225,-2061,-1077,-2602,-1132,1424,1395
540256,304.26,-33.75,250.66,-35.325,-2058,-1066,-2598,-1122,1426,1392
540258,304.74,-39.225,251.06,-35.85,-2048,-1123,-2593,-1127,1406,1389
540260,305.14,-39.15,250.74,-35.325,-2044,-1121,-2596,-1120,1408,1390
540262,304.98,-39.225,250.5,-34.575,-2045,-1121,-2599,-1113,1402,1390
540264,304.58,-38.85,250.74,-36.3,-2049,-1117,-2595,-1130,1401,1392
540266,304.58,-39.525,250.74,-33,-2049,-1123,-2598,-1095,1406,1395
540268,304.74,-39.45,252.1,-33.6,-2047,-1122,-2583,-1100,1404,1396
540270,305.14,-39.75,251.46,-33.375,-2043,-1124,-2590,-1098,1403,1399
540272,304.66,-40.35,251.78,-31.95,-2047,-1130,-2587,-1082,1408,1397
540274,305.06,-38.625,251.06,-31.575,-2044,-1112,-2595,-1079,1397,1397
540276,302.9,-34.575,251.86,-31.5,-2068,-1072,-2586,-1077,1421,1397
540278,304.74,-40.275,251.22,-32.4,-2045,-1129,-2592,-1086,1406,1398
540280,304.34,-33.825,252.18,-31.8,-2054,-1063,-2582,-1079,1420,1395
540282,303.54,-33.3,252.5,-30.75,-2063,-1058,-2580,-1068,1424,1401
540284,303.78,-34.875,252.18,-30.225,-2059,-1073,-2583,-1063,1428,1398
540286,305.94,-37.725,251.94,-30.75,-2035,-1101,-2585,-1068,1416,1398
540288,302.9,-32.625,252.26,-29.625,-2068,-1051,-2583,-1056,1432,1403
540290,304.42,-32.25,252.5,-30.075,-2053,-1045,-2579,-1061,1437,1398
540292,303.86,-31.875,252.82,-31.05,-2059,-1041,-2575,-1070,1434,1400
540294,303.06,-32.175,252.42,-30.075,-2067,-1045,-2580,-1060,1434,1407
540296,303.38,-31.725,252.18,-29.1,-2063,-1040,-2582,-1050,1440,1401
540298,304.26,-30.75,251.94,-30.3,-2056,-1030,-2584,-1063,1432,1403
540300,303.38,-31.275,252.66,-29.925,-2064,-1035,-2577,-1058,1434,1402
540302,303.7,-32.4,251.94,-29.4,-2060,-1047,-2585,-1054,1436,1402
540304,304.42,-29.85,253.14,-28.875,-2055,-1020,-2573,-1047,1438,1404
540306,303.78,-31.65,252.5,-29.85,-2059,-1039,-2579,-1057,1435,1405
540308,303.54,-29.775,253.06,-29.025,-2064,-1020,-2574,-1049,1435,1402
540310,303.22,-30.15,252.58,-29.475,-2067,-1024,-2578,-1054,1439,1409
540312,301.94,-30.9,253.06,-28.875,-2079,-1033,-2574,-1048,1443,1398
540314,301.7,-30.075,253.06,-28.2,-2082,-1026,-2574,-1041,1441,1403
540316,301.62,-29.925,252.9,-29.25,-2082,-1024,-2575,-1052,1440,1402
540318,302.34,-30.9,252.18,-26.925,-2074,-1033,-2584,-1029,1442,1407
540320,301.94,-29.775,252.34,-26.25,-2079,-1023,-2583,-1022,1441,1403
540322,303.78,-30.15,253.46,-25.95,-2060,-1025,-2572,-1018,1442,1404
540324,304.82,-29.4,255.22,-24.15,-2050,-1017,-2556,-999,1444,1402
540326,308.58,-26.625,258.42,-20.85,-2015,-986,-2526,-963,1441,1399
540328,314.74,-23.4,265.54,-17.025,-1956,-949,-2458,-918,1446,1402
540330,325.06,-23.85,272.42,-12.525,-1851,-946,-2392,-867,1427,1405
540332,331.46,-16.2,280.66,-6.75,-1794,-864,-2314,-803,1444,1411
540334,339.54,-18.825,287.22,-4.65000000000001,-1710,-885,-2249,-776,1431,1416
540336,343.86,-17.475,291.54,-3.75,-1668,-869,-2206,-764,1431,1421
540338,346.1,-16.65,292.02,-2.40000000000001,-1647,-858,-2203,-750,1437,1423
540340,346.1,-16.2,292.66,-3.44999999999999,-1647,-855,-2196,-761,1439,1421
540342,344.9,-15.975,291.14,-5.55,-1660,-852,-2209,-784,1438,1425
540344,345.54,-15.975,290.98,-4.875,-1654,-852,-2213,-778,1442,1417
540346,344.74,-15.45,290.26,-6.3,-1662,-848,-2219,-793,1440,1416
540348,345.22,-16.05,289.78,-4.5,-1657,-854,-2226,-774,1441,1415
540350,345.14,-15.525,291.3,-3.97499999999999,-1659,-849,-2211,-768,1439,1413
540352,345.78,-15.225,291.86,-2.625,-1653,-845,-2206,-754,1438,1417
540354,344.66,-15.525,292.98,-1.94999999999999,-1664,-849,-2195,-747,1438,1420
540356,345.06,-15.825,292.02,-1.5,-1660,-853,-2207,-743,1437,1417
540358,344.98,-15.45,292.1,-2.69999999999999,-1661,-849,-2205,-756,1437,1415
540360,345.14,-15.75,293.3,-2.47499999999999,-1660,-852,-2193,-753,1437,1417
540362,345.14,-15.675,291.62,-4.125,-1660,-851,-2209,-771,1439,1418
540364,345.22,-15.675,292.26,-2.77500000000001,-1660,-851,-2204,-757,1437,1421
540366,344.98,-15.675,292.66,-2.02500000000001,-1663,-852,-2200,-749,1436,1421
540368,345.06,-14.7,293.7,-1.94999999999999,-1663,-842,-2191,-747,1432,1420
540370,344.82,-15.15,292.02,-1.57499999999999,-1666,-847,-2209,-745,1434,1422
540372,345.3,-14.1,292.82,-2.32499999999999,-1662,-836,-2201,-752,1434,1419
540374,344.58,-13.875,293.3,-1.80000000000001,-1670,-834,-2196,-747,1432,1418
540376,344.34,-14.475,292.5,-1.34999999999999,-1672,-841,-2206,-743,1436,1420
540378,344.98,-14.925,293.54,-2.25,-1666,-845,-2194,-752,1440,1425
540380,344.18,-13.8,293.38,-1.5,-1675,-835,-2197,-744,1441,1418
540382,342.58,-10.425,293.46,-1.42500000000001,-1694,-801,-2196,-743,1458,1421
540384,343.7,-13.65,293.78,-1.19999999999999,-1681,-834,-2195,-741,1443,1425
540386,343.3,-12.45,293.22,-1.65000000000001,-1686,-822,-2200,-746,1441,1419
540388,343.54,-13.125,293.22,-0.900000000000006,-1683,-830,-2201,-739,1445,1423
540390,344.02,-12.15,291.94,-0.824999999999989,-1680,-819,-2214,-740,1444,1421
540392,343.06,-12.225,293.62,-3.52500000000001,-1690,-821,-2196,-766,1445,1412
540394,343.3,-12.225,293.22,-0.824999999999989,-1687,-821,-2201,-739,1445,1428
540396,342.98,-11.4,293.46,-3.30000000000001,-1692,-813,-2197,-765,1448,1427
540398,342.02,-12.225,294.58,-2.69999999999999,-1701,-822,-2187,-757,1442,1419
540400,343.06,-11.625,292.98,-1.80000000000001,-1691,-816,-2204,-750,1442,1420
540402,339.94,-8.40000000000001,293.06,-0.75,-1725,-785,-2205,-739,1456,1420
540404,340.74,-7.2,292.82,-0.974999999999994,-1719,-772,-2208,-742,1463,1419
540406,341.62,-8.325,293.38,-2.625,-1710,-783,-2201,-759,1455,1421
540408,341.14,-7.575,292.9,-0.974999999999994,-1716,-777,-2208,-743,1461,1421
540410,342.42,-9.675,293.22,-1.80000000000001,-1701,-798,-2204,-751,1450,1424
540412,341.86,-9.22499999999999,294.26,-1.34999999999999,-1708,-794,-2195,-746,1451,1421
540414,342.02,-8.55,293.54,-3.44999999999999,-1707,-787,-2200,-768,1456,1420
540416,342.34,-7.72499999999999,293.46,-2.09999999999999,-1705,-779,-2203,-755,1455,1416
540418,342.02,-8.325,294.5,-1.34999999999999,-1708,-785,-2193,-747,1457,1422
540420,342.02,-8.175,292.66,-0.525000000000006,-1709,-785,-2213,-740,1457,1421
540422,341.94,-7.875,292.58,-2.25,-1710,-781,-2212,-758,1456,1425
540424,341.86,-8.55,294.1,0.150000000000006,-1710,-789,-2199,-733,1458,1426
540426,341.94,-7.65000000000001,295.14,-2.09999999999999,-1710,-779,-2187,-756,1459,1423
540428,342.18,-8.09999999999999,293.7,-1.94999999999999,-1709,-784,-2202,-755,1457,1428
540430,341.86,-7.34999999999999,294.5,-1.57499999999999,-1712,-777,-2194,-751,1458,1427
540432,342.34,-6.90000000000001,294.74,-1.875,-1709,-773,-2192,-754,1461,1419
540434,342.58,-6.3,294.42,-0.900000000000006,-1707,-767,-2197,-744,1463,1421
540436,342.02,-6.97499999999999,295.3,-2.40000000000001,-1712,-774,-2187,-760,1461,1425
540438,342.34,-6.075,293.86,-3.52500000000001,-1709,-764,-2201,-773,1466,1423
540440,342.34,-5.40000000000001,293.78,-0.675000000000011,-1711,-758,-2205,-743,1464,1425
540442,341.54,-5.84999999999999,294.18,-0.599999999999994,-1718,-763,-2200,-742,1470,1425
540444,342.58,-5.02500000000001,293.54,-2.77500000000001,-1709,-755,-2206,-766,1468,1419
540446,342.34,-4.5,294.74,-0.675000000000011,-1712,-749,-2195,-743,1468,1428
540448,342.18,-3.67500000000001,294.74,-0.525000000000006,-1714,-741,-2196,-742,1468,1427
540450,341.86,-4.80000000000001,293.38,-0.900000000000006,-1717,-754,-2209,-747,1467,1428
540452,341.86,-3.90000000000001,293.7,-1.125,-1718,-744,-2206,-750,1469,1423
540454,341.7,-3.59999999999999,294.42,0.375,-1720,-741,-2200,-733,1470,1429
540456,341.86,-4.34999999999999,293.86,1.94999999999999,-1718,-749,-2207,-718,1469,1427
540458,341.86,-3.90000000000001,293.3,1.94999999999999,-1718,-744,-2213,-718,1469,1428
540460,341.14,-3.15000000000001,294.42,1.65000000000001,-1726,-737,-2202,-720,1473,1424
540462,341.7,-3.67500000000001,293.06,3.44999999999999,-1720,-742,-2217,-703,1465,1433
540464,342.26,-3.44999999999999,294.5,2.09999999999999,-1716,-739,-2202,-716,1469,1420
540466,341.3,-2.625,295.06,2.55000000000001,-1726,-731,-2197,-711,1465,1427
540468,341.7,-3.75,294.26,0,-1722,-742,-2203,-737,1468,1426
540470,341.46,-2.625,294.58,2.09999999999999,-1725,-731,-2202,-716,1474,1432
540472,341.38,-2.40000000000001,294.18,0.974999999999994,-1726,-729,-2205,-727,1471,1425
540474,341.22,-2.625,294.9,3.15000000000001,-1728,-731,-2199,-704,1473,1433
540476,340.98,-2.40000000000001,294.98,1.72499999999999,-1730,-728,-2197,-718,1474,1428
540478,341.46,-2.02500000000001,294.5,1.27500000000001,-1725,-724,-2202,-723,1474,1428
540480,341.22,-2.40000000000001,295.46,3.22499999999999,-1728,-728,-2194,-702,1475,1434
540482,340.74,-1.875,295.38,1.125,-1733,-723,-2193,-724,1478,1431
540484,340.18,-1.42500000000001,294.02,2.47499999999999,-1739,-718,-2208,-711,1479,1428
540486,340.18,-2.02500000000001,295.46,2.02500000000001,-1739,-724,-2194,-714,1476,1436
540488,340.66,-2.25,295.14,1.57499999999999,-1734,-726,-2197,-719,1481,1432
540490,340.74,-2.17500000000001,294.74,1.94999999999999,-1733,-725,-2201,-715,1478,1428
540492,340.42,-2.40000000000001,295.62,0.525000000000006,-1736,-727,-2191,-729,1476,1433
540494,340.18,-1.72499999999999,295.3,0.300000000000011,-1740,-721,-2194,-732,1477,1429
540496,340.5,-1.72499999999999,295.14,1.94999999999999,-1736,-720,-2197,-715,1480,1429
540498,340.74,-2.32499999999999,296.34,0.900000000000006,-1733,-726,-2184,-724,1477,1433
540500,340.42,-2.55000000000001,295.62,0.824999999999989,-1737,-729,-2192,-725,1477,1430
540502,339.94,-1.5,295.62,0.150000000000006,-1742,-719,-2191,-733,1478,1435
540504,340.1,-2.02500000000001,294.74,0.375,-1740,-724,-2200,-731,1474,1435
540506,340.18,-2.02500000000001,295.3,0.824999999999989,-1739,-724,-2195,-726,1475,1435
540508,340.18,-1.80000000000001,294.58,-0.75,-1740,-721,-2201,-742,1477,1432
540510,340.9,-2.25,295.06,-0.599999999999994,-1732,-725,-2196,-741,1478,1428
540512,340.5,-1.65000000000001,294.66,0.974999999999994,-1736,-720,-2202,-724,1476,1430
540514,340.26,-1.94999999999999,295.78,0.449999999999989,-1739,-723,-2190,-730,1479,1439
540516,340.26,-1.57499999999999,294.98,1.875,-1739,-719,-2199,-715,1477,1430
540518,339.94,-2.09999999999999,295.94,1.80000000000001,-1742,-725,-2189,-715,1475,1432
540520,340.26,-2.02500000000001,295.54,0.675000000000011,-1739,-724,-2192,-728,1477,1433
540522,339.94,-1.27500000000001,295.7,-0.0749999999999886,-1743,-716,-2191,-735,1479,1431
540524,338.82,0.300000000000011,293.86,0.525000000000006,-1756,-701,-2210,-730,1476,1434
540526,335.3,1.125,289.06,1.94999999999999,-1792,-695,-2259,-719,1475,1439
540528,329.22,2.625,284.42,5.17500000000001,-1854,-684,-2309,-689,1475,1434
540530,320.58,7.5,272.66,9.75,-1945,-639,-2432,-650,1481,1434
540532,311.54,14.175,259.94,15.225,-2043,-577,-2566,-603,1474,1440
540534,299.22,27,246.1,22.5,-2177,-453,-2713,-537,1470,1439
540536,287.22,30.9,229.3,32.625,-2303,-421,-2894,-443,1472,1436
540538,275.14,32.775,214.18,39.75,-2426,-410,-3054,-380,1470,1447
540540,262.74,41.25,200.98,43.35,-2560,-330,-3193,-351,1479,1450
540542,251.54,40.05,189.06,45.825,-2673,-351,-3317,-334,1480,1444
540544,243.86,41.25,178.42,48.225,-2753,-343,-3429,-316,1476,1452
540546,238.5,44.55,171.94,49.5,-2810,-313,-3497,-307,1475,1450
540548,236.02,47.55,168.34,55.05,-2838,-283,-3539,-251,1470,1450
540550,235.06,49.2,166.66,57.675,-2850,-266,-3559,-225,1469,1453
540552,234.66,53.175,166.18,59.475,-2858,-225,-3566,-206,1460,1458
540554,236.02,55.5,168.18,62.775,-2846,-200,-3549,-170,1457,1463
540556,238.1,58.8,169.54,65.025,-2828,-164,-3536,-146,1465,1459
540558,239.62,61.8,172.02,67.575,-2815,-131,-3514,-117,1460,1463
540560,240.1,62.025,174.66,65.775,-2810,-129,-3484,-134,1468,1458
540562,239.38,62.25,175.38,65.7,-2817,-126,-3477,-134,1465,1461
540564,239.62,61.8,174.66,63.975,-2815,-131,-3483,-153,1456,1465
540566,238.5,60.3,174.82,63.9,-2824,-147,-3481,-154,1465,1461
540568,238.5,59.7,175.06,62.7,-2823,-153,-3477,-165,1462,1461
540570,238.1,59.55,174.26,61.575,-2828,-155,-3484,-178,1468,1459
540572,239.06,59.7,174.18,63.075,-2818,-153,-3486,-162,1468,1459
540574,239.3,57.525,174.26,64.875,-2813,-175,-3487,-143,1456,1453
540576,239.46,59.4,175.78,65.25,-2813,-155,-3472,-137,1458,1454
540578,238.34,63,175.22,65.85,-2828,-118,-3478,-132,1473,1459
540580,239.38,58.875,175.86,67.575,-2813,-160,-3473,-113,1460,1451
540582,237.54,62.325,176.26,66.075,-2835,-126,-3468,-128,1478,1457
540584,237.3,61.8,176.5,67.35,-2837,-131,-3466,-115,1477,1452
540586,238.02,58.05,176.66,66.75,-2827,-170,-3464,-121,1473,1456
540588,237.54,59.4,176.42,66.6,-2832,-156,-3466,-122,1468,1456
540590,237.7,59.775,176.82,66.45,-2831,-152,-3462,-124,1468,1459
540592,237.86,59.325,177.38,66.375,-2829,-156,-3456,-124,1465,1456
540594,236.02,62.925,176.98,66.375,-2850,-120,-3460,-124,1476,1461
540596,236.82,59.25,178.26,66.975,-2839,-158,-3447,-117,1468,1457
540598,236.9,57.225,178.26,67.2,-2836,-178,-3447,-115,1469,1454
540600,236.5,62.025,178.34,65.325,-2845,-129,-3444,-135,1482,1463
540602,237.46,57.75,178.02,66.075,-2831,-173,-3449,-127,1470,1463
540604,236.26,57.975,178.66,65.55,-2843,-172,-3441,-132,1471,1457
540606,235.78,56.175,178.74,65.7,-2847,-191,-3440,-130,1473,1462
540608,235.62,57.75,179.14,65.85,-2850,-175,-3436,-129,1468,1459
540610,235.62,56.7,177.78,63.375,-2849,-186,-3447,-156,1469,1466
540612,235.3,55.35,178.82,66.15,-2850,-200,-3439,-127,1470,1458
540614,235.14,55.95,178.66,65.925,-2853,-194,-3441,-129,1468,1462
540616,234.98,56.55,179.46,65.625,-2855,-189,-3432,-132,1468,1461
540618,234.9,56.325,180.34,65.7,-2855,-191,-3423,-130,1474,1461
540620,235.3,56.4,178.9,66.975,-2851,-191,-3439,-119,1471,1459
540622,234.42,56.1,179.54,64.425,-2860,-194,-3430,-145,1469,1461
540624,234.34,55.875,179.7,66.3,-2860,-197,-3430,-125,1473,1461
540626,233.38,59.25,179.3,65.7,-2873,-163,-3434,-133,1480,1459
540628,233.94,56.55,179.46,65.625,-2864,-191,-3431,-134,1471,1460
540630,233.14,58.125,179.3,64.125,-2874,-175,-3431,-149,1481,1468
540632,233.54,56.025,179.06,65.475,-2868,-197,-3436,-136,1470,1463
540634,233.94,55.5,179.78,65.325,-2863,-202,-3428,-137,1467,1463
540636,233.46,58.575,179.54,65.475,-2871,-171,-3431,-136,1479,1463
540638,234.18,55.275,179.94,64.8,-2861,-205,-3426,-143,1469,1464
540640,234.5,55.8,180.18,64.875,-2858,-200,-3424,-143,1473,1458
540642,232.18,57.525,179.06,64.875,-2883,-183,-3435,-143,1498,1466
540644,232.98,58.575,181.14,65.85,-2876,-172,-3414,-132,1490,1463
540646,232.58,55.125,180.26,64.725,-2877,-209,-3423,-145,1476,1468
540648,232.5,54.525,180.82,63.375,-2877,-215,-3416,-158,1478,1468
540650,233.14,54.75,180.74,63.9,-2871,-212,-3417,-153,1479,1465
540652,232.98,54.75,180.98,65.4,-2872,-213,-3415,-137,1476,1462
540654,232.58,55.425,180.5,65.55,-2877,-206,-3421,-136,1477,1462
540656,231.38,58.275,180.26,66.525,-2892,-177,-3424,-126,1487,1459
540658,232.58,55.05,180.74,66.525,-2877,-210,-3420,-126,1477,1459
540660,231.86,58.275,180.58,66.075,-2887,-177,-3421,-131,1479,1464
540662,232.34,55.05,179.38,66.15,-2880,-210,-3433,-131,1473,1464
540664,232.18,55.275,181.62,66.525,-2882,-209,-3411,-125,1475,1462
540666,231.94,55.275,181.06,64.65,-2885,-208,-3415,-146,1475,1462
540668,231.86,54.6,181.38,66.525,-2885,-216,-3414,-126,1476,1465
540670,231.54,54.9,181.06,65.55,-2889,-212,-3416,-136,1475,1462
540672,230.82,55.35,181.86,64.35,-2897,-209,-3407,-148,1475,1459
540674,230.74,54.375,180.98,65.55,-2897,-218,-3418,-136,1476,1463
540676,230.74,54.6,180.34,66.375,-2897,-216,-3425,-128,1476,1461
540678,230.58,55.2,180.42,65.325,-2900,-210,-3424,-139,1475,1464
540680,231.06,54.6,180.1,66.975,-2894,-216,-3429,-122,1475,1462
540682,231.06,55.425,180.9,66.3,-2895,-208,-3420,-128,1473,1461
540684,230.5,55.2,180.26,66.3,-2901,-210,-3427,-129,1473,1463
540686,230.66,54.675,180.18,66.375,-2899,-216,-3428,-129,1478,1465
540688,231.78,55.275,181.46,67.725,-2888,-209,-3416,-113,1473,1460
540690,230.66,54,180.58,65.7,-2899,-222,-3424,-135,1477,1465
540692,231.14,54.525,180.5,66,-2895,-217,-3425,-131,1476,1468
540694,231.22,54.975,181.22,66.225,-2895,-212,-3418,-129,1477,1463
540696,230.26,54.45,181.78,66.825,-2905,-218,-3413,-122,1477,1463
540698,230.9,54.3,181.06,65.625,-2898,-219,-3420,-135,1476,1470
540700,230.98,54.45,182.1,65.775,-2898,-218,-3410,-133,1478,1462
540702,230.74,54.6,182.58,65.775,-2900,-216,-3405,-133,1478,1463
540704,229.94,55.8,180.9,64.05,-2910,-204,-3420,-152,1492,1468
540706,230.02,52.725,180.58,64.2,-2906,-236,-3424,-150,1483,1470
540708,230.9,52.575,181.22,64.275,-2897,-237,-3418,-149,1484,1467
540710,230.58,55.875,180.42,65.025,-2903,-202,-3427,-142,1491,1461
540712,231.06,53.025,181.06,62.925,-2897,-232,-3419,-163,1482,1466
540714,230.42,50.775,181.3,63.075,-2901,-256,-3416,-161,1486,1467
540716,230.26,52.35,181.22,63.225,-2905,-240,-3418,-160,1485,1463
540718,230.34,51.45,182.26,63.075,-2903,-248,-3407,-160,1484,1465
540720,231.38,52.05,180.5,64.275,-2893,-242,-3426,-149,1484,1469
540722,230.26,52.5,181.7,64.275,-2905,-238,-3414,-148,1485,1465
540724,230.26,52.65,181.62,64.05,-2906,-236,-3415,-151,1483,1467
540726,230.26,52.8,181.22,64.5,-2905,-235,-3419,-146,1484,1466
540728,229.94,54.075,180.5,64.95,-2910,-221,-3428,-142,1483,1466
540730,229.3,52.2,181.86,64.35,-2916,-242,-3413,-147,1484,1466
540732,230.02,53.475,182.18,65.325,-2909,-227,-3411,-136,1482,1468
540734,229.54,53.4,181.78,64.875,-2915,-229,-3415,-141,1485,1469
540736,228.5,57.6,182.26,65.475,-2929,-184,-3411,-134,1495,1464
540738,229.38,53.475,181.7,67.05,-2917,-227,-3418,-118,1485,1466
540740,227.46,58.8,181.3,66.375,-2942,-172,-3422,-125,1504,1468
540742,227.3,57.975,182.66,66.975,-2942,-181,-3409,-118,1505,1466
540744,227.14,59.325,182.18,66.525,-2946,-166,-3414,-122,1510,1470
540746,227.22,57.075,181.54,67.275,-2943,-190,-3421,-115,1505,1465
540748,227.86,59.4,182.66,68.325,-2939,-164,-3412,-102,1501,1465
540750,227.78,60.225,182.98,67.425,-2941,-156,-3408,-111,1502,1465
540752,228.98,56.25,182.42,67.95,-2925,-195,-3414,-105,1488,1465
540754,227.86,59.775,182.66,66.975,-2940,-159,-3411,-115,1505,1462
540756,227.54,60.825,183.06,67.425,-2945,-148,-3408,-109,1503,1468
540758,227.7,60.225,182.98,66.6,-2943,-154,-3408,-118,1501,1470
540760,227.54,60.3,183.62,67.875,-2945,-153,-3403,-104,1502,1465
540762,228.9,56.4,183.14,67.275,-2928,-192,-3408,-110,1489,1471
540764,228.1,61.425,182.66,67.2,-2941,-140,-3413,-110,1498,1463
540766,229.06,57.825,182.66,67.05,-2928,-176,-3413,-112,1484,1467
540768,228.18,61.425,183.22,67.05,-2941,-138,-3407,-111,1498,1464
540770,227.94,61.35,184.02,67.05,-2943,-139,-3399,-110,1498,1469
540772,228.9,56.025,184.02,68.775,-2929,-194,-3401,-91,1488,1461
540774,228.42,60.75,183.54,66.225,-2938,-145,-3404,-118,1504,1466
540776,228.02,60.225,184.34,66.6,-2942,-150,-3396,-114,1506,1465
540778,227.46,60.075,183.62,66.45,-2947,-152,-3404,-116,1505,1464
540780,227.22,59.4,183.46,67.35,-2950,-159,-3407,-105,1505,1467
540782,227.78,60.75,183.86,66.375,-2945,-145,-3401,-116,1503,1467
540784,228.74,59.25,183.46,67.575,-2935,-159,-3407,-103,1505,1462
540786,227.78,58.125,184.58,65.85,-2943,-172,-3394,-121,1501,1465
540788,226.9,57,183.14,67.575,-2951,-184,-3411,-103,1507,1465
540790,228.5,53.775,183.78,66.3,-2932,-216,-3403,-117,1491,1468
540792,227.3,57.9,182.42,64.95,-2949,-175,-3416,-132,1504,1469
540794,228.42,53.1,183.54,64.725,-2932,-224,-3404,-133,1491,1470
540796,228.74,51.975,184.42,64.2,-2928,-236,-3395,-138,1491,1464
540798,229.3,48.825,183.7,61.275,-2920,-268,-3399,-169,1492,1473
540800,228.98,45.9,182.34,57.525,-2921,-299,-3410,-210,1495,1469
540802,230.18,41.55,181.78,53.775,-2905,-344,-3412,-250,1493,1469
540804,230.66,39.075,182.5,47.7,-2898,-371,-3399,-314,1491,1462
540806,229.78,39.675,181.54,44.4,-2907,-364,-3406,-349,1499,1459
540808,230.66,39.75,181.94,43.425,-2898,-364,-3401,-360,1494,1452
540810,230.34,39.075,180.82,42,-2901,-371,-3411,-375,1496,1445
540812,230.82,37.425,179.46,41.7,-2895,-389,-3425,-380,1491,1442
540814,229.78,38.175,179.86,41.175,-2907,-382,-3420,-385,1496,1442
540816,230.34,38.625,179.06,41.55,-2902,-378,-3429,-383,1491,1443
540818,230.42,38.85,178.58,41.625,-2901,-375,-3434,-383,1495,1441
540820,231.7,35.1,179.38,41.7,-2884,-414,-3427,-383,1489,1443
540822,230.66,38.55,179.38,42,-2898,-379,-3427,-379,1497,1448
540824,230.74,39.9,180.34,41.175,-2899,-366,-3417,-388,1503,1445
540826,231.3,39.75,180.5,42.3,-2893,-368,-3416,-376,1502,1447
540828,230.9,36.9,180.02,43.95,-2895,-399,-3423,-360,1492,1451
540830,230.18,40.2,181.06,42.225,-2906,-364,-3411,-378,1504,1450
540832,230.9,39.45,181.62,42.675,-2898,-373,-3406,-374,1504,1451
540834,230.58,40.05,181.46,43.05,-2902,-366,-3407,-370,1504,1451
540836,231.06,36.6,180.98,42.3,-2894,-403,-3412,-379,1492,1445
540838,230.1,39.225,182.34,44.475,-2906,-377,-3400,-355,1507,1452
540840,230.58,36.45,182.42,44.325,-2899,-405,-3399,-358,1495,1458
540842,230.34,39.3,182.34,42.9,-2904,-377,-3399,-373,1505,1448
540844,230.34,39.45,182.18,44.025,-2904,-375,-3401,-362,1503,1450
540846,230.58,39.075,182.42,42.6,-2901,-379,-3398,-376,1504,1449
540848,231.14,36.375,183.14,42.525,-2894,-407,-3390,-377,1495,1453
540850,230.58,36.3,183.06,42.675,-2899,-409,-3392,-375,1493,1445
540852,231.22,36.675,183.06,42.375,-2893,-405,-3392,-379,1497,1450
540854,230.5,36.825,182.9,42,-2901,-404,-3393,-383,1497,1447
540856,231.7,36.6,183.78,42.225,-2889,-406,-3385,-381,1496,1444
540858,230.58,39.975,183.22,41.7,-2903,-371,-3390,-386,1509,1447
540860,230.66,37.05,182.74,42,-2900,-402,-3395,-383,1498,1451
540862,230.66,37.125,183.3,41.4,-2900,-400,-3389,-390,1496,1446
540864,230.82,36.675,182.66,40.65,-2898,-405,-3395,-398,1494,1442
540866,230.5,37.8,183.54,41.775,-2903,-394,-3387,-385,1497,1446
540868,230.18,37.275,183.14,41.625,-2906,-399,-3391,-387,1497,1443
540870,230.9,37.125,183.06,42.15,-2898,-400,-3393,-381,1496,1444
540872,229.94,37.125,183.62,43.5,-2908,-401,-3388,-367,1495,1449
540874,229.7,36.75,183.78,42.075,-2909,-405,-3385,-382,1496,1447
540876,229.7,38.175,182.82,42.15,-2911,-390,-3395,-381,1493,1446
540878,230.26,37.575,184.1,42.9,-2905,-396,-3383,-373,1495,1444
540880,229.62,37.65,184.1,41.475,-2912,-395,-3381,-387,1496,1440
540882,229.14,39.45,184.58,42.675,-2918,-377,-3378,-375,1508,1448
540884,229.7,37.8,184.58,42.75,-2911,-393,-3378,-373,1502,1445
540886,229.3,36.825,184.1,40.95,-2914,-404,-3381,-393,1502,1444
540888,230.26,37.5,184.82,41.55,-2905,-396,-3375,-386,1499,1446
540890,229.86,37.425,184.74,41.775,-2909,-396,-3376,-383,1499,1445
540892,229.78,37.425,185.38,41.4,-2911,-396,-3369,-386,1500,1441
540894,230.18,37.125,184.34,41.775,-2906,-399,-3380,-383,1498,1443
540896,229.7,37.125,184.74,41.625,-2911,-399,-3375,-384,1496,1439
540898,230.58,36.75,184.34,42,-2902,-402,-3380,-380,1493,1439
540900,230.1,37.65,183.78,42.375,-2907,-392,-3386,-375,1498,1443
540902,229.54,37.8,186.02,43.05,-2913,-391,-3364,-367,1496,1441
540904,229.62,37.95,185.22,43.05,-2913,-388,-3372,-367,1497,1445
540906,229.94,37.425,184.9,42.525,-2909,-394,-3374,-372,1497,1448
540908,229.94,37.125,185.54,41.85,-2909,-396,-3367,-378,1495,1440
540910,229.7,36.975,184.98,42.825,-2911,-398,-3374,-368,1493,1443
540912,230.34,37.2,185.94,42.675,-2904,-394,-3364,-368,1494,1444
540914,229.46,36.525,185.7,41.175,-2913,-402,-3365,-384,1494,1444
540916,230.42,37.125,184.58,42.975,-2904,-394,-3378,-365,1496,1444
540918,230.18,37.875,186.42,44.25,-2907,-386,-3360,-351,1498,1440
540920,229.94,37.2,185.86,43.875,-2909,-392,-3366,-354,1494,1444
540922,230.1,37.35,186.02,42.6,-2907,-391,-3363,-367,1498,1444
540924,230.5,36.675,185.7,44.175,-2902,-396,-3368,-350,1496,1441
540926,230.18,36.9,185.78,44.925,-2906,-394,-3368,-342,1496,1441
540928,230.1,38.025,185.78,43.8,-2908,-381,-3367,-353,1494,1442
540930,229.3,37.125,186.02,43.5,-2915,-392,-3364,-355,1496,1443
540932,229.38,37.425,185.86,42.75,-2914,-387,-3364,-362,1497,1441
540934,230.02,36.825,184.9,42.225,-2907,-393,-3374,-368,1494,1438
540936,229.94,36.825,186.1,43.05,-2907,-392,-3362,-358,1495,1440
540938,230.1,37.125,185.54,42.6,-2906,-388,-3367,-363,1500,1438
540940,229.54,37.275,185.14,41.25,-2912,-386,-3370,-376,1495,1435
540942,230.26,36.675,186.82,42.45,-2904,-392,-3354,-363,1498,1440
540944,230.9,36.3,186.18,41.925,-2897,-394,-3360,-367,1497,1436
540946,230.1,36.3,186.98,41.775,-2905,-395,-3351,-368,1498,1438
540948,231.54,36.375,186.9,42.15,-2890,-393,-3352,-363,1495,1431
540950,231.06,41.1,186.9,43.425,-2899,-343,-3353,-350,1509,1437
540952,235.22,41.55,187.22,49.125,-2857,-335,-3354,-290,1499,1438
540954,239.78,46.5,190.18,56.1,-2814,-281,-3331,-215,1499,1445
540956,243.62,56.25,193.62,64.875,-2784,-175,-3304,-120,1513,1448
540958,249.3,61.125,196.18,73.725,-2730,-121,-3285,-26,1511,1448
540960,250.42,67.725,198.82,79.125,-2724,-51,-3263,32,1514,1452
540962,252.26,70.65,197.22,82.05,-2707,-19,-3283,62,1510,1456
540964,253.14,72.15,198.18,83.25,-2699,-2,-3273,75,1510,1457
540966,253.54,71.85,197.86,81,-2695,-5,-3274,52,1511,1461
540968,253.46,71.175,197.46,81.3,-2694,-12,-3278,55,1514,1463
540970,252.74,71.025,198.02,78.225,-2701,-14,-3270,23,1514,1462
540972,252.5,69.825,198.18,78.525,-2703,-26,-3268,27,1518,1456
540974,251.62,68.325,198.1,77.475,-2710,-43,-3267,16,1518,1456
540976,250.66,68.25,198.9,79.425,-2719,-44,-3260,37,1514,1453
540978,250.82,67.35,199.54,77.7,-2716,-53,-3252,19,1521,1451
540980,250.1,67.95,199.14,78.45,-2724,-48,-3256,27,1517,1455
540982,250.42,69.225,199.7,79.725,-2722,-34,-3252,41,1511,1451
540984,250.66,69.9,200.02,78.75,-2719,-27,-3247,31,1513,1446
540986,250.5,71.325,199.94,79.275,-2722,-12,-3248,36,1512,1450
540988,250.26,71.7,199.62,80.925,-2725,-8,-3252,53,1509,1447
540990,251.54,71.1,199.54,80.475,-2712,-14,-3253,48,1509,1450
540992,250.42,71.25,199.78,82.2,-2722,-13,-3252,66,1508,1448
540994,250.26,72.075,200.66,82.35,-2725,-4,-3243,68,1514,1449
540996,250.58,72.75,199.3,81.525,-2722,2,-3256,59,1510,1446
540998,250.26,72.525,200.34,81.675,-2725,0,-3245,61,1504,1454
541000,250.18,71.7,200.82,81.15,-2725,-8,-3239,56,1507,1449
541002,250.58,73.125,200.5,80.925,-2722,6,-3243,53,1502,1450
541004,250.26,73.05,200.58,82.425,-2725,5,-3243,70,1502,1450
541006,249.86,71.325,200.34,81,-2728,-12,-3244,54,1503,1448
541008,250.74,72.075,200.82,80.775,-2719,-3,-3239,53,1504,1448
541010,250.1,71.775,201.46,80.55,-2726,-7,-3232,51,1506,1447
541012,250.74,71.775,200.74,80.25,-2719,-6,-3239,47,1502,1448
541014,250.58,72.075,201.06,80.175,-2721,-4,-3236,46,1502,1450
541016,250.74,72.675,200.98,81.525,-2720,2,-3238,61,1500,1447
541018,250.58,71.4,201.3,79.95,-2720,-10,-3233,45,1504,1449
541020,251.06,72.3,201.54,80.325,-2716,0,-3231,49,1499,1446
541022,250.74,71.625,201.46,79.95,-2719,-8,-3231,45,1505,1447
541024,250.58,70.725,200.74,79.35,-2720,-16,-3239,38,1505,1449
541026,249.3,71.475,201.46,79.5,-2733,-10,-3231,40,1504,1447
541028,249.38,71.175,200.66,79.275,-2733,-12,-3240,38,1500,1445
541030,248.9,71.25,201.46,78.9,-2738,-12,-3231,35,1501,1446
541032,250.5,70.575,201.22,78.45,-2721,-18,-3233,30,1498,1448
541034,249.94,71.025,200.82,78.225,-2727,-13,-3237,27,1503,1451
541036,250.18,70.275,200.58,79.275,-2724,-22,-3240,38,1501,1451
541038,249.54,70.425,201.14,78.375,-2730,-20,-3234,29,1505,1447
541040,249.46,68.775,200.9,78.3,-2730,-37,-3236,28,1508,1446
541042,249.06,69.975,200.58,77.25,-2735,-25,-3238,17,1509,1448
541044,249.38,69.825,200.98,78.6,-2732,-27,-3236,31,1503,1443
541046,249.22,69.225,200.58,78.225,-2732,-33,-3240,27,1503,1444
541048,248.74,69.75,201.06,77.625,-2738,-28,-3234,21,1503,1449
541050,249.46,67.5,200.26,77.4,-2729,-51,-3242,18,1506,1447
541052,249.22,67.95,199.94,76.8,-2732,-47,-3245,11,1505,1445
541054,249.22,67.125,200.82,77.175,-2731,-55,-3237,16,1503,1443
541056,248.9,66.6,200.66,78.225,-2734,-62,-3239,26,1506,1445
541058,248.58,67.725,200.74,76.2,-2738,-50,-3236,5,1495,1441
541060,248.1,66.375,200.1,75.3,-2742,-64,-3242,-4,1492,1448
541062,250.5,63.6,199.54,75.225,-2715,-92,-3248,-5,1482,1442
541064,248.74,65.925,200.18,76.2,-2736,-70,-3243,4,1491,1445
541066,249.22,64.425,199.86,74.925,-2730,-85,-3245,-8,1493,1448
541068,250.18,60.225,200.66,74.175,-2716,-129,-3236,-17,1482,1447
541070,248.42,63,200.34,74.925,-2737,-101,-3241,-9,1497,1445
541072,249.38,61.65,199.62,75.675,-2726,-115,-3249,-2,1482,1445
541074,249.86,61.575,200.26,74.025,-2721,-115,-3241,-19,1477,1444
541076,249.54,62.1,199.62,72.225,-2725,-111,-3245,-39,1478,1451
541078,248.42,62.7,198.5,73.425,-2737,-105,-3259,-27,1492,1448
541080,249.78,60.825,200.66,73.725,-2722,-125,-3237,-24,1475,1446
541082,249.94,59.4,199.54,74.775,-2719,-139,-3249,-13,1484,1445
541084,249.86,58.875,198.58,74.025,-2720,-146,-3259,-22,1482,1448
541086,250.74,57.675,199.46,72,-2709,-157,-3248,-43,1483,1457
541088,249.3,60,199.06,72.525,-2727,-134,-3253,-38,1485,1447
541090,250.5,56.325,198.9,71.475,-2711,-172,-3254,-50,1478,1449
541092,249.14,59.7,199.38,70.275,-2728,-139,-3248,-63,1492,1451
541094,250.02,58.725,198.34,69.75,-2719,-148,-3258,-69,1480,1450
541096,249.86,57.375,199.22,70.8,-2719,-163,-3250,-58,1480,1450
541098,249.86,57.6,200.02,68.1,-2719,-161,-3240,-86,1479,1455
541100,250.18,57.15,199.06,69.6,-2716,-165,-3250,-71,1475,1449
541102,250.18,57.675,199.46,71.1,-2717,-161,-3248,-55,1479,1447
541104,250.34,56.25,198.98,70.275,-2714,-175,-3253,-65,1474,1448
541106,250.02,57.525,199.46,70.575,-2718,-162,-3248,-61,1472,1450
541108,250.66,56.7,200.1,71.85,-2711,-171,-3243,-48,1470,1447
541110,250.34,55.95,199.06,70.8,-2714,-179,-3252,-59,1475,1453
541112,250.34,56.925,198.98,71.1,-2714,-169,-3254,-57,1470,1444
541114,250.34,56.4,199.86,70.425,-2714,-174,-3244,-63,1476,1448
541116,250.26,58.2,199.86,71.175,-2716,-156,-3245,-55,1469,1448
541118,250.26,56.25,199.38,70.95,-2715,-176,-3249,-57,1476,1446
541120,250.18,56.4,199.3,69.6,-2716,-175,-3249,-72,1472,1443
541122,250.1,54.9,199.38,69.675,-2716,-190,-3248,-71,1467,1444
541124,250.18,54.675,200.34,70.35,-2714,-192,-3239,-63,1466,1442
541126,250.58,53.625,200.42,67.875,-2709,-203,-3236,-89,1466,1446
541128,250.82,54.15,199.7,69.225,-2708,-197,-3244,-75,1465,1446
541130,250.34,53.7,200.98,71.7,-2712,-203,-3234,-48,1462,1442
541132,250.58,53.025,200.42,69.3,-2709,-209,-3237,-73,1466,1449
541134,250.58,54.975,200.02,67.875,-2711,-188,-3240,-89,1463,1450
541136,250.66,53.475,200.5,69.15,-2708,-204,-3236,-75,1463,1444
541138,250.58,54.075,200.98,67.575,-2710,-197,-3229,-91,1463,1441
541140,250.74,53.55,199.62,67.125,-2707,-203,-3243,-96,1466,1447
541142,250.82,53.55,200.26,66.9,-2706,-202,-3236,-98,1468,1445
541144,250.34,52.725,200.18,67.95,-2710,-211,-3237,-87,1464,1442
541146,250.34,52.95,201.38,65.85,-2710,-208,-3223,-108,1469,1443
541148,250.5,53.025,200.82,64.65,-2709,-208,-3227,-120,1464,1442
541150,250.74,52.8,200.82,65.475,-2706,-210,-3228,-112,1466,1444
541152,250.74,53.55,200.66,64.725,-2706,-202,-3229,-120,1466,1440
541154,251.22,52.35,200.66,64.875,-2700,-214,-3230,-118,1468,1443
541156,250.42,53.175,200.5,64.725,-2709,-206,-3231,-120,1467,1443
541158,250.74,52.8,200.9,63.525,-2706,-210,-3225,-132,1468,1442
541160,250.66,53.85,200.66,62.775,-2707,-199,-3227,-140,1467,1441
541162,250.82,52.5,201.46,61.725,-2704,-213,-3217,-151,1464,1440
541164,250.74,52.95,200.74,61.575,-2705,-208,-3224,-153,1468,1440
541166,250.42,52.275,200.9,62.025,-2707,-216,-3223,-148,1464,1439
541168,250.66,53.25,200.34,63,-2706,-205,-3230,-138,1469,1438
541170,250.66,53.625,200.66,63.3,-2706,-201,-3226,-135,1466,1438
541172,250.42,53.325,201.06,61.65,-2708,-205,-3221,-152,1465,1443
541174,250.58,52.875,200.34,62.625,-2706,-210,-3229,-143,1461,1443
541176,250.18,54.075,200.26,61.35,-2711,-198,-3228,-156,1463,1447
541178,250.26,52.575,201.62,61.35,-2708,-213,-3214,-155,1465,1440
541180,250.5,51.9,202.02,62.25,-2706,-220,-3211,-146,1466,1442
541182,250.02,52.425,200.98,61.875,-2710,-215,-3221,-151,1471,1441
541184,250.18,53.1,200.82,63,-2710,-208,-3223,-139,1470,1441
541186,249.3,53.1,200.34,62.475,-2718,-209,-3228,-145,1471,1443
541188,249.62,54.15,200.66,62.775,-2716,-198,-3225,-142,1475,1445
541190,249.86,54.6,200.34,62.475,-2714,-194,-3228,-145,1470,1444
541192,249.62,55.125,199.46,62.625,-2716,-189,-3236,-145,1472,1442
541194,249.38,54.525,201.7,62.175,-2719,-195,-3213,-148,1469,1445
541196,249.94,55.8,201.06,63.375,-2714,-182,-3221,-136,1474,1444
541198,249.7,54.975,200.74,63.975,-2715,-191,-3225,-130,1470,1447
541200,249.46,56.4,200.66,63.225,-2719,-177,-3224,-139,1477,1445
541202,250.02,56.475,200.18,62.625,-2714,-175,-3229,-145,1470,1441
541204,249.78,57.075,201.3,62.1,-2716,-170,-3217,-150,1476,1446
541206,249.22,57.6,200.58,63.45,-2723,-164,-3226,-137,1471,1448
541208,249.54,57.525,201.3,63.45,-2719,-165,-3218,-136,1477,1444
541210,249.7,58.575,201.06,63.975,-2718,-154,-3222,-131,1470,1444
541212,248.98,57.75,200.1,64.2,-2725,-164,-3231,-130,1473,1443
541214,248.98,57,200.82,63.375,-2724,-172,-3223,-138,1477,1447
541216,248.66,56.625,201.3,62.475,-2727,-176,-3217,-147,1474,1451
541218,248.5,58.575,200.82,63.45,-2730,-155,-3223,-138,1473,1452
541220,249.54,56.25,200.5,62.475,-2718,-179,-3226,-148,1473,1448
541222,249.62,57.525,201.46,63.6,-2718,-166,-3217,-136,1472,1455
541224,248.5,58.875,201.22,63.825,-2731,-153,-3219,-134,1475,1447
541226,248.74,57.225,200.18,61.425,-2727,-169,-3228,-160,1480,1449
541228,249.38,57.075,200.42,63.975,-2720,-171,-3228,-133,1476,1446
541230,248.5,57.525,200.02,64.95,-2730,-167,-3233,-122,1478,1444
541232,249.22,57.375,200.5,64.5,-2723,-168,-3227,-127,1477,1448
541234,249.46,58.275,201.14,63.9,-2721,-158,-3221,-133,1477,1447
541236,247.78,57.6,201.22,63.9,-2737,-166,-3220,-133,1478,1452
541238,249.14,56.4,200.9,64.875,-2722,-178,-3224,-123,1489,1453
541240,248.58,57.6,201.38,63.75,-2728,-166,-3217,-134,1483,1450
541242,248.98,56.85,201.3,64.875,-2724,-174,-3219,-123,1482,1455
541244,249.3,56.7,201.46,63.9,-2720,-175,-3216,-133,1481,1455
541246,249.06,57,201.14,66.75,-2723,-172,-3222,-103,1485,1458
541248,249.7,58.275,201.54,65.475,-2717,-159,-3216,-116,1483,1451
541250,248.34,58.2,200.66,65.85,-2731,-160,-3226,-113,1487,1458
541252,249.22,59.7,200.02,65.775,-2723,-144,-3232,-114,1488,1457
541254,249.7,56.25,200.74,65.625,-2715,-180,-3225,-115,1478,1457
541256,250.42,57.375,200.74,65.85,-2708,-167,-3224,-113,1477,1458
541258,248.42,59.7,201.54,65.625,-2731,-144,-3216,-115,1491,1454
541260,249.38,60,201.22,66.45,-2721,-140,-3219,-106,1485,1459
541262,250.34,58.95,200.74,68.175,-2710,-150,-3227,-89,1479,1460
541264,248.74,61.725,201.14,69.9,-2729,-122,-3223,-70,1493,1453
541266,248.82,61.05,200.9,68.775,-2727,-129,-3225,-82,1488,1456
541268,249.94,59.775,200.66,68.55,-2714,-142,-3226,-84,1473,1463
541270,248.98,62.325,201.14,67.65,-2726,-116,-3221,-93,1487,1456
541272,249.7,61.5,202.58,66.3,-2717,-124,-3204,-106,1489,1464
541274,254.5,60.375,207.22,72.525,-2667,-132,-3162,-37,1475,1465
541276,262.1,60.525,216.02,76.725,-2590,-125,-3076,12,1473,1463
541278,271.7,66.75,228.58,79.35,-2497,-54,-2949,48,1493,1459
541280,287.54,68.85,243.54,84.675,-2337,-20,-2800,114,1490,1466
541282,306.9,70.425,264.58,88.275,-2141,8,-2588,166,1499,1472
541284,328.58,70.425,284.42,89.4,-1920,23,-2386,191,1496,1477
541286,351.22,72.825,306.34,93.075,-1693,64,-2165,245,1495,1487
541288,372.26,76.875,327.46,93.975,-1482,121,-1950,269,1493,1487
541290,394.26,80.85,348.9,98.325,-1263,177,-1736,329,1500,1496
541292,415.46,83.625,369.46,98.85,-1051,220,-1527,348,1496,1496
541294,435.06,85.125,390.42,102.9,-855,249,-1318,405,1504,1498
541296,454.66,87.45,410.18,106.95,-659,286,-1121,460,1505,1498
541298,473.94,88.425,426.1,112.5,-466,309,-964,528,1507,1490
541300,489.22,89.4,438.18,117.225,-313,329,-845,586,1506,1489
541302,502.34,89.625,446.58,121.95,-182,341,-763,642,1505,1496
541304,512.1,91.5,453.14,123.45,-85,367,-698,662,1500,1494
541306,517.22,90.375,455.78,126.525,-33,358,-674,696,1499,1503
541308,519.06,92.175,456.82,126.075,-15,379,-662,692,1501,1507
541310,519.46,89.4,456.02,125.4,-9,350,-670,684,1504,1505
541312,516.74,88.05,455.94,123.45,-36,334,-669,663,1504,1502
541314,516.1,87.225,455.86,122.175,-42,325,-669,650,1508,1504
541316,516.26,85.2,456.02,120.675,-39,305,-666,635,1505,1500
541318,516.02,84.225,457.06,120.525,-40,294,-655,633,1502,1501
541320,516.98,85.2,458.34,120.975,-31,305,-643,640,1503,1505
541322,518.58,84.525,460.34,121.275,-15,299,-623,644,1499,1507
541324,519.14,84.825,460.34,120.975,-10,302,-623,641,1501,1497
541326,519.14,86.325,459.78,119.925,-10,318,-628,629,1496,1503
541328,519.46,85.875,459.86,122.775,-7,313,-629,659,1497,1510
541330,519.22,85.425,459.22,121.35,-9,309,-634,644,1498,1507
541332,517.54,86.7,459.14,121.275,-27,321,-635,643,1491,1506
541334,517.62,84.675,460.18,121.425,-24,300,-625,645,1494,1511
541336,517.62,85.2,459.46,120.075,-25,305,-632,630,1495,1505
541338,517.3,84.975,459.46,120.15,-29,303,-631,631,1505,1505
541340,517.7,84.825,460.1,120.6,-25,301,-626,636,1502,1508
541342,518.18,84.3,460.34,121.2,-19,296,-623,642,1505,1507
541344,517.14,84.6,459.46,119.925,-30,298,-631,628,1503,1507
541346,518.42,84.525,459.62,121.05,-17,298,-631,640,1502,1509
541348,517.62,82.2,460.02,120.225,-24,273,-626,632,1497,1508
541350,516.5,84.075,460.58,121.125,-36,292,-621,642,1505,1513
541352,516.5,84.375,460.82,120.3,-37,295,-618,633,1506,1509
541354,516.1,83.325,460.66,120.225,-40,284,-620,632,1504,1510
541356,516.02,84.225,460.98,121.425,-41,293,-618,645,1505,1512
541358,516.34,84.825,461.06,120.075,-38,300,-615,631,1504,1507
541360,515.94,84.45,460.58,120.45,-42,295,-621,634,1504,1515
541362,516.5,84.675,461.7,120.3,-37,298,-609,633,1503,1511
541364,516.58,84.675,461.38,120.525,-36,298,-613,635,1505,1511
541366,515.94,84.075,461.38,120.525,-42,291,-613,635,1501,1515
541368,515.38,83.625,461.7,121.2,-48,286,-611,642,1504,1516
541370,516.34,84.75,461.62,120.675,-39,298,-611,637,1506,1512
541372,516.34,84.6,461.7,118.575,-39,297,-609,615,1506,1510
541374,515.78,84.075,461.94,122.1,-44,291,-609,652,1505,1517
541376,516.74,84.675,462.42,120.075,-35,298,-603,631,1507,1510
541378,516.34,84.225,461.94,119.475,-39,292,-607,624,1507,1514
541380,516.42,83.625,462.42,120.3,-38,287,-603,633,1507,1516
541382,515.94,84.075,462.02,119.325,-43,291,-606,623,1513,1515
541384,516.1,84.225,462.58,119.025,-41,293,-601,620,1511,1510
541386,516.26,83.325,461.94,121.275,-39,283,-609,643,1512,1519
541388,515.46,84,462.74,120.225,-48,290,-600,633,1511,1514
541390,515.3,83.925,463.38,119.1,-50,289,-593,621,1515,1514
541392,515.62,83.475,463.46,120.975,-46,285,-594,640,1510,1513
541394,516.26,83.175,462.9,119.475,-40,282,-598,625,1513,1515
541396,515.38,84.6,462.82,119.55,-50,296,-599,625,1516,1515
541398,515.7,84.075,463.3,120.15,-46,291,-595,632,1514,1519
541400,515.06,84.3,463.06,119.625,-53,293,-597,627,1516,1512
541402,515.62,85.8,463.38,120.075,-48,308,-594,631,1519,1518
541404,515.14,86.325,463.06,121.05,-54,314,-599,641,1515,1519
541406,514.82,85.275,463.46,120.825,-56,303,-594,639,1518,1521
541408,513.78,87.45,463.14,123.225,-68,324,-599,664,1517,1519
541410,514.74,87.075,463.3,122.775,-58,321,-597,660,1522,1519
541412,514.82,88.65,463.46,121.125,-58,338,-594,643,1521,1522
541414,514.1,88.725,463.22,122.325,-65,338,-598,655,1522,1523
541416,514.18,88.275,463.22,123.75,-65,334,-599,670,1520,1523
541418,513.7,89.325,463.46,122.85,-70,344,-596,661,1520,1518
541420,514.34,89.1,463.78,122.55,-63,343,-592,658,1521,1521
541422,514.74,89.7,464.18,122.625,-60,349,-589,659,1522,1522
541424,514.42,89.175,464.66,121.725,-63,344,-583,650,1520,1515
541426,514.26,89.1,464.26,122.025,-64,343,-587,654,1522,1521
541428,515.38,89.4,464.02,123.075,-53,347,-590,665,1525,1527
541430,514.42,89.475,464.66,122.475,-63,348,-584,659,1521,1521
541432,514.42,88.35,464.34,122.175,-62,336,-587,656,1525,1522
541434,515.06,89.4,464.58,122.325,-56,347,-584,658,1524,1524
541436,514.5,88.875,465.06,121.875,-61,341,-579,653,1523,1521
541438,514.74,87.675,464.74,121.125,-58,330,-581,645,1528,1524
541440,515.3,88.2,465.46,121.2,-53,335,-574,646,1527,1523
541442,514.82,87.525,465.38,120.75,-57,328,-574,642,1528,1525
541444,514.02,87.225,466.34,120.15,-64,324,-565,636,1529,1522
541446,514.74,87.6,465.06,120.3,-58,328,-577,637,1526,1518
541448,515.06,87.45,466.66,118.575,-54,327,-560,620,1530,1523
541450,514.58,85.35,465.94,118.875,-58,305,-567,622,1525,1529
541452,515.3,86.175,467.22,119.475,-51,313,-555,629,1524,1519
541454,514.82,86.025,466.34,117.825,-56,311,-563,611,1528,1528
541456,514.34,85.575,465.54,119.4,-60,306,-572,626,1527,1525
541458,514.26,85.725,465.38,117.9,-61,307,-572,611,1525,1523
541460,514.34,85.275,465.3,117.375,-60,302,-572,604,1526,1521
541462,513.62,84.675,465.38,117.6,-67,295,-572,607,1522,1530
541464,513.14,84.9,466.26,115.5,-72,296,-562,585,1524,1518
541466,513.14,83.7,465.62,117.9,-71,284,-569,609,1525,1523
541468,512.98,84.45,466.34,117.6,-73,291,-562,605,1524,1523
541470,513.06,83.55,465.7,116.025,-71,281,-568,588,1525,1522
541472,512.82,84.225,465.94,116.775,-74,287,-565,595,1528,1525
541474,512.82,84.45,466.18,116.7,-74,289,-563,594,1526,1529
541476,512.26,85.425,465.14,117.825,-80,297,-574,604,1526,1521
541478,512.18,85.95,465.54,115.95,-81,303,-569,584,1529,1536
541480,512.18,85.35,465.46,116.85,-81,295,-570,592,1528,1530
541482,511.94,84.75,465.38,116.4,-83,288,-571,588,1528,1524
541484,512.5,85.425,465.86,117.525,-78,294,-567,598,1527,1527
541486,511.46,86.4,465.46,116.925,-89,304,-570,592,1532,1530
541488,510.58,85.875,464.82,118.05,-98,296,-577,601,1532,1527
541490,512.42,86.85,464.74,118.2,-80,308,-578,603,1527,1523
541492,511.86,86.175,464.9,116.475,-85,299,-575,584,1531,1528
541494,511.94,86.925,465.78,117.6,-84,306,-568,596,1530,1526
541496,512.42,87.525,465.06,119.025,-80,312,-576,609,1531,1534
541498,512.1,86.775,464.98,117.975,-83,304,-576,598,1534,1531
541500,510.82,86.475,465.3,118.275,-95,299,-572,600,1532,1522
541502,511.46,86.625,465.62,117.6,-89,300,-569,593,1533,1531
541504,512.26,86.55,465.7,117.525,-81,299,-568,591,1533,1531
541506,510.9,87.225,466.5,116.475,-95,305,-559,581,1533,1531
541508,511.3,87,466.82,116.475,-91,303,-556,580,1534,1532
541510,511.78,87.15,466.9,116.25,-85,304,-555,578,1534,1528
541512,512.42,87.15,465.38,118.05,-79,304,-571,595,1533,1532
541514,511.3,86.7,465.86,115.95,-90,299,-565,573,1535,1530
541516,511.54,87.375,466.58,115.125,-88,305,-557,564,1531,1526
541518,511.78,87.3,466.58,117.3,-85,305,-558,588,1534,1535
541520,511.62,86.775,466.1,116.325,-86,298,-562,576,1536,1530
541522,510.98,87,466.82,113.775,-93,300,-553,550,1536,1525
541524,512.26,87.45,466.02,116.175,-80,305,-563,574,1534,1530
541526,511.78,87,466.9,115.95,-84,300,-553,572,1535,1531
541528,511.54,87.075,466.34,114.3,-86,301,-557,554,1532,1534
541530,510.58,87.45,467.06,114.15,-96,304,-550,553,1534,1536
541532,511.62,87.45,466.66,115.95,-85,305,-555,572,1533,1534
541534,511.3,86.55,467.14,116.475,-88,295,-551,578,1536,1527
541536,511.46,87.6,466.9,117,-86,306,-553,583,1534,1534
541538,511.94,87.15,467.54,116.55,-82,302,-546,579,1534,1532
541540,510.98,87.45,467.22,117.3,-91,304,-549,586,1537,1529
541542,512.18,87.375,466.58,115.8,-79,305,-554,571,1539,1536
541544,511.06,87.675,467.06,117.825,-90,307,-550,592,1534,1534
541546,511.22,87.3,466.34,117.075,-88,304,-558,584,1536,1535
541548,510.98,88.2,465.46,117.075,-90,313,-565,584,1539,1533
541550,510.98,87.6,466.1,116.925,-89,307,-559,583,1539,1531
541552,510.5,88.05,466.74,117.45,-94,311,-552,589,1535,1530
541554,511.22,88.575,467.38,117.525,-87,318,-546,590,1538,1537
541556,512.42,88.875,467.38,118.05,-75,322,-546,597,1535,1534
541558,512.66,88.725,466.9,118.725,-72,321,-551,603,1534,1531
541560,511.22,88.95,466.74,117,-86,323,-551,586,1534,1531
541562,512.58,89.775,465.86,119.4,-73,332,-562,610,1532,1535
541564,511.86,89.325,465.94,120.75,-80,328,-561,625,1531,1533
541566,511.94,89.1,467.54,121.275,-79,325,-545,632,1536,1529
541568,511.86,90.075,467.06,119.25,-79,337,-548,611,1537,1538
541570,512.74,89.925,466.9,119.775,-70,336,-550,617,1536,1534
541572,512.02,90.225,467.86,119.775,-78,340,-540,618,1537,1526
541574,512.9,91.05,467.54,121.2,-69,348,-544,633,1532,1535
541576,512.74,90.3,467.62,121.05,-70,342,-542,633,1535,1530
541578,512.1,91.125,466.5,121.125,-76,350,-554,633,1538,1531
541580,512.5,90.675,466.98,120.75,-72,347,-548,630,1537,1534
541582,512.82,90.45,467.22,119.925,-68,345,-545,622,1536,1535
541584,513.94,91.725,468.1,120.675,-58,360,-536,631,1549,1531
541586,513.38,91.05,467.94,119.1,-63,352,-537,615,1542,1534
541588,513.7,90.825,467.06,119.175,-59,351,-545,616,1541,1540
541590,513.94,92.85,468.5,119.775,-58,372,-532,623,1548,1527
541592,514.42,93.525,468.02,119.7,-54,380,-535,623,1550,1528
541594,513.54,91.8,468.26,118.8,-61,362,-532,614,1544,1533
541596,513.78,93,468.66,121.5,-59,375,-530,643,1547,1532
541598,514.58,92.475,468.1,119.925,-50,370,-535,626,1544,1531
541600,514.26,92.55,468.18,119.1,-53,372,-532,618,1541,1528
541602,514.1,93.075,468.58,121.35,-55,377,-531,642,1545,1530
541604,514.58,91.35,468.66,118.05,-49,360,-526,608,1545,1529
541606,515.14,92.85,468.82,119.55,-44,376,-526,624,1549,1526
541608,515.3,93,467.78,118.95,-42,378,-535,617,1548,1534
541610,514.18,92.55,468.66,118.425,-53,372,-527,613,1544,1524
541612,514.58,92.85,468.82,120.15,-49,376,-525,631,1545,1527
541614,515.54,93.075,468.5,117.825,-40,379,-527,607,1544,1533
541616,515.3,92.025,467.46,117.3,-41,369,-537,601,1544,1528
541618,515.7,91.65,467.62,118.8,-36,366,-536,617,1544,1526
541620,515.06,92.325,468.26,118.95,-43,372,-530,619,1548,1527
541622,514.58,90.45,468.26,117.3,-46,353,-528,602,1543,1527
541624,515.22,91.275,468.26,115.875,-40,362,-527,587,1545,1528
541626,515.38,92.325,467.46,116.4,-40,372,-536,592,1546,1532
541628,515.06,90.375,468.1,117.15,-41,352,-529,600,1541,1529
541630,516.1,90.975,468.1,115.95,-31,359,-529,588,1545,1530
541632,514.74,91.575,468.34,115.65,-45,365,-526,585,1547,1528
541634,515.14,91.35,467.86,116.55,-40,362,-531,594,1549,1530
541636,515.46,92.1,467.7,117.6,-37,371,-533,605,1545,1530
541638,515.38,90.825,468.02,115.65,-37,358,-528,585,1549,1534
541640,515.06,89.85,468.02,115.2,-39,347,-528,581,1542,1529
541642,514.66,92.25,468.02,116.85,-45,372,-528,598,1549,1522
541644,515.14,92.325,467.22,117,-40,373,-537,599,1550,1526
541646,514.1,90.3,467.86,116.55,-49,352,-530,595,1544,1525
541648,515.38,92.25,466.9,117.15,-37,373,-540,601,1549,1530
541650,514.82,93,467.14,117.525,-44,380,-538,605,1552,1525
541652,514.34,91.725,467.3,118.05,-48,367,-537,610,1547,1530
541654,515.14,92.55,467.54,117.975,-40,376,-534,610,1548,1527
541656,514.74,92.7,466.9,118.5,-44,378,-540,615,1549,1523
541658,514.82,92.025,466.5,116.7,-42,371,-543,596,1547,1533
541660,514.9,91.35,466.1,117.75,-41,365,-548,607,1542,1520
541662,516.18,92.4,467.22,118.125,-29,376,-537,612,1545,1526
541664,515.22,92.4,466.82,118.275,-38,376,-541,614,1538,1524
541666,514.9,91.875,467.7,116.85,-41,370,-531,600,1538,1527
541668,515.3,92.85,467.38,119.325,-38,381,-536,626,1542,1520
541670,516.02,92.775,467.62,117.975,-31,381,-533,612,1542,1524
541672,515.78,91.8,467.14,116.85,-32,371,-536,600,1539,1521
541674,516.02,91.8,467.94,116.625,-30,372,-528,599,1544,1518
541676,515.46,87.375,466.74,111.75,-33,326,-537,548,1536,1528
541678,516.5,84.15,467.38,103.125,-20,293,-525,458,1532,1519
541680,516.74,77.4,466.66,98.85,-13,224,-528,414,1540,1523
541682,516.9,72.375,467.46,92.625,-9,172,-517,349,1542,1511
541684,518.26,67.575,467.46,83.1,7,124,-510,251,1543,1502
541686,519.3,63.15,466.34,77.175,20,79,-517,189,1539,1491
541688,522.74,55.95,466.1,72.6,59,8,-516,142,1528,1485
541690,523.78,52.8,463.78,69.225,71,-23,-537,106,1525,1480
541692,523.94,51.6,462.98,65.85,74,-35,-543,71,1525,1476
541694,525.62,49.8,461.7,62.1,92,-52,-553,31,1516,1469
541696,525.86,48.975,461.94,62.25,94,-59,-551,34,1517,1466
541698,526.34,49.2,461.3,62.775,99,-57,-558,39,1521,1466
541700,528.26,50.1,461.38,64.425,117,-46,-558,56,1511,1467
541702,527.54,50.55,461.14,65.925,110,-42,-562,72,1517,1469
541704,527.7,51,460.34,68.175,111,-36,-571,95,1514,1474
541706,526.34,52.65,461.46,68.7,97,-20,-560,101,1524,1470
541708,526.1,54.9,462.42,67.65,92,2,-550,91,1525,1475
541710,525.7,52.65,461.78,67.425,90,-20,-556,89,1526,1474
541712,524.74,53.55,461.7,66.825,80,-11,-557,83,1526,1478
541714,523.78,54.075,462.66,66.15,70,-6,-547,76,1528,1480
541716,523.14,53.475,463.06,66.3,64,-12,-544,79,1526,1474
541718,522.26,54.225,462.74,67.65,55,-5,-547,93,1524,1473
541720,521.78,54.9,463.38,68.175,50,1,-541,99,1523,1473
541722,521.46,54.075,463.22,68.025,47,-7,-543,98,1521,1470
541724,521.06,54.6,463.62,66.825,42,-1,-538,86,1518,1470
541726,520.66,56.1,463.7,66.975,38,13,-538,88,1521,1473
541728,521.62,54.525,463.86,67.275,48,-1,-536,91,1518,1473
541730,521.14,53.85,463.86,65.925,44,-8,-536,77,1522,1468
541732,521.54,54.15,463.3,66.675,47,-5,-542,85,1523,1471
541734,521.14,54.45,462.82,66.15,43,-1,-546,79,1521,1468
541736,520.98,54.375,463.46,67.8,41,-2,-541,97,1522,1468
541738,520.58,54.525,463.22,65.85,37,0,-542,77,1524,1468
541740,521.3,53.775,463.46,66.3,44,-8,-540,82,1523,1468
541742,520.66,54.6,463.38,66.225,37,0,-541,81,1528,1468
541744,521.06,55.725,464.58,63.975,40,11,-528,59,1522,1468
541746,520.82,54.75,464.42,65.475,38,1,-531,74,1522,1471
541748,521.06,53.85,463.46,66.075,40,-7,-542,80,1524,1461
541750,520.66,54.15,464.66,64.575,37,-4,-528,66,1525,1468
541752,521.3,54,464.02,65.55,43,-5,-536,75,1521,1466
541754,520.74,54.15,464.34,63.825,37,-4,-531,57,1527,1467
541756,520.98,54.15,464.9,64.275,39,-4,-526,62,1527,1467
541758,520.82,52.95,464.26,63.15,38,-16,-532,50,1522,1472
541760,521.14,53.55,464.9,62.625,40,-10,-526,45,1521,1465
541762,521.54,53.325,465.22,61.65,45,-12,-522,35,1520,1464
541764,521.3,53.85,464.5,61.65,42,-7,-529,35,1524,1470
541766,520.82,52.5,464.9,60.75,38,-21,-524,25,1523,1469
541768,520.74,52.65,464.74,60.375,37,-20,-526,21,1522,1466
541770,521.62,53.175,465.94,60.825,45,-14,-514,27,1521,1465
541772,521.14,52.5,466.26,59.85,40,-22,-511,16,1522,1463
541774,521.3,51.375,466.34,58.875,42,-33,-510,6,1520,1468
541776,520.9,53.7,465.3,60,37,-10,-521,17,1526,1466
541778,520.74,51.375,466.1,59.7,36,-34,-513,14,1521,1467
541780,521.14,52.875,465.14,58.575,39,-19,-522,1,1523,1467
541782,520.98,52.05,466.5,58.65,38,-28,-509,3,1523,1463
541784,520.74,53.1,467.06,59.475,36,-18,-504,11,1523,1470
541786,520.82,54,466.82,59.775,35,-9,-506,14,1526,1465
541788,520.5,52.95,466.98,59.55,33,-20,-504,11,1523,1461
541790,520.74,54.15,467.06,59.025,35,-8,-503,5,1524,1462
541792,520.66,53.1,466.74,61.125,35,-19,-508,27,1522,1465
541794,520.66,53.775,467.38,59.175,34,-12,-500,7,1525,1463
541796,520.82,53.625,467.38,60.3,36,-15,-500,18,1523,1459
541798,520.82,55.2,466.5,59.625,35,1,-509,10,1523,1465
541800,520.82,54.675,468.9,61.875,36,-4,-486,34,1523,1463
541802,520.26,54.9,467.54,63.675,30,-2,-501,52,1521,1463
541804,515.46,56.325,464.26,62.025,-18,8,-533,33,1523,1469
541806,509.3,59.7,459.94,60.825,-81,38,-575,17,1517,1464
541808,498.34,61.8,448.9,63.3,-191,52,-687,35,1522,1463
541810,484.34,64.5,435.86,63.825,-333,71,-818,31,1525,1467
541812,465.38,68.925,416.02,61.2,-525,104,-1015,-9,1525,1471
541814,446.02,70.95,395.54,60.525,-721,111,-1221,-29,1533,1477
541816,425.94,74.175,375.38,60.375,-925,131,-1424,-44,1528,1473
541818,406.02,73.125,354.58,59.25,-1124,107,-1633,-70,1522,1471
541820,386.74,72,333.54,60.6,-1318,82,-1847,-71,1516,1470
541822,369.14,69.975,313.86,58.425,-1495,50,-2045,-107,1508,1474
541824,349.14,69.3,296.26,59.325,-1696,30,-2224,-109,1500,1471
541826,331.54,70.05,275.54,59.475,-1874,25,-2435,-122,1485,1464
541828,314.74,70.725,256.82,59.475,-2046,21,-2626,-134,1469,1459
541830,300.1,71.175,238.58,59.025,-2195,16,-2812,-151,1460,1459
541832,287.22,71.325,224.58,58.725,-2326,9,-2954,-164,1452,1454
541834,279.3,70.95,212.58,61.425,-2406,0,-3080,-145,1444,1455
541836,272.42,71.175,202.42,63.75,-2476,-2,-3186,-127,1446,1455
541838,269.46,70.875,197.3,64.2,-2506,-7,-3239,-126,1440,1455
541840,267.14,72.375,196.34,66.15,-2531,7,-3250,-106,1442,1453
541842,267.94,72,196.66,65.925,-2522,3,-3246,-108,1443,1453
541844,267.7,76.275,198.1,65.175,-2529,48,-3230,-114,1455,1457
541846,269.38,71.475,198.74,64.05,-2507,0,-3223,-126,1451,1460
541848,269.22,70.65,200.74,63.45,-2508,-8,-3202,-131,1456,1462
541850,269.38,70.125,201.62,61.5,-2506,-14,-3191,-151,1459,1461
541852,268.18,68.85,200.74,62.025,-2517,-27,-3200,-145,1460,1455
541854,267.54,72.45,200.1,61.875,-2526,8,-3207,-147,1468,1458
541856,268.1,69.15,198.74,61.725,-2517,-24,-3220,-149,1458,1459
541858,268.58,70.425,199.3,62.175,-2513,-11,-3215,-144,1456,1455
541860,267.3,69.975,198.5,61.875,-2526,-16,-3223,-148,1460,1454
541862,269.14,69.975,197.78,63.675,-2507,-15,-3232,-129,1457,1452
541864,269.14,70.65,199.54,63.45,-2507,-7,-3212,-130,1456,1452
541866,266.9,71.025,199.46,64.35,-2531,-5,-3214,-121,1457,1453
541868,267.3,71.475,199.14,64.2,-2526,0,-3217,-122,1458,1455
541870,267.94,69.825,199.94,63.225,-2518,-16,-3208,-131,1457,1457
541872,266.26,70.35,200.58,62.025,-2535,-12,-3199,-144,1457,1458
541874,266.66,70.65,200.5,61.8,-2531,-9,-3200,-146,1456,1458
541876,265.94,71.55,200.98,62.775,-2539,0,-3196,-135,1455,1454
541878,264.98,70.8,200.58,61.95,-2548,-8,-3199,-144,1455,1460
541880,265.38,70.425,200.5,63.15,-2543,-11,-3201,-132,1460,1456
541882,265.14,70.95,200.5,61.425,-2546,-6,-3199,-150,1459,1457
541884,263.94,71.25,201.14,61.95,-2559,-3,-3193,-143,1462,1464
541886,264.5,70.8,200.02,62.4,-2552,-8,-3205,-140,1459,1460
541888,264.1,70.125,200.34,61.8,-2556,-15,-3200,-146,1462,1459
541890,264.18,70.95,200.66,61.8,-2556,-6,-3197,-145,1462,1457
541892,264.26,70.2,201.06,61.725,-2554,-13,-3193,-145,1465,1455
541894,263.62,70.425,202.26,61.275,-2560,-12,-3180,-149,1465,1461
541896,262.42,69.825,201.3,60.9,-2572,-19,-3189,-154,1461,1457
541898,262.5,69.75,201.14,61.65,-2571,-20,-3191,-146,1463,1459
541900,262.5,70.5,201.78,61.575,-2571,-12,-3184,-146,1467,1463
541902,262.18,70.65,200.74,61.2,-2574,-10,-3194,-151,1469,1463
541904,262.82,71.175,201.86,60.9,-2568,-4,-3182,-154,1469,1459
541906,262.42,70.95,201.3,60.975,-2571,-7,-3187,-153,1472,1461
541908,262.26,71.175,201.62,61.2,-2572,-4,-3184,-150,1467,1462
541910,261.38,71.325,201.14,61.2,-2582,-3,-3189,-151,1470,1459
541912,261.3,70.95,202.02,61.95,-2582,-8,-3180,-142,1468,1460
541914,261.78,70.575,202.1,61.8,-2577,-11,-3179,-144,1469,1456
541916,261.22,71.4,202.18,61.65,-2583,-3,-3178,-145,1470,1466
541918,261.7,71.4,201.54,59.85,-2578,-2,-3184,-165,1473,1465
541920,261.78,71.625,201.38,61.275,-2577,0,-3186,-150,1475,1460
541922,260.58,71.775,201.54,60.9,-2590,0,-3184,-153,1475,1462
541924,260.98,71.475,201.22,60.15,-2585,-2,-3186,-161,1474,1465
541926,260.82,71.775,202.02,59.775,-2587,1,-3178,-165,1474,1463
541928,260.34,71.625,201.94,60.6,-2592,0,-3179,-156,1475,1462
541930,260.02,72.6,201.38,60.075,-2596,8,-3184,-161,1481,1464
541932,259.46,73.2,201.14,60,-2602,15,-3186,-162,1480,1468
541934,259.94,72.6,201.38,60.675,-2596,9,-3184,-155,1479,1467
541936,259.78,72.675,201.94,60.825,-2598,10,-3179,-153,1480,1462
541938,259.78,73.05,202.26,60.525,-2598,14,-3175,-155,1478,1468
541940,260.18,74.025,201.22,60.375,-2595,24,-3185,-157,1484,1464
541942,260.18,72.975,201.62,60.825,-2594,13,-3182,-153,1477,1463
541944,259.62,73.425,201.38,61.65,-2600,18,-3185,-144,1485,1465
541946,259.78,72.675,201.38,60.975,-2598,10,-3184,-151,1480,1465
541948,259.78,73.875,201.3,61.65,-2599,23,-3186,-144,1481,1463
541950,259.78,73.575,201.7,59.325,-2598,20,-3180,-168,1483,1468
541952,259.62,73.5,202.18,60.525,-2600,19,-3176,-154,1481,1465
541954,260.1,73.8,201.78,59.775,-2595,23,-3180,-162,1481,1463
541956,260.18,73.275,202.58,59.175,-2594,18,-3171,-168,1484,1467
541958,259.22,72.075,202.18,58.5,-2603,5,-3174,-175,1484,1466
541960,259.78,73.5,202.1,59.1,-2599,21,-3176,-169,1482,1469
541962,259.22,73.05,201.38,58.8,-2604,15,-3182,-172,1488,1466
541964,259.46,73.05,201.7,59.1,-2601,17,-3179,-168,1486,1466
541966,258.26,72.675,202.18,59.175,-2614,11,-3175,-167,1489,1463
541968,259.46,72.675,201.62,58.95,-2601,13,-3180,-169,1489,1469
541970,259.06,72.225,201.78,58.8,-2604,8,-3178,-171,1485,1468
541972,259.46,71.925,202.26,58.425,-2600,6,-3173,-174,1486,1468
541974,259.22,72.225,201.86,58.725,-2603,8,-3178,-171,1486,1470
541976,258.58,71.775,202.18,58.425,-2609,3,-3174,-174,1488,1465
541978,258.34,71.925,202.34,58.425,-2612,5,-3173,-174,1487,1467
541980,259.06,71.25,201.78,57.975,-2604,-1,-3178,-179,1488,1469
541982,258.98,72.15,202.02,58.35,-2606,8,-3176,-174,1489,1472
541984,258.66,71.325,202.1,57.75,-2609,0,-3174,-181,1488,1475
541986,258.74,71.7,201.54,56.55,-2608,3,-3179,-193,1492,1471
541988,258.82,69.975,202.26,56.85,-2605,-14,-3172,-190,1485,1469
541990,259.62,68.625,201.46,56.4,-2596,-27,-3180,-195,1485,1467
541992,259.7,69.9,201.46,57.225,-2596,-14,-3180,-187,1488,1469
541994,259.06,69.075,202.82,57.225,-2602,-23,-3167,-185,1486,1471
541996,259.22,70.125,202.02,57.9,-2602,-13,-3175,-179,1490,1468
541998,258.66,69.075,201.7,56.475,-2607,-24,-3178,-194,1493,1472
542000,258.9,69.675,202.26,56.325,-2605,-17,-3172,-196,1487,1470
542002,258.18,68.925,201.78,57.225,-2611,-26,-3177,-187,1486,1468
542004,258.26,68.175,201.94,57.3,-2610,-34,-3176,-186,1482,1469
542006,258.58,67.5,201.94,55.95,-2606,-40,-3175,-200,1486,1473
542008,258.5,67.275,201.94,56.175,-2607,-43,-3175,-198,1486,1472
542010,258.1,66.975,201.22,56.025,-2610,-46,-3182,-200,1487,1471
542012,258.58,66.975,201.86,55.2,-2606,-47,-3176,-208,1488,1471
542014,258.02,67.725,201.54,54.525,-2613,-39,-3178,-216,1487,1476
542016,257.46,68.4,201.14,56.7,-2619,-33,-3185,-194,1485,1471
542018,257.78,66.975,201.78,55.875,-2614,-48,-3177,-202,1486,1470
542020,257.78,68.1,201.22,54.675,-2616,-36,-3182,-215,1488,1476
542022,257.06,67.5,200.66,55.65,-2623,-43,-3189,-205,1490,1469
542024,257.86,68.475,201.62,57.225,-2616,-32,-3180,-188,1490,1473
542026,258.1,67.125,201.38,55.95,-2612,-46,-3182,-202,1495,1472
542028,257.62,69.15,201.3,54.375,-2619,-25,-3181,-218,1495,1470
542030,257.54,67.575,201.22,54,-2618,-42,-3182,-222,1499,1473
542032,257.46,68.25,201.78,55.425,-2620,-35,-3177,-208,1497,1473
542034,258.26,69.75,201.3,55.8,-2613,-19,-3183,-204,1489,1471
542036,257.7,69.6,200.58,55.65,-2619,-20,-3190,-206,1493,1471
542038,258.02,69.825,201.38,55.875,-2616,-18,-3182,-202,1496,1470
542040,257.86,70.575,201.7,56.1,-2618,-11,-3179,-200,1495,1473
542042,257.7,69.375,203.22,56.4,-2619,-23,-3165,-196,1495,1474
542044,257.94,70.275,201.62,55.875,-2618,-13,-3180,-202,1497,1475
542046,257.94,70.65,201.94,55.275,-2618,-9,-3177,-208,1496,1477
542048,258.02,70.8,202.5,55.725,-2618,-7,-3172,-203,1498,1476
542050,257.54,69.6,202.74,55.275,-2621,-20,-3169,-208,1495,1477
542052,257.78,68.7,201.86,54.825,-2619,-29,-3178,-212,1498,1477
542054,256.82,70.05,202.02,54.75,-2630,-16,-3176,-213,1497,1477
542056,257.06,68.775,201.46,53.775,-2626,-28,-3181,-223,1499,1474
542058,257.46,68.7,202.1,55.2,-2622,-28,-3176,-208,1498,1474
542060,256.66,68.25,202.26,55.35,-2630,-33,-3175,-206,1500,1473
542062,257.14,68.25,201.78,55.275,-2625,-33,-3180,-206,1502,1475
542064,256.66,68.325,202.18,54.225,-2631,-32,-3176,-217,1504,1478
542066,256.26,69.375,202.5,55.5,-2636,-22,-3173,-203,1498,1475
542068,256.26,68.325,202.1,56.475,-2636,-32,-3179,-193,1505,1476
542070,256.58,67.65,201.62,55.425,-2631,-39,-3183,-205,1509,1479
542072,255.62,69.3,202.18,56.025,-2644,-22,-3178,-197,1504,1474
542074,256.74,70.2,202.42,55.725,-2633,-11,-3175,-200,1501,1475
542076,256.02,69.3,202.1,56.25,-2640,-21,-3180,-195,1507,1474
542078,255.7,68.925,202.5,56.7,-2643,-25,-3176,-189,1503,1475
542080,256.66,69.15,201.46,56.775,-2634,-22,-3187,-189,1500,1475
542082,256.1,69.45,201.7,56.1,-2640,-19,-3185,-195,1508,1481
542084,256.34,70.275,202.02,57.3,-2639,-10,-3183,-182,1502,1480
542086,256.5,70.425,201.7,57.525,-2637,-8,-3186,-180,1503,1476
542088,256.34,69.6,202.34,55.95,-2639,-17,-3179,-196,1506,1476
542090,255.94,69.675,201.78,57.15,-2643,-16,-3185,-184,1503,1478
542092,256.34,69.3,201.86,54.975,-2638,-19,-3183,-207,1505,1482
542094,256.34,69.525,202.18,55.65,-2639,-17,-3180,-199,1502,1479
542096,256.42,69.75,202.18,55.65,-2639,-14,-3181,-199,1503,1479
542098,256.66,69.225,202.66,55.5,-2636,-19,-3176,-200,1506,1474
542100,256.74,69.375,203.3,56.325,-2635,-18,-3170,-190,1505,1475
542102,256.18,69.675,201.78,55.2,-2641,-14,-3185,-204,1504,1470
542104,257.06,69.075,203.54,55.05,-2633,-20,-3167,-203,1507,1473
542106,256.58,69.075,204.26,55.8,-2637,-21,-3160,-195,1499,1477
542108,256.74,68.325,203.62,56.55,-2635,-28,-3168,-188,1504,1472
542110,256.98,67.125,203.22,57.15,-2632,-40,-3172,-181,1512,1474
542112,256.1,69.675,202.58,56.25,-2643,-15,-3179,-191,1504,1473
542114,255.62,72.3,202.18,58.2,-2650,11,-3185,-172,1507,1473
542116,254.02,73.95,198.42,61.575,-2669,27,-3226,-139,1506,1476
542118,252.5,76.575,194.98,63.9,-2686,54,-3264,-117,1505,1473
542120,250.5,79.125,191.7,69.3,-2709,79,-3303,-63,1500,1475
542122,249.62,81.825,190.26,70.725,-2721,107,-3319,-49,1510,1484
542124,249.22,82.5,190.42,74.25,-2725,114,-3321,-13,1510,1482
542126,249.54,82.125,190.82,76.5,-2721,110,-3319,10,1511,1483
542128,250.58,82.8,191.86,75.15,-2712,117,-3307,-2,1513,1485
542130,250.74,82.35,193.22,73.2,-2710,112,-3291,-22,1514,1492
542132,251.14,80.1,193.38,73.2,-2704,88,-3290,-22,1511,1487
542134,251.22,80.025,194.5,70.875,-2703,88,-3276,-46,1509,1496
542136,251.62,78.45,194.02,70.95,-2698,70,-3282,-46,1508,1485
542138,250.98,78.225,193.62,68.325,-2704,68,-3283,-74,1505,1487
542140,250.98,78.825,194.02,68.1,-2705,73,-3279,-77,1507,1488
542142,250.82,78.975,192.9,68.85,-2707,74,-3292,-70,1504,1487
542144,250.82,78.975,193.06,68.1,-2707,73,-3289,-79,1505,1486
542146,250.18,78.3,192.66,69.3,-2713,66,-3294,-67,1507,1480
542148,249.62,78.9,193.22,71.25,-2719,70,-3290,-48,1510,1484
542150,249.38,78.9,192.74,70.8,-2721,70,-3295,-53,1509,1485
542152,249.38,79.275,193.3,70.95,-2722,73,-3290,-51,1506,1483
542154,248.66,81.3,193.46,71.25,-2731,94,-3288,-49,1517,1484
542156,248.74,78.675,193.06,71.775,-2728,64,-3293,-44,1506,1486
542158,249.38,78.975,192.58,70.425,-2722,69,-3296,-59,1511,1482
542160,248.66,78.75,193.06,68.925,-2729,64,-3291,-76,1508,1483
542162,247.78,78,193.22,69.225,-2737,55,-3289,-72,1510,1487
542164,248.34,78.15,192.02,70.125,-2732,56,-3302,-66,1503,1483
542166,247.38,78,193.38,71.1,-2742,54,-3288,-54,1507,1485
542168,248.58,77.7,192.82,70.95,-2729,50,-3295,-58,1506,1485
542170,248.34,77.775,192.58,70.05,-2731,51,-3296,-67,1509,1481
542172,247.3,77.25,193.06,69.075,-2742,43,-3290,-79,1506,1478
542174,247.62,77.925,192.02,69.6,-2739,51,-3301,-74,1508,1477
542176,248.18,77.85,192.66,69.675,-2733,48,-3295,-74,1507,1477
542178,247.86,78.525,193.86,72.45,-2737,55,-3285,-44,1505,1478
542180,248.34,78.3,193.38,71.175,-2732,52,-3289,-59,1504,1482
542182,248.34,78.675,192.5,70.125,-2733,56,-3297,-71,1509,1474
542184,247.86,79.05,193.7,70.2,-2738,58,-3285,-70,1507,1481
542186,247.94,79.2,192.98,70.05,-2737,60,-3292,-72,1511,1476
542188,247.62,78,194.02,70.875,-2739,47,-3282,-64,1508,1477
542190,247.86,79.575,193.78,69.6,-2738,63,-3284,-77,1512,1485
542192,248.34,79.65,194.74,70.575,-2734,64,-3275,-67,1513,1481
542194,247.7,79.575,194.42,70.125,-2740,62,-3278,-72,1512,1474
542196,248.1,79.95,194.1,71.775,-2737,66,-3283,-56,1512,1478
542198,247.14,78.9,194.02,70.2,-2746,55,-3282,-72,1517,1478
542200,248.1,79.725,194.26,70.125,-2736,63,-3280,-73,1514,1476
542202,247.78,79.725,194.18,71.175,-2740,63,-3282,-62,1515,1479
542204,248.66,79.5,193.78,71.925,-2730,61,-3286,-55,1513,1476
542206,247.86,80.475,194.74,71.325,-2740,71,-3276,-61,1514,1478
542208,247.46,79.275,194.74,72.15,-2742,58,-3277,-52,1514,1478
542210,248.42,80.625,194.58,71.55,-2734,72,-3278,-58,1514,1479
542212,247.94,79.875,194.58,71.7,-2738,65,-3278,-57,1512,1475
542214,248.26,80.7,194.26,71.4,-2736,73,-3281,-60,1519,1481
542216,247.86,81.075,194.5,72.525,-2740,77,-3279,-48,1517,1476
542218,248.26,80.475,194.82,72.975,-2735,71,-3276,-43,1515,1479
542220,247.94,80.1,194.18,72,-2738,67,-3282,-53,1518,1478
542222,248.02,80.925,195.62,70.95,-2738,76,-3266,-63,1518,1478
542224,248.5,80.55,195.06,72.3,-2733,73,-3273,-49,1515,1480
542226,247.94,80.625,194.9,71.4,-2739,73,-3273,-59,1520,1486
542228,247.54,81.15,195.38,71.25,-2743,79,-3268,-59,1524,1481
542230,246.98,81.375,194.98,70.8,-2748,82,-3271,-64,1518,1487
542232,247.38,81.225,195.22,72.225,-2743,81,-3270,-48,1518,1484
542234,248.1,81,195.46,71.55,-2736,79,-3267,-55,1519,1481
542236,248.5,80.625,194.74,72.375,-2731,76,-3274,-47,1516,1483
542238,247.7,80.1,194.18,71.7,-2739,70,-3280,-54,1520,1480
542240,247.78,80.175,195.22,72.525,-2737,71,-3270,-44,1518,1482
542242,247.06,79.575,195.62,71.1,-2744,65,-3264,-58,1519,1483
542244,248.58,79.65,196.02,71.025,-2728,67,-3259,-58,1517,1483
542246,248.02,80.925,195.54,70.875,-2735,80,-3264,-60,1521,1486
542248,247.62,80.4,195.78,71.025,-2739,75,-3261,-58,1519,1481
542250,248.42,79.8,194.9,70.65,-2729,69,-3271,-62,1518,1482
542252,247.7,80.175,195.62,71.775,-2737,74,-3263,-49,1521,1485
542254,247.3,80.025,195.22,71.325,-2741,72,-3267,-54,1520,1481
542256,247.38,80.025,194.98,71.7,-2740,72,-3270,-49,1520,1481
542258,247.46,79.725,195.94,70.725,-2739,70,-3259,-59,1521,1482
542260,247.78,80.025,195.62,70.425,-2736,74,-3262,-61,1521,1485
542262,246.9,79.425,194.9,72.075,-2744,67,-3270,-45,1516,1482
542264,247.62,79.35,195.38,71.175,-2737,68,-3265,-53,1519,1483
542266,246.82,79.125,195.62,70.95,-2744,64,-3262,-56,1522,1482
542268,247.3,79.5,194.82,72.675,-2740,70,-3272,-37,1518,1483
542270,247.38,79.8,195.54,71.025,-2739,73,-3262,-54,1520,1475
542272,248.02,79.125,196.26,70.2,-2731,66,-3254,-62,1518,1483
542274,247.7,79.725,195.38,72.15,-2735,73,-3265,-42,1522,1477
542276,247.22,79.05,194.98,71.4,-2739,65,-3268,-49,1522,1477
542278,247.3,78.525,195.86,70.875,-2739,60,-3259,-54,1522,1476
542280,247.14,79.875,194.82,71.625,-2741,75,-3270,-46,1518,1477
542282,246.82,78.675,195.38,70.275,-2743,62,-3263,-60,1518,1481
542284,246.98,78.9,195.78,71.85,-2742,65,-3260,-43,1522,1476
542286,247.22,78.975,196.34,68.7,-2739,66,-3252,-76,1521,1484
542288,246.5,77.625,195.62,71.475,-2746,52,-3261,-47,1519,1482
542290,247.38,76.725,196.26,69.225,-2736,43,-3252,-70,1518,1478
542292,246.9,77.25,195.86,68.85,-2741,48,-3256,-74,1521,1479
542294,247.14,78.15,195.94,70.5,-2739,58,-3257,-57,1516,1478
542296,248.1,77.025,196.02,69.45,-2728,47,-3255,-67,1519,1476
542298,246.82,76.575,195.06,69.375,-2741,41,-3265,-69,1519,1479
542300,246.34,76.65,195.46,69.075,-2746,42,-3260,-72,1519,1482
542302,246.42,76.95,195.06,68.625,-2746,45,-3264,-76,1513,1479
542304,246.74,76.275,194.5,69.3,-2741,38,-3271,-69,1520,1479
542306,246.9,75.9,195.22,69.225,-2740,35,-3263,-69,1521,1479
542308,246.42,75.75,195.7,69.9,-2745,33,-3259,-62,1517,1482
542310,245.46,76.5,195.46,70.575,-2755,40,-3262,-55,1521,1478
542312,247.3,76.95,195.3,71.7,-2737,47,-3265,-43,1518,1475
542314,245.7,76.2,195.38,71.4,-2753,38,-3264,-46,1515,1477
542316,245.86,76.575,194.66,71.775,-2751,42,-3272,-43,1516,1479
542318,246.42,76.65,195.14,71.925,-2746,43,-3267,-41,1521,1471
542320,246.26,76.725,195.86,70.8,-2747,44,-3258,-52,1519,1481
542322,245.86,76.2,194.82,70.05,-2751,38,-3269,-60,1522,1486
542324,245.3,77.25,195.3,70.95,-2758,49,-3264,-51,1524,1483
542326,246.1,75.75,195.38,70.65,-2749,34,-3263,-53,1519,1489
542328,245.54,75.6,194.9,70.35,-2755,32,-3269,-57,1519,1489
542330,244.58,73.425,195.86,66.225,-2762,8,-3255,-99,1522,1481
542332,244.66,65.7,194.5,62.025,-2754,-71,-3265,-144,1533,1485
542334,245.86,61.05,193.14,55.2,-2738,-119,-3272,-216,1529,1480
542336,244.18,54.75,191.78,49.875,-2750,-185,-3281,-273,1531,1475
542338,243.38,50.925,190.82,43.65,-2754,-225,-3285,-338,1523,1473
542340,244.58,47.775,190.66,39.675,-2739,-257,-3283,-379,1515,1466
542342,245.3,44.1,189.3,35.4,-2729,-295,-3293,-425,1515,1448
542344,245.94,42.9,188.74,33.825,-2722,-307,-3298,-441,1510,1445
542346,247.06,42.45,188.02,34.125,-2710,-310,-3305,-439,1506,1442
542348,247.86,43.5,188.26,34.2,-2702,-298,-3303,-437,1505,1441
542350,248.34,43.05,188.74,35.4,-2697,-303,-3299,-424,1504,1446
542352,249.06,44.325,189.22,35.475,-2691,-288,-3295,-423,1504,1447
542354,248.66,46.875,188.74,37.425,-2698,-263,-3302,-403,1512,1447
542356,249.14,46.5,188.9,36.225,-2692,-266,-3299,-415,1511,1451
542358,248.58,45.75,189.14,36.225,-2698,-274,-3297,-415,1514,1448
542360,248.02,45.225,189.22,34.575,-2703,-279,-3294,-431,1516,1451
542362,248.18,46.05,189.46,35.475,-2703,-270,-3293,-422,1517,1449
542364,247.7,45.75,189.94,34.575,-2708,-274,-3287,-431,1518,1453
542366,247.06,45.225,190.1,36.3,-2713,-280,-3288,-412,1521,1451
542368,247.06,44.625,190.34,34.725,-2713,-286,-3284,-428,1518,1453
542370,245.7,44.025,191.14,36.825,-2727,-293,-3278,-406,1516,1453
542372,246.34,44.175,190.5,35.025,-2721,-291,-3283,-425,1517,1454
542374,245.62,44.625,190.82,35.85,-2729,-286,-3281,-416,1517,1460
542376,246.1,45.75,190.1,36.15,-2726,-274,-3289,-413,1519,1451
542378,245.3,44.85,191.06,35.55,-2733,-284,-3279,-419,1518,1458
542380,245.3,44.625,190.1,35.25,-2733,-285,-3289,-422,1517,1445
542382,244.82,44.325,190.5,34.95,-2739,-289,-3284,-425,1519,1451
542384,245.38,44.55,190.42,34.425,-2733,-286,-3286,-430,1518,1454
542386,244.82,44.4,190.42,35.625,-2739,-288,-3287,-418,1519,1452
542388,244.58,45,190.58,35.625,-2743,-282,-3286,-417,1515,1454
542390,244.74,45.6,190.18,35.175,-2742,-275,-3290,-422,1519,1455
542392,244.9,44.925,189.94,34.125,-2740,-282,-3292,-433,1518,1456
542394,243.3,44.4,189.94,34.95,-2756,-288,-3293,-424,1521,1453
542396,243.7,43.35,190.5,34.575,-2752,-299,-3287,-427,1518,1453
542398,242.9,43.65,190.82,34.875,-2760,-296,-3285,-424,1518,1454
542400,243.06,43.95,191.22,35.1,-2759,-293,-3281,-421,1521,1455
542402,243.14,44.175,190.34,34.95,-2759,-290,-3290,-424,1519,1452
542404,243.46,44.925,190.82,36.375,-2757,-283,-3288,-408,1518,1455
542406,242.18,44.1,190.66,35.4,-2769,-292,-3288,-418,1517,1453
542408,242.98,43.575,190.26,35.4,-2762,-296,-3293,-418,1518,1456
542410,242.74,43.725,189.94,34.875,-2765,-295,-3296,-424,1522,1456
542412,243.14,43.95,191.38,35.175,-2761,-293,-3283,-420,1519,1458
542414,241.86,43.5,190.74,34.35,-2774,-298,-3288,-429,1523,1459
542416,240.66,44.175,191.38,33.975,-2788,-292,-3282,-432,1518,1455
542418,241.3,43.725,191.06,34.425,-2781,-296,-3285,-428,1521,1458
542420,241.7,44.325,191.14,32.25,-2778,-289,-3284,-451,1522,1460
542422,241.54,44.025,191.46,33.525,-2779,-293,-3282,-437,1524,1464
542424,241.54,43.5,191.3,33.9,-2779,-298,-3285,-433,1520,1459
542426,241.14,43.95,191.46,32.25,-2784,-294,-3281,-451,1519,1464
542428,241.46,43.5,191.86,34.125,-2781,-298,-3279,-431,1520,1459
542430,241.7,43.875,190.9,34.35,-2779,-295,-3289,-429,1521,1456
542432,241.62,43.65,191.94,33.6,-2780,-297,-3278,-436,1519,1459
542434,240.66,44.475,191.7,31.95,-2791,-290,-3280,-454,1521,1460
542436,241.54,44.625,191.38,33.225,-2783,-287,-3284,-441,1524,1456
542438,241.14,43.575,190.9,33.825,-2786,-298,-3290,-435,1519,1459
542440,242.18,44.775,191.54,34.125,-2777,-286,-3285,-432,1525,1458
542442,241.14,44.25,191.86,33.525,-2787,-292,-3280,-437,1523,1460
542444,240.98,44.925,192.02,33.15,-2789,-285,-3280,-442,1523,1456
542446,241.54,44.4,191.78,33.975,-2783,-290,-3282,-433,1525,1459
542448,241.78,44.25,192.18,33.225,-2782,-291,-3278,-441,1522,1461
542450,241.38,44.475,192.98,32.775,-2786,-289,-3270,-445,1525,1464
542452,241.22,44.1,192.1,34.125,-2787,-294,-3281,-431,1523,1463
542454,241.38,44.475,192.1,33.15,-2786,-290,-3280,-442,1523,1462
542456,241.38,44.925,191.62,33.15,-2787,-285,-3284,-442,1524,1460
542458,241.14,45,191.78,34.8,-2790,-284,-3284,-425,1527,1461
542460,240.98,44.475,192.58,34.65,-2790,-290,-3276,-426,1521,1458
542462,241.06,44.925,192.1,34.875,-2791,-286,-3282,-424,1524,1460
542464,241.62,44.325,192.34,34.575,-2784,-291,-3279,-427,1526,1460
542466,241.14,45.15,192.66,35.7,-2790,-283,-3276,-415,1525,1463
542468,241.14,45.075,192.98,33.15,-2790,-284,-3271,-441,1527,1470
542470,240.98,44.475,192.42,34.125,-2791,-290,-3277,-432,1527,1461
542472,240.5,45.6,193.22,34.425,-2797,-279,-3270,-428,1522,1462
542474,241.14,46.2,193.3,34.875,-2791,-272,-3270,-423,1527,1463
542476,241.14,45.075,193.3,34.8,-2790,-284,-3270,-424,1528,1465
542478,240.98,45.375,192.66,34.95,-2792,-281,-3276,-423,1527,1460
542480,241.22,45.3,192.42,35.55,-2790,-281,-3279,-418,1527,1461
542482,240.42,45.3,194.02,34.425,-2798,-283,-3262,-428,1527,1464
542484,240.02,45.6,192.74,34.95,-2802,-280,-3275,-423,1527,1460
542486,241.46,45.75,193.06,34.35,-2787,-277,-3271,-430,1527,1464
542488,240.58,44.85,193.38,34.575,-2795,-287,-3269,-427,1527,1461
542490,240.34,45.525,193.06,33.525,-2798,-280,-3271,-438,1530,1465
542492,241.3,45.75,193.06,33.75,-2789,-278,-3271,-436,1529,1464
542494,240.9,45.15,193.14,34.2,-2792,-284,-3271,-431,1528,1464
542496,240.9,45.45,193.54,32.925,-2793,-281,-3265,-445,1525,1467
542498,240.66,45.375,192.9,32.625,-2795,-282,-3272,-448,1527,1466
542500,240.26,45.9,193.38,33.075,-2800,-277,-3267,-443,1529,1465
542502,241.22,46.35,192.82,32.775,-2790,-272,-3272,-446,1530,1465
542504,239.86,44.25,193.7,34.725,-2801,-295,-3265,-426,1528,1468
542506,239.78,46.05,193.06,32.4,-2804,-276,-3269,-451,1531,1470
542508,239.7,45.225,193.62,33.45,-2804,-285,-3264,-440,1531,1466
542510,240.18,44.775,193.3,33.075,-2798,-290,-3267,-444,1528,1467
542512,239.94,45.3,193.3,33.3,-2801,-284,-3267,-442,1531,1472
542514,240.26,45.9,193.22,32.7,-2798,-278,-3267,-449,1533,1471
542516,241.14,46.05,193.7,33.6,-2790,-277,-3263,-439,1529,1469
542518,240.26,46.5,193.14,33.3,-2799,-272,-3268,-443,1531,1465
542520,240.5,46.125,193.46,33.3,-2796,-276,-3265,-443,1533,1464
542522,240.58,45.525,193.14,32.1,-2795,-282,-3268,-455,1531,1469
542524,239.94,45.75,192.9,31.5,-2801,-280,-3269,-462,1534,1468
542526,240.74,46.2,193.62,33.15,-2793,-275,-3263,-444,1531,1471
542528,239.22,44.85,193.22,34.05,-2807,-290,-3268,-435,1532,1468
542530,240.18,46.5,193.62,33.3,-2799,-273,-3263,-442,1533,1468
542532,240.74,47.25,193.22,34.65,-2794,-265,-3268,-429,1531,1468
542534,240.82,46.725,193.38,34.275,-2793,-270,-3267,-433,1530,1469
542536,240.82,46.125,193.38,33,-2792,-277,-3265,-447,1532,1471
542538,240.02,44.85,193.62,33.15,-2800,-291,-3263,-445,1534,1472
542540,240.18,46.425,193.38,34.35,-2799,-274,-3266,-433,1533,1467
542542,240.74,45.75,193.38,33.075,-2793,-281,-3265,-446,1532,1472
542544,240.98,45.15,193.38,33.225,-2790,-288,-3266,-445,1531,1470
542546,240.74,46.425,194.1,33.675,-2794,-274,-3258,-439,1531,1472
542548,240.58,45.9,194.26,33.825,-2794,-280,-3257,-438,1535,1475
542550,239.94,45.6,194.1,34.5,-2801,-283,-3260,-431,1531,1469
542552,240.42,45.9,193.94,32.85,-2796,-280,-3260,-449,1529,1475
542554,240.5,46.05,193.86,32.625,-2796,-278,-3260,-451,1534,1475
542556,240.5,45.825,193.78,33.225,-2795,-281,-3261,-445,1534,1470
542558,239.78,45.825,194.02,32.55,-2802,-281,-3258,-451,1536,1473
542560,240.1,46.35,193.54,34.65,-2800,-276,-3265,-430,1529,1466
542562,240.02,46.35,193.62,32.775,-2801,-277,-3262,-450,1533,1476
542564,240.1,45.825,194.26,32.475,-2799,-282,-3256,-453,1535,1474
542566,239.3,45.75,194.02,34.2,-2807,-283,-3259,-435,1536,1470
542568,240.5,45.975,193.94,32.625,-2795,-280,-3259,-452,1532,1474
542570,241.06,46.425,194.98,32.4,-2790,-275,-3248,-453,1533,1476
542572,242.9,46.2,196.66,34.35,-2771,-276,-3232,-432,1529,1469
542574,246.42,46.425,202.02,36.825,-2735,-271,-3180,-403,1535,1476
542576,254.66,48.675,211.14,39.675,-2653,-242,-3089,-366,1535,1478
542578,268.34,51.225,224.74,42.975,-2516,-207,-2954,-322,1540,1477
542580,283.22,54.075,242.02,47.325,-2367,-166,-2781,-265,1547,1490
542582,303.86,55.275,261.7,51.3,-2158,-140,-2584,-210,1555,1495
542584,324.58,59.1,282.42,53.925,-1951,-86,-2375,-169,1562,1498
542586,344.5,62.1,305.22,54.6,-1751,-41,-2144,-146,1566,1506
542588,367.3,65.925,326.26,57,-1523,14,-1932,-106,1575,1507
542590,387.3,66.9,347.22,57.3,-1323,37,-1720,-89,1570,1505
542592,407.3,67.95,367.3,58.35,-1122,62,-1518,-64,1573,1506
542594,426.98,69.75,385.14,59.1,-925,94,-1339,-44,1580,1506
542596,446.58,69.675,401.94,61.2,-728,107,-1171,-11,1574,1502
542598,461.7,67.95,414.5,62.55,-575,99,-1045,11,1575,1501
542600,473.14,68.625,421.86,66.15,-460,114,-974,54,1567,1498
542602,482.26,68.55,427.54,67.275,-369,119,-917,69,1568,1497
542604,486.82,67.5,429.94,68.85,-322,111,-894,87,1564,1497
542606,490.26,68.325,431.54,69.975,-289,123,-879,100,1577,1492
542608,490.74,69.675,431.62,69.375,-285,137,-877,94,1573,1498
542610,490.58,68.85,431.38,68.775,-286,128,-880,88,1570,1500
542612,489.46,67.425,431.94,69.9,-296,113,-875,100,1575,1493
542614,489.78,65.925,432.1,68.25,-292,98,-872,83,1571,1498
542616,489.94,65.025,433.06,68.25,-290,89,-862,84,1569,1500
542618,490.58,65.55,433.62,69.525,-284,94,-858,98,1569,1497
542620,490.26,65.625,434.1,69.675,-287,95,-853,99,1565,1496
542622,489.86,65.925,434.58,69.15,-291,99,-847,95,1560,1497
542624,490.18,66.075,433.94,71.475,-288,100,-856,118,1564,1493
542626,490.26,67.2,434.26,70.35,-288,112,-851,107,1564,1497
542628,489.94,66.825,433.38,70.8,-291,108,-861,111,1562,1500
542630,489.38,67.8,433.54,70.8,-298,118,-860,111,1563,1498
542632,489.22,67.875,434.26,71.175,-299,119,-853,116,1564,1497
542634,489.54,66.375,433.78,70.35,-295,103,-857,107,1564,1499
542636,488.42,67.2,434.18,70.725,-307,112,-853,112,1565,1498
542638,489.14,66.675,434.82,70.875,-300,106,-847,114,1566,1496
542640,488.02,67.125,433.94,71.25,-311,111,-856,118,1566,1501
542642,489.22,66.3,435.94,71.25,-298,103,-836,119,1567,1495
542644,488.58,65.85,436.26,71.25,-305,98,-833,119,1569,1498
542646,488.82,64.2,435.06,70.2,-301,82,-845,108,1562,1507
542648,489.3,64.8,436.58,72,-297,88,-831,127,1564,1497
542650,488.98,65.1,438.42,71.625,-300,91,-812,124,1569,1497
542652,489.54,64.5,437.54,71.925,-295,86,-821,127,1562,1496
542654,488.74,63.525,437.38,68.775,-302,74,-820,94,1564,1503
542656,489.46,63.225,437.94,69.3,-295,72,-816,100,1566,1500
542658,489.78,63.375,438.34,68.1,-292,74,-811,88,1567,1503
542660,489.46,63.45,438.9,69.075,-295,75,-806,98,1563,1501
542662,488.98,64.875,438.66,68.1,-301,89,-807,88,1565,1499
542664,489.46,63.15,439.54,69,-296,71,-800,98,1562,1500
542666,488.74,62.4,439.86,67.575,-302,63,-796,84,1565,1500
542668,488.66,63,440.42,67.65,-304,69,-790,84,1563,1502
542670,488.74,63.525,439.54,68.025,-303,74,-799,88,1565,1502
542672,489.46,62.325,440.82,67.275,-296,62,-787,81,1566,1502
542674,489.46,62.175,440.02,68.325,-296,61,-795,91,1563,1501
542676,489.54,62.625,440.34,68.1,-296,65,-792,89,1566,1504
542678,489.38,62.025,440.42,67.125,-297,59,-790,78,1564,1501
542680,488.98,61.725,440.1,67.425,-301,55,-795,81,1562,1498
542682,488.5,62.1,440.5,66.9,-306,58,-790,76,1564,1499
542684,489.38,61.65,440.34,67.5,-297,54,-792,82,1566,1500
542686,489.3,62.55,440.66,66.975,-298,64,-788,77,1565,1499
542688,488.34,63.225,440.34,68.55,-309,70,-794,93,1569,1501
542690,488.42,63.075,440.82,66.075,-308,68,-787,67,1568,1505
542692,487.86,62.1,440.42,69.75,-313,57,-794,105,1565,1495
542694,487.86,63.375,441.06,68.55,-314,70,-787,93,1567,1500
542696,488.34,62.175,440.98,68.925,-309,58,-788,96,1568,1498
542698,488.18,63.675,441.38,67.05,-311,74,-783,77,1568,1505
542700,487.94,63.45,440.82,68.25,-314,71,-790,89,1568,1501
542702,488.26,63.3,441.54,69.75,-310,69,-784,105,1563,1494
542704,488.18,65.175,440.42,68.7,-313,89,-794,93,1570,1500
542706,487.78,62.925,440.74,68.025,-316,65,-790,86,1567,1497
542708,487.78,64.275,441.86,68.475,-317,79,-780,92,1568,1499
542710,487.7,63.6,441.06,68.475,-317,72,-788,91,1567,1501
542712,487.46,63.525,440.98,67.425,-320,71,-788,80,1566,1499
542714,488.02,63.9,442.34,68.55,-315,75,-776,92,1569,1500
542716,488.18,63.675,441.78,67.65,-313,73,-781,83,1571,1500
542718,487.86,62.625,441.22,67.575,-316,62,-786,82,1568,1500
542720,488.26,63.675,441.62,68.625,-313,73,-784,93,1569,1498
542722,488.42,63.6,442.18,65.475,-312,72,-776,61,1569,1497
542724,488.26,61.95,441.86,66.825,-312,55,-780,75,1567,1496
542726,487.78,62.775,442.18,66.6,-318,64,-777,72,1568,1498
542728,487.94,61.95,442.42,66.975,-316,55,-776,77,1567,1497
542730,488.58,61.725,442.34,65.85,-309,54,-776,65,1568,1498
542732,487.94,60.9,442.58,66.075,-316,45,-774,68,1566,1496
542734,487.86,61.5,442.82,67.05,-317,51,-772,78,1574,1500
542736,487.7,61.5,442.02,67.05,-319,51,-780,78,1569,1495
542738,488.02,62.175,442.1,66.15,-315,58,-779,69,1575,1495
542740,487.3,62.175,442.98,67.125,-323,58,-770,79,1575,1493
542742,487.22,61.65,441.86,67.65,-323,53,-782,84,1571,1500
542744,487.62,62.1,443.14,66.3,-320,58,-768,72,1573,1494
542746,486.34,61.125,442.26,67.425,-332,47,-778,82,1569,1497
542748,486.9,62.4,441.94,67.275,-328,61,-781,81,1569,1495
542750,487.22,63.15,442.42,66.825,-325,69,-776,76,1573,1495
542752,486.9,62.4,442.58,67.5,-328,62,-775,84,1568,1499
542754,486.58,63.3,443.38,66.45,-331,71,-767,74,1571,1491
542756,486.9,62.625,442.9,68.25,-328,65,-773,93,1568,1494
542758,486.9,64.2,442.9,68.775,-329,81,-774,98,1577,1493
542760,487.38,63.675,443.62,68.325,-325,76,-766,94,1572,1492
542762,487.38,62.7,442.58,68.925,-324,66,-777,100,1567,1491
542764,487.3,63.9,443.78,69.45,-325,78,-766,107,1571,1492
542766,486.9,63.975,444.42,69.825,-330,80,-759,111,1570,1490
542768,487.86,64.275,444.02,69.225,-321,83,-764,105,1570,1491
542770,487.46,65.25,443.62,68.1,-325,94,-767,94,1573,1492
542772,487.54,64.8,444.98,69,-324,89,-754,104,1571,1488
542774,486.98,64.425,444.34,67.875,-330,85,-760,92,1567,1493
542776,487.62,64.95,443.94,68.175,-324,91,-764,95,1573,1487
542778,487.94,65.7,444.66,68.775,-321,99,-757,102,1571,1490
542780,487.86,63.525,444.82,67.725,-321,77,-755,91,1568,1492
542782,488.26,65.325,445.06,68.625,-318,95,-753,101,1572,1489
542784,488.58,65.25,445.62,68.325,-316,95,-748,99,1570,1488
542786,487.3,65.175,444.9,68.85,-328,93,-755,103,1574,1488
542788,488.42,65.325,446.1,68.325,-317,96,-743,99,1571,1483
542790,488.26,65.025,446.42,68.7,-318,93,-740,102,1571,1486
542792,487.86,65.25,446.26,66.975,-323,95,-741,85,1573,1485
542794,488.26,64.65,445.86,68.1,-319,89,-746,96,1570,1486
542796,487.38,64.05,446.58,66.825,-327,82,-738,83,1570,1482
542798,487.54,64.8,445.78,67.5,-326,89,-746,90,1572,1483
542800,487.22,64.5,446.02,68.625,-329,85,-745,101,1575,1480
542802,487.86,64.05,445.94,66.975,-322,82,-744,84,1571,1488
542804,488.5,63,447.46,68.925,-315,71,-731,104,1567,1480
542806,490.66,61.125,448.9,67.875,-292,53,-715,94,1569,1480
542808,495.38,58.425,453.06,66.9,-243,27,-673,87,1565,1483
542810,502.5,57,458.26,65.625,-172,17,-620,77,1561,1480
542812,507.7,54.075,462.34,64.575,-118,-9,-579,68,1563,1485
542814,513.38,51.675,467.3,62.625,-60,-31,-527,50,1564,1482
542816,518.58,51.15,470.66,63.6,-7,-34,-494,62,1561,1474
542818,520.34,52.725,472.9,60.75,8,-16,-470,34,1561,1476
542820,520.9,53.25,471.7,60.825,13,-12,-482,33,1559,1472
542822,520.26,53.925,471.46,61.95,7,-5,-485,45,1559,1469
542824,519.62,54.15,469.54,61.65,0,-3,-504,39,1558,1468
542826,518.58,54.45,468.42,60.525,-9,-2,-515,26,1557,1473
542828,518.58,53.7,468.1,63,-9,-11,-519,51,1560,1464
542830,517.46,53.25,468.18,63.6,-20,-16,-519,57,1558,1473
542832,518.34,52.875,470.02,62.925,-11,-21,-500,51,1557,1466
542834,518.58,52.35,468.74,62.325,-8,-25,-513,43,1559,1469
542836,518.18,52.875,470.5,63.75,-13,-21,-496,58,1557,1469
542838,517.54,52.275,470.02,63.9,-19,-28,-501,60,1556,1465
542840,518.02,52.575,470.1,63.225,-15,-25,-500,52,1556,1470
542842,517.06,53.55,469.94,63.075,-25,-16,-502,50,1556,1466
542844,517.54,52.8,470.42,64.05,-20,-24,-498,60,1555,1465
542846,517.22,54,468.9,61.425,-24,-12,-511,31,1553,1470
542848,517.54,53.475,470.18,62.925,-21,-18,-500,47,1555,1463
542850,516.34,53.325,470.18,63.3,-32,-21,-500,51,1559,1465
542852,517.06,53.55,471.14,61.95,-26,-19,-490,36,1554,1463
542854,517.3,53.625,470.66,60.375,-23,-17,-494,20,1551,1469
542856,517.86,53.25,470.98,62.325,-18,-21,-492,40,1552,1465
542858,517.94,53.175,471.14,61.425,-17,-22,-490,31,1550,1465
542860,517.94,52.725,471.62,62.175,-17,-27,-486,38,1554,1461
542862,518.02,52.95,470.82,63.225,-16,-25,-495,48,1552,1457
542864,517.94,52.65,471.54,62.925,-18,-29,-488,45,1553,1455
542866,517.46,52.275,471.3,61.725,-22,-33,-489,32,1552,1461
542868,517.38,52.8,471.06,63,-23,-28,-493,45,1550,1459
542870,517.7,52.95,471.38,61.95,-20,-26,-489,34,1552,1460
542872,517.54,52.5,472.66,62.925,-22,-32,-477,45,1549,1457
542874,518.18,52.875,471.54,63.375,-16,-27,-489,49,1550,1454
542876,517.54,52.8,471.86,61.35,-23,-29,-485,28,1548,1457
542878,517.06,52.5,472.74,62.1,-27,-32,-476,36,1547,1455
542880,517.94,52.275,472.58,62.475,-18,-34,-478,40,1551,1460
542882,517.14,52.95,471.86,62.25,-27,-27,-485,37,1547,1457
542884,517.3,52.425,472.1,62.25,-26,-32,-483,38,1549,1456
542886,517.46,52.65,473.22,62.625,-24,-31,-472,42,1547,1458
542888,517.06,52.65,472.26,62.7,-28,-31,-482,42,1544,1454
542890,516.74,52.575,472.1,61.95,-31,-31,-483,35,1545,1455
542892,516.5,52.35,472.18,63.75,-33,-34,-483,53,1544,1451
542894,516.74,51.9,472.9,61.875,-30,-39,-475,34,1543,1451
542896,516.34,52.275,471.38,63.6,-35,-35,-491,51,1542,1453
542898,517.06,52.35,473.14,63,-27,-34,-473,46,1543,1452
542900,516.34,52.2,472.82,62.625,-34,-35,-476,42,1539,1450
542902,516.5,52.35,471.94,62.475,-33,-34,-484,40,1540,1453
542904,516.34,51.825,472.5,63.9,-33,-38,-479,56,1542,1450
542906,515.94,52.125,472.26,62.625,-37,-36,-481,42,1540,1450
542908,515.78,52.35,472.82,63.75,-38,-34,-476,54,1540,1449
542910,516.26,52.95,472.82,62.7,-34,-27,-475,44,1539,1446
542912,515.62,52.575,473.14,62.7,-41,-30,-471,44,1537,1448
542914,515.94,52.725,472.66,63.675,-38,-29,-477,54,1535,1451
542916,515.54,52.275,471.94,64.8,-41,-33,-485,66,1535,1447
542918,516.34,52.125,472.74,62.55,-33,-34,-475,44,1538,1448
542920,516.18,52.65,472.34,63.675,-35,-28,-480,55,1535,1448
542922,516.26,52.425,473.3,63,-34,-30,-470,49,1534,1453
542924,514.9,52.5,473.3,62.175,-48,-30,-469,41,1531,1450
542926,514.66,52.875,473.22,63.975,-50,-26,-471,60,1531,1446
542928,515.06,52.575,472.74,63.75,-46,-28,-476,57,1531,1448
542930,515.46,52.125,473.22,62.775,-41,-32,-470,48,1531,1445
542932,515.14,52.275,473.62,63.675,-44,-30,-466,59,1531,1444
542934,515.06,52.425,473.46,62.775,-45,-29,-467,49,1530,1444
542936,514.98,53.1,472.18,63,-46,-21,-480,51,1529,1443
542938,515.3,53.55,472.82,62.4,-43,-17,-473,45,1529,1440
542940,514.58,52.95,473.7,63,-50,-22,-465,53,1526,1440
542942,514.82,52.125,473.14,63.225,-47,-31,-471,55,1528,1438
542944,514.74,52.425,473.78,63.675,-48,-27,-464,61,1525,1443
542946,514.34,52.95,473.14,62.625,-52,-21,-470,49,1525,1441
542948,515.38,52.5,473.7,62.1,-41,-25,-464,45,1525,1440
542950,515.14,52.05,473.46,61.875,-44,-30,-466,42,1524,1439
542952,515.06,52.425,474.02,63.6,-44,-25,-462,62,1525,1438
542954,515.14,52.125,473.46,63.075,-44,-28,-466,56,1522,1440
542956,515.06,51.6,473.3,62.25,-44,-33,-468,48,1521,1437
542958,515.38,52.275,474.42,61.05,-40,-26,-455,36,1519,1437
542960,515.06,51.225,473.7,61.275,-42,-36,-462,39,1518,1437
542962,515.62,51.375,474.1,60.675,-37,-34,-458,33,1521,1434
542964,514.42,51.075,474.02,61.575,-49,-38,-459,42,1519,1433
542966,514.9,51,474.1,59.55,-44,-38,-457,21,1517,1428
542968,514.66,50.25,474.02,59.55,-45,-46,-457,22,1514,1432
542970,514.74,51.15,473.86,59.325,-45,-36,-459,20,1515,1428
542972,514.26,49.8,474.82,60.225,-49,-51,-450,30,1512,1430
542974,514.5,49.275,473.62,59.475,-46,-56,-461,21,1516,1430
542976,514.66,50.1,474.98,59.625,-45,-47,-447,24,1511,1428
542978,513.94,49.95,474.18,59.1,-51,-49,-454,18,1512,1430
542980,514.1,49.05,474.18,58.95,-49,-58,-454,17,1509,1430
542982,513.94,50.325,474.66,60.9,-52,-45,-451,37,1511,1429
542984,514.1,51.225,475.14,63.225,-51,-36,-447,61,1510,1433
542986,514.18,56.175,472.5,67.875,-53,15,-476,107,1509,1434
542988,514.82,65.925,470.02,78.45,-52,116,-508,216,1503,1435
542990,514.34,81.225,466.18,93.825,-66,274,-557,373,1513,1437
542992,513.3,97.05,458.98,111,-87,438,-641,548,1517,1450
542994,512.42,114.375,452.5,129.45,-106,617,-719,736,1520,1456
542996,512.34,135.675,444.82,152.85,-120,841,-813,978,1538,1462
542998,512.26,150.075,437.94,171.6,-130,991,-896,1171,1543,1480
543000,510.98,163.8,432.02,187.725,-151,1135,-968,1338,1551,1488
543002,512.02,176.85,427.54,203.775,-150,1274,-1025,1506,1550,1495
543004,514.26,187.5,423.94,213,-133,1387,-1069,1603,1561,1499
543006,514.66,199.35,421.3,223.65,-137,1514,-1103,1715,1568,1509
543008,518.1,208.725,420.34,238.425,-109,1615,-1124,1873,1565,1504
543010,520.34,221.325,419.78,245.925,-94,1751,-1136,1953,1563,1504
543012,524.18,230.925,418.98,256.575,-61,1856,-1151,2067,1559,1514
543014,525.14,241.275,420.26,266.55,-58,1967,-1146,2175,1562,1512
543016,526.34,251.475,419.62,277.425,-52,2076,-1161,2293,1560,1503
543018,526.5,257.325,421.54,280.275,-54,2139,-1143,2324,1561,1506
543020,526.98,258.675,423.22,283.2,-50,2155,-1127,2358,1559,1508
543022,525.62,258.6,423.22,283.425,-64,2153,-1127,2360,1565,1519
543024,524.58,258.6,424.9,282.975,-74,2152,-1110,2357,1565,1512
543026,523.22,257.475,426.5,279.825,-87,2140,-1092,2324,1561,1510
543028,522.58,255.225,429.3,277.125,-92,2115,-1061,2296,1561,1503
543030,522.02,254.85,431.62,275.925,-98,2111,-1036,2285,1559,1510
543032,521.14,253.95,432.5,276.3,-107,2102,-1027,2289,1557,1507
543034,519.54,255.375,433.54,277.05,-123,2116,-1018,2299,1553,1505
543036,518.1,256.35,434.9,278.1,-140,2125,-1004,2311,1549,1500
543038,518.02,257.25,435.14,278.325,-141,2135,-1002,2313,1544,1497
543040,516.18,258.6,435.06,281.025,-161,2148,-1005,2343,1547,1502
543042,516.02,258.375,435.06,282.225,-162,2146,-1006,2356,1551,1504
543044,514.66,258.525,435.86,283.425,-177,2147,-999,2369,1547,1506
543046,514.82,258.975,436.26,282.825,-176,2152,-995,2363,1554,1501
543048,514.58,258.225,438.5,281.7,-178,2144,-971,2352,1549,1495
543050,514.02,258.3,437.22,281.475,-184,2145,-984,2349,1553,1502
543052,513.46,257.925,437.62,281.175,-190,2141,-980,2346,1555,1498
543054,513.38,258.525,438.02,281.85,-191,2147,-977,2354,1555,1502
543056,512.82,257.25,438.58,281.625,-196,2133,-972,2352,1551,1499
543058,511.54,258.15,439.22,280.35,-210,2142,-965,2338,1554,1497
543060,511.3,258.45,439.86,280.35,-213,2144,-959,2339,1553,1498
543062,510.9,257.025,440.26,279.525,-217,2129,-954,2330,1550,1506
543064,510.66,258.675,441.06,280.425,-221,2147,-947,2340,1556,1506
543066,510.5,258.225,441.38,280.275,-223,2142,-943,2338,1553,1507
543068,510.18,258.9,441.94,281.25,-227,2148,-939,2349,1553,1504
543070,509.7,258.6,441.54,280.95,-231,2145,-943,2346,1556,1504
543072,509.06,258.525,442.1,283.425,-239,2143,-940,2373,1548,1514
543074,509.22,258.975,442.5,281.025,-237,2148,-934,2347,1553,1508
543076,508.9,259.125,443.06,280.575,-242,2149,-929,2343,1551,1510
543078,509.3,258.675,444.02,281.325,-237,2145,-920,2351,1552,1502
543080,508.9,258.9,443.3,281.625,-242,2147,-928,2354,1551,1504
543082,508.18,258.3,443.14,281.175,-249,2140,-929,2349,1547,1502
543084,508.18,259.05,444.58,281.1,-250,2148,-915,2348,1548,1506
543086,507.46,258.675,444.58,280.875,-257,2143,-915,2346,1547,1503
543088,507.86,259.35,444.34,281.325,-255,2150,-919,2350,1546,1504
543090,507.78,257.475,444.42,282.075,-254,2130,-918,2358,1542,1506
543092,506.98,258,444.18,281.175,-264,2136,-921,2348,1550,1505
543094,506.98,257.925,444.82,280.95,-263,2135,-914,2346,1545,1505
543096,506.74,257.625,445.22,281.625,-266,2131,-911,2353,1547,1507
543098,507.14,257.325,445.54,280.425,-262,2128,-907,2341,1553,1507
543100,507.14,256.5,446.9,281.175,-262,2118,-894,2349,1547,1508
543102,506.02,255.975,445.06,280.8,-273,2112,-912,2344,1548,1507
543104,506.9,256.575,446.26,279.6,-265,2119,-900,2331,1548,1505
543106,506.26,256.425,447.38,279.825,-271,2117,-889,2335,1548,1506
543108,505.7,256.2,447.38,280.35,-278,2113,-890,2340,1548,1504
543110,505.62,256.35,447.86,279.525,-278,2115,-884,2331,1547,1507
543112,505.22,256.875,446.74,279.675,-284,2120,-897,2332,1548,1505
543114,505.06,255.975,447.54,279.975,-284,2111,-888,2335,1547,1510
543116,504.98,255.825,447.46,280.275,-286,2108,-890,2338,1550,1509
543118,504.9,255.975,447.7,279.975,-286,2110,-888,2335,1550,1507
543120,504.66,255.45,448.02,279.375,-289,2104,-884,2329,1549,1507
543122,504.5,255.975,447.62,280.275,-291,2110,-889,2338,1548,1511
543124,505.3,256.125,447.94,280.05,-284,2111,-886,2335,1548,1509
543126,504.74,256.65,447.78,278.625,-290,2117,-887,2320,1550,1509
543128,503.86,256.425,449.46,280.275,-299,2113,-871,2338,1551,1513
543130,504.1,256.35,448.42,280.5,-296,2113,-882,2340,1550,1513
543132,503.78,256.8,449.46,279.525,-301,2117,-871,2330,1550,1511
543134,503.62,257.55,448.42,279.975,-302,2125,-882,2334,1553,1514
543136,503.94,257.25,449.14,280.8,-299,2122,-876,2343,1552,1512
543138,503.46,257.475,448.98,280.2,-304,2124,-876,2337,1556,1513
543140,503.3,257.85,448.9,279.975,-306,2128,-877,2334,1556,1514
543142,503.78,258.6,448.98,280.125,-302,2136,-877,2335,1555,1515
543144,503.78,257.625,450.26,280.05,-302,2125,-864,2336,1551,1512
543146,503.14,258.3,449.54,281.025,-309,2132,-873,2345,1555,1513
543148,503.46,258.525,449.86,281.25,-306,2135,-869,2348,1557,1511
543150,503.78,257.625,450.34,279.075,-302,2125,-863,2325,1553,1505
543152,502.98,258.525,450.58,281.55,-311,2134,-863,2351,1556,1507
543154,503.7,258.75,450.26,281.4,-304,2137,-865,2349,1558,1509
543156,503.22,258.675,450.42,281.25,-309,2136,-863,2347,1556,1509
543158,503.38,257.7,450.18,279.75,-306,2125,-866,2332,1554,1513
543160,503.06,258.975,451.06,278.85,-310,2138,-856,2322,1555,1515
543162,503.54,258.675,450.26,278.925,-305,2136,-864,2323,1556,1508
543164,503.38,258.825,450.42,280.05,-307,2137,-863,2334,1559,1514
543166,503.06,258.375,450.74,279.75,-310,2132,-859,2332,1558,1513
543168,503.7,258.825,450.82,280.2,-304,2137,-859,2336,1558,1513
543170,502.74,259.05,449.94,279.525,-313,2139,-868,2328,1557,1516
543172,503.14,258.6,451.06,280.05,-309,2134,-856,2334,1560,1513
543174,503.46,258.75,451.62,278.325,-306,2136,-849,2316,1559,1511
543176,503.14,258.375,451.06,280.125,-309,2131,-856,2335,1559,1511
543178,502.5,258.6,451.7,279.675,-316,2133,-849,2330,1559,1508
543180,502.82,257.925,450.18,280.2,-312,2125,-865,2335,1562,1508
543182,503.06,258.15,450.42,279.375,-309,2128,-862,2326,1558,1510
543184,502.34,259.05,451.06,280.05,-317,2137,-856,2333,1558,1509
543186,503.38,258.975,451.62,278.925,-307,2137,-850,2322,1561,1510
543188,502.58,259.5,450.5,279.225,-315,2142,-861,2324,1560,1510
543190,502.42,258.525,451.86,280.125,-316,2132,-847,2334,1564,1513
543192,502.1,259.425,451.62,278.7,-319,2140,-848,2319,1563,1508
543194,502.58,258.75,451.54,280.275,-314,2134,-850,2335,1565,1515
543196,502.58,259.125,451.38,278.25,-314,2137,-851,2313,1565,1507
543198,502.42,258.45,450.74,280.5,-315,2130,-858,2337,1562,1511
543200,502.42,259.275,451.06,279.825,-315,2138,-854,2329,1563,1517
543202,502.42,259.275,452.34,279.675,-315,2138,-841,2329,1563,1515
543204,501.86,259.35,450.9,278.85,-321,2138,-855,2319,1560,1511
543206,502.02,259.2,451.78,279.6,-319,2137,-846,2327,1567,1518
543208,501.86,259.575,451.38,280.875,-320,2141,-851,2340,1563,1514
543210,502.02,258.825,451.38,279.9,-319,2133,-851,2330,1563,1509
543212,501.78,260.25,451.86,280.425,-321,2147,-846,2336,1567,1514
543214,501.62,259.5,451.54,280.05,-323,2139,-849,2331,1564,1513
543216,502.26,260.1,451.46,280.35,-317,2146,-849,2335,1564,1516
543218,502.18,260.025,452.1,280.2,-317,2145,-843,2333,1570,1513
543220,501.94,258.9,451.86,281.4,-319,2132,-846,2346,1567,1519
543222,501.54,259.125,452.26,280.35,-323,2135,-841,2335,1566,1517
543224,501.46,258.975,452.82,280.35,-323,2133,-835,2335,1569,1517
543226,501.62,259.65,452.42,278.7,-322,2141,-838,2317,1569,1512
543228,501.86,259.725,451.7,280.275,-320,2142,-846,2333,1564,1520
543230,502.18,259.05,452.18,279.45,-316,2134,-840,2325,1566,1516
543232,501.94,259.35,452.42,279.45,-318,2137,-838,2325,1567,1510
543234,502.74,259.8,452.1,281.7,-310,2143,-843,2349,1565,1525
543236,502.74,260.1,452.18,283.5,-310,2146,-843,2369,1565,1517
543238,503.22,262.5,452.02,286.725,-307,2172,-847,2403,1570,1520
543240,506.02,267,452.5,292.2,-282,2223,-846,2463,1563,1527
543242,506.66,273.15,451.86,299.25,-278,2289,-857,2539,1560,1514
543244,510.1,280.35,450.34,308.85,-248,2369,-879,2642,1565,1517
543246,511.62,288.225,452.66,314.4,-238,2454,-860,2704,1565,1511
543248,512.9,293.55,451.22,319.575,-228,2513,-878,2760,1564,1516
543250,513.54,295.95,451.78,321.675,-223,2539,-874,2783,1571,1517
543252,513.7,296.775,451.22,321.75,-221,2548,-880,2783,1578,1519
543254,513.14,296.25,451.38,318.975,-227,2542,-876,2753,1577,1519
543256,511.54,294.525,451.38,317.55,-242,2522,-875,2738,1579,1524
543258,510.74,292.05,451.54,314.925,-248,2495,-871,2709,1584,1524
543260,510.5,289.65,452.58,313.65,-249,2469,-859,2696,1584,1518
543262,510.9,290.1,451.7,312.225,-245,2474,-867,2680,1577,1515
543264,510.5,291.975,452.9,313.2,-250,2494,-855,2692,1575,1516
543266,509.46,292.35,453.22,313.425,-261,2498,-852,2694,1575,1514
543268,510.42,293.325,453.94,314.775,-252,2509,-845,2709,1574,1518
543270,509.62,294.6,455.46,316.875,-261,2522,-831,2733,1576,1520
543272,509.7,294.675,454.26,318.225,-259,2523,-844,2747,1575,1517
543274,509.94,294.45,454.5,317.4,-257,2521,-842,2738,1576,1511
543276,509.38,295.725,454.5,316.65,-264,2534,-840,2730,1575,1513
543278,509.7,295.575,453.94,317.7,-260,2533,-847,2741,1579,1515
543280,510.42,294.975,453.38,318.3,-252,2527,-853,2748,1576,1515
543282,509.62,295.2,454.58,317.7,-261,2529,-840,2742,1576,1519
543284,510.26,295.725,453.94,317.25,-254,2535,-846,2736,1579,1508
543286,509.46,295.275,454.02,316.875,-262,2530,-845,2732,1580,1516
543288,509.3,294.825,455.14,318,-263,2525,-834,2745,1578,1517
543290,509.7,295.275,454.66,316.65,-259,2530,-839,2730,1579,1516
543292,509.06,294.9,455.3,316.8,-265,2525,-832,2732,1578,1516
543294,508.74,295.35,455.7,317.175,-269,2530,-828,2736,1579,1511
543296,508.82,294.525,454.34,317.775,-267,2521,-841,2741,1581,1513
543298,508.5,294.6,454.9,317.625,-270,2521,-836,2741,1578,1520
543300,508.74,295.35,455.94,316.725,-268,2530,-824,2731,1580,1508
543302,509.46,294.975,454.5,316.5,-261,2526,-839,2728,1582,1514
543304,508.98,294.975,454.58,317.7,-265,2526,-839,2741,1580,1511
543306,508.98,294.975,455.3,317.175,-266,2525,-831,2735,1578,1510
543308,508.58,294.75,455.14,317.4,-270,2523,-833,2738,1580,1511
543310,508.18,295.65,455.38,317.55,-275,2533,-831,2740,1580,1515
543312,508.82,294.9,455.94,316.8,-268,2525,-825,2732,1583,1511
543314,508.26,295.275,455.14,317.4,-274,2529,-833,2738,1582,1506
543316,508.1,295.725,455.54,317.1,-275,2534,-829,2735,1579,1510
543318,508.66,295.5,456.1,316.65,-269,2531,-822,2730,1580,1507
543320,508.5,295.125,455.62,316.725,-271,2527,-828,2731,1581,1504
543322,508.18,295.275,455.06,317.625,-274,2528,-834,2740,1581,1510
543324,508.5,295.35,455.46,316.5,-271,2530,-829,2728,1581,1507
543326,508.26,295.05,455.62,317.4,-273,2526,-829,2738,1582,1512
543328,507.94,295.575,456.02,318.15,-277,2532,-824,2747,1581,1517
543330,507.7,295.8,456.02,316.5,-279,2534,-823,2729,1583,1506
543332,508.26,295.05,455.46,316.95,-272,2526,-829,2733,1582,1502
543334,508.02,295.725,455.46,317.025,-275,2534,-829,2734,1579,1508
543336,508.02,296.475,455.38,317.625,-276,2541,-830,2740,1582,1505
543338,508.18,296.175,455.54,317.4,-274,2538,-828,2738,1578,1504
543340,508.1,296.325,455.14,317.025,-275,2540,-832,2734,1583,1501
543342,508.1,295.95,455.78,317.325,-275,2536,-825,2738,1580,1504
543344,508.74,295.425,455.46,317.025,-268,2531,-829,2734,1582,1501
543346,508.18,296.175,456.1,317.25,-274,2539,-823,2738,1581,1500
543348,508.02,297.075,456.18,317.025,-277,2548,-822,2735,1586,1502
543350,508.34,296.475,454.98,316.35,-273,2542,-834,2727,1580,1499
543352,507.94,296.1,455.86,317.1,-277,2538,-825,2735,1582,1500
543354,507.86,296.325,455.62,317.325,-278,2540,-828,2738,1585,1497
543356,508.5,296.775,455.94,316.95,-272,2545,-824,2734,1584,1499
543358,508.34,297.9,455.54,316.8,-274,2557,-829,2732,1584,1500
543360,508.58,297.6,456.42,317.25,-271,2554,-820,2737,1586,1497
543362,507.94,297.675,455.62,317.625,-278,2554,-828,2741,1580,1498
543364,508.02,296.85,455.38,317.775,-277,2545,-831,2742,1583,1497
543366,508.26,297.375,455.22,317.7,-274,2551,-832,2742,1586,1499
543368,507.78,297.825,455.54,317.4,-279,2557,-829,2739,1585,1493
543370,507.78,296.925,455.3,317.1,-279,2546,-831,2735,1580,1500
543372,508.26,298.8,454.5,318.15,-275,2567,-840,2746,1584,1491
543374,507.86,297.15,455.22,317.325,-279,2549,-832,2738,1584,1497
543376,507.7,298.275,455.46,317.4,-281,2561,-830,2739,1581,1492
543378,508.02,298.875,454.74,317.325,-278,2568,-838,2737,1583,1492
543380,507.7,297.15,454.34,318.15,-281,2549,-842,2746,1580,1494
543382,507.78,298.275,456.1,318.6,-281,2561,-825,2752,1580,1493
543384,507.86,297.3,455.62,317.1,-280,2551,-829,2736,1585,1490
543386,507.54,298.35,454.98,317.55,-284,2562,-836,2740,1583,1491
543388,508.18,298.125,455.94,317.325,-278,2560,-826,2738,1582,1493
543390,507.94,297.975,455.3,317.325,-280,2558,-833,2738,1580,1488
543392,507.7,298.125,454.5,316.725,-283,2559,-841,2731,1584,1491
543394,507.86,297.6,454.1,317.25,-281,2554,-846,2736,1586,1490
543396,507.86,296.925,455.3,316.5,-281,2546,-833,2728,1578,1490
543398,507.7,297,454.42,317.7,-283,2547,-843,2741,1584,1488
543400,508.26,297.075,455.06,316.8,-277,2548,-836,2732,1586,1484
543402,508.02,297.15,454.9,316.05,-280,2549,-837,2723,1582,1488
543404,507.7,296.325,454.26,315.075,-283,2539,-843,2712,1583,1488
543406,507.38,297.15,455.3,315.825,-286,2548,-833,2721,1586,1488
543408,507.3,296.55,454.74,315.075,-287,2541,-839,2712,1585,1485
543410,507.22,296.775,454.82,315.15,-288,2543,-838,2713,1587,1487
543412,507.86,296.925,454.9,314.85,-282,2546,-837,2710,1587,1486
543414,507.62,296.775,453.78,315.075,-285,2544,-849,2712,1582,1484
543416,508.02,296.7,454.26,315.825,-281,2543,-845,2720,1586,1487
543418,507.46,297.225,453.22,316.35,-287,2548,-856,2725,1587,1485
543420,507.54,297.075,454.74,316.725,-286,2547,-841,2730,1585,1486
543422,507.38,297.525,453.46,316.125,-288,2552,-854,2723,1586,1489
543424,507.78,298.35,454.26,317.625,-285,2561,-847,2739,1589,1487
543426,507.3,297.6,454.1,316.875,-289,2553,-848,2732,1585,1483
543428,507.86,298.125,454.5,316.8,-284,2559,-844,2731,1588,1480
543430,507.14,298.275,453.78,318,-291,2560,-852,2744,1587,1482
543432,507.3,298.65,454.98,317.775,-290,2565,-840,2742,1584,1483
543434,507.38,299.025,454.58,317.55,-289,2569,-844,2740,1586,1480
543436,507.06,299.4,453.94,318.3,-293,2573,-851,2748,1588,1481
543438,506.98,299.025,454.9,317.25,-294,2569,-840,2737,1584,1485
543440,507.54,300.075,455.62,319.275,-289,2581,-835,2760,1583,1483
543442,506.98,299.85,455.14,318.375,-295,2578,-839,2750,1586,1484
543444,507.06,300,454.58,318.075,-294,2581,-844,2747,1583,1480
543446,507.38,300.375,455.54,318.375,-291,2585,-835,2751,1583,1480
543448,507.38,300.45,454.58,318.6,-290,2587,-844,2753,1581,1481
543450,507.86,300.975,455.62,319.2,-286,2593,-834,2760,1586,1478
543452,507.3,300.75,455.46,319.65,-291,2590,-835,2766,1582,1479
543454,507.62,300.3,457.14,318.225,-288,2586,-818,2752,1582,1484
543456,507.7,300.3,456.02,319.575,-286,2587,-829,2766,1583,1483
543458,508.1,300.375,457.14,318.9,-282,2588,-817,2759,1580,1482
543460,506.98,300.75,457.86,318.6,-293,2592,-809,2758,1582,1485
543462,507.38,300.825,457.46,319.425,-289,2593,-814,2766,1581,1486
543464,507.86,300.375,456.66,319.05,-284,2589,-822,2763,1583,1487
543466,508.42,300.15,457.38,319.05,-278,2587,-814,2763,1584,1487
543468,507.78,300.075,456.82,318.825,-284,2586,-820,2761,1586,1482
543470,508.82,300.075,457.46,317.925,-274,2587,-813,2751,1584,1483
543472,508.34,300.225,457.86,318.45,-278,2589,-808,2757,1582,1484
543474,508.02,300,457.14,318.525,-281,2586,-816,2758,1585,1473
543476,508.02,299.775,457.3,317.625,-280,2584,-813,2749,1585,1475
543478,508.1,299.775,457.3,317.55,-280,2584,-812,2748,1585,1485
543480,507.62,299.85,457.7,318.3,-284,2584,-809,2757,1585,1478
543482,508.42,300.225,457.54,318.525,-276,2589,-811,2759,1585,1479
543484,507.78,299.625,458.02,317.175,-282,2582,-804,2744,1584,1477
543486,507.62,299.025,457.7,316.05,-283,2575,-807,2731,1583,1476
543488,507.54,299.025,456.98,316.2,-284,2575,-813,2733,1584,1471
543490,507.14,298.875,456.66,316.05,-287,2573,-817,2731,1587,1477
543492,507.62,298.875,456.66,316.65,-282,2572,-817,2737,1585,1472
543494,507.46,299.55,457.06,316.125,-285,2579,-812,2731,1585,1473
543496,507.3,298.95,456.98,316.65,-285,2572,-814,2735,1587,1469
543498,506.58,298.5,456.66,316.8,-292,2567,-816,2737,1588,1480
543500,506.66,298.8,456.66,316.65,-292,2569,-817,2734,1589,1472
543502,506.58,298.8,456.82,316.275,-293,2569,-815,2730,1589,1472
543504,506.74,299.25,456.02,315.525,-291,2573,-822,2720,1587,1473
543506,506.82,298.5,456.02,315.6,-290,2564,-822,2721,1587,1472
543508,506.82,299.325,455.46,316.875,-290,2572,-829,2734,1588,1475
543510,506.58,299.625,455.54,315.375,-293,2575,-827,2717,1586,1469
543512,506.5,299.55,455.7,316.2,-294,2573,-826,2724,1586,1472
543514,506.74,299.4,455.62,315.9,-291,2571,-827,2721,1587,1471
543516,505.94,299.475,454.82,315.675,-299,2570,-834,2717,1588,1469
543518,506.18,299.475,455.7,314.25,-297,2570,-824,2702,1589,1476
543520,505.94,299.775,455.38,316.35,-300,2572,-829,2723,1588,1471
543522,505.3,299.325,455.38,314.775,-305,2567,-828,2706,1587,1474
543524,505.7,300.075,456.02,315.6,-302,2573,-822,2714,1587,1479
543526,506.1,299.925,455.94,315.6,-298,2572,-823,2714,1590,1472
543528,506.26,299.7,455.22,314.7,-297,2569,-830,2703,1587,1476
543530,506.18,299.85,455.86,315.3,-297,2570,-824,2710,1589,1474
543532,506.26,300,456.02,315.075,-297,2570,-822,2706,1589,1474
543534,505.54,300.15,455.7,315.525,-304,2572,-826,2710,1586,1470
543536,505.3,300.3,455.94,314.85,-307,2572,-823,2702,1585,1475
543538,505.54,300.3,455.38,314.55,-305,2572,-828,2698,1586,1473
543540,505.46,300.975,455.22,314.4,-306,2579,-830,2696,1590,1471
543542,505.46,300.6,455.54,314.625,-306,2575,-828,2699,1587,1471
543544,505.86,300.45,455.22,315.075,-302,2573,-831,2703,1589,1473
543546,505.46,300.225,454.74,315.825,-306,2570,-837,2711,1589,1473
543548,505.3,300.825,455.38,315,-308,2576,-830,2702,1591,1471
543550,505.7,300.6,455.54,313.875,-305,2574,-827,2690,1588,1472
543552,505.22,301.05,456.26,315.75,-309,2578,-821,2710,1587,1464
543554,505.46,300.975,456.02,314.175,-307,2578,-823,2693,1588,1470
543556,505.54,300.75,455.86,315.225,-306,2575,-826,2704,1588,1466
543558,505.62,300.825,456.02,316.05,-306,2576,-825,2713,1586,1469
543560,505.62,301.05,455.78,315,-306,2578,-826,2701,1589,1467
543562,505.62,301.8,456.26,316.05,-307,2586,-822,2713,1590,1468
543564,505.62,302.25,455.38,316.425,-307,2591,-832,2716,1593,1468
543566,503.94,303.825,455.38,316.275,-325,2607,-831,2715,1599,1476
543568,497.86,304.35,450.98,316.8,-388,2610,-877,2718,1592,1465
543570,491.06,307.575,444.42,316.725,-459,2641,-945,2714,1605,1468
543572,479.38,308.025,432.34,317.325,-580,2639,-1070,2713,1603,1470
543574,464.02,309.075,417.3,318.15,-738,2642,-1226,2714,1592,1474
543576,446.66,310.35,399.14,317.7,-917,2647,-1413,2700,1598,1470
543578,428.74,310.5,380.74,318.75,-1102,2638,-1604,2701,1598,1468
543580,410.9,309.45,360.5,319.05,-1285,2617,-1814,2693,1596,1470
543582,392.98,309.3,343.62,317.55,-1470,2605,-1988,2667,1596,1466
543584,374.74,308.4,323.94,317.1,-1658,2586,-2192,2651,1584,1467
543586,356.58,307.2,304.98,315.9,-1845,2562,-2388,2628,1580,1456
543588,337.86,306.975,284.82,314.175,-2038,2550,-2597,2598,1570,1452
543590,319.38,306.675,264.42,312.15,-2230,2536,-2809,2564,1553,1456
543592,302.18,304.8,246.34,310.725,-2407,2507,-2996,2539,1551,1450
543594,285.78,305.175,228.9,309.45,-2578,2501,-3178,2515,1552,1453
543596,271.22,306.225,213.38,309.45,-2730,2505,-3340,2507,1542,1452
543598,259.54,307.2,200.26,311.475,-2854,2509,-3479,2522,1539,1442
543600,251.94,308.775,189.14,312.6,-2934,2523,-3597,2529,1531,1439
543602,245.78,310.65,181.54,313.5,-3000,2540,-3678,2534,1532,1439
543604,244.18,313.425,178.58,314.925,-3019,2570,-3710,2549,1531,1433
543606,243.86,312.75,177.46,316.875,-3022,2563,-3724,2570,1531,1429
543608,243.7,312.525,177.7,314.325,-3022,2561,-3718,2543,1534,1433
543610,244.18,312.075,178.98,312.225,-3017,2556,-3702,2521,1538,1439
543612,243.54,310.725,179.86,312.525,-3021,2543,-3692,2526,1540,1435
543614,243.54,309.45,180.5,310.5,-3020,2529,-3684,2504,1543,1441
543616,242.42,311.7,180.82,311.775,-3033,2554,-3681,2519,1552,1432
543618,241.38,308.775,178.5,309.15,-3041,2522,-3703,2489,1546,1444
543620,240.82,310.125,178.1,312.3,-3047,2538,-3709,2525,1547,1433
543622,241.3,309.825,177.7,311.775,-3043,2534,-3713,2519,1544,1436
543624,240.98,312.3,178.9,312.15,-3047,2563,-3700,2524,1546,1437
543626,242.26,311.025,178.18,312.6,-3032,2549,-3708,2529,1542,1438
543628,241.3,312.075,178.98,313.2,-3043,2561,-3699,2537,1546,1441
543630,241.46,311.4,179.22,313.425,-3040,2554,-3696,2540,1545,1444
543632,241.3,310.875,180.1,313.65,-3040,2549,-3687,2544,1547,1434
543634,241.06,311.175,179.94,311.85,-3043,2552,-3686,2524,1551,1436
543636,240.82,309.75,179.78,311.55,-3044,2537,-3687,2522,1548,1442
543638,240.58,311.175,181.06,309.9,-3047,2553,-3672,2504,1553,1433
543640,239.54,311.1,180.42,309.975,-3057,2552,-3678,2505,1553,1435
543642,239.86,310.5,180.98,309.825,-3054,2545,-3672,2504,1550,1428
543644,239.86,310.5,180.98,309.9,-3053,2546,-3672,2505,1551,1436
543646,240.02,309.975,181.54,307.575,-3051,2541,-3663,2480,1550,1433
543648,239.62,308.925,180.98,306,-3053,2529,-3667,2463,1551,1434
543650,238.1,308.55,181.38,306.9,-3069,2524,-3663,2472,1554,1435
543652,238.42,308.025,180.74,304.875,-3064,2519,-3667,2451,1551,1436
543654,238.26,307.8,180.58,304.65,-3066,2516,-3669,2448,1555,1435
543656,237.38,306.9,181.38,304.8,-3073,2506,-3660,2450,1553,1438
543658,237.3,306.45,181.78,304.275,-3074,2500,-3656,2444,1557,1429
543660,238.18,305.775,181.46,304.5,-3064,2493,-3658,2447,1561,1426
543662,236.9,305.925,180.74,303,-3077,2495,-3665,2430,1559,1433
543664,237.06,305.925,181.62,306,-3076,2494,-3658,2463,1558,1427
543666,236.5,306.075,182.02,303.825,-3082,2495,-3651,2439,1560,1432
543668,236.42,305.325,180.42,303.3,-3082,2487,-3668,2432,1551,1435
543670,236.34,306.375,181.7,303.225,-3083,2498,-3654,2432,1556,1428
543672,234.82,306.45,180.74,302.775,-3099,2497,-3664,2425,1558,1432
543674,234.98,305.625,181.14,302.7,-3096,2489,-3660,2425,1558,1433
543676,235.06,305.7,181.3,304.35,-3096,2489,-3660,2442,1554,1432
543678,235.06,304.875,182.02,303.3,-3095,2479,-3651,2431,1556,1425
543680,234.26,306,181.7,304.2,-3104,2491,-3655,2440,1554,1425
543682,235.06,306.15,180.82,304.05,-3096,2493,-3664,2439,1559,1426
543684,233.7,306.45,181.38,304.8,-3111,2495,-3659,2446,1553,1424
543686,233.94,306.075,180.9,303.225,-3108,2491,-3662,2429,1553,1429
543688,234.1,305.85,181.06,303.975,-3106,2488,-3661,2436,1558,1429
543690,233.62,305.775,181.22,303.3,-3111,2487,-3659,2429,1553,1431
543692,233.54,305.4,181.7,303.525,-3112,2482,-3654,2431,1552,1427
543694,234.26,306.3,181.94,304.2,-3104,2492,-3653,2439,1553,1424
543696,233.78,305.55,181.3,302.475,-3110,2484,-3658,2419,1552,1426
543698,233.38,306.675,181.78,302.85,-3115,2496,-3653,2424,1555,1426
543700,233.22,306.225,181.86,304.125,-3116,2491,-3654,2438,1557,1423
543702,232.9,306.9,181.7,303.225,-3120,2498,-3654,2428,1556,1425
543704,233.14,305.85,182.1,306.15,-3117,2486,-3653,2460,1553,1420
543706,232.98,306.75,181.62,303.675,-3119,2496,-3656,2432,1555,1425
543708,232.18,306.6,181.54,301.65,-3128,2494,-3655,2411,1557,1429
543710,233.22,306.225,182.02,303.45,-3117,2491,-3652,2430,1555,1422
543712,232.34,306.375,181.62,303,-3127,2492,-3656,2426,1554,1425
543714,232.02,306.075,182.42,301.575,-3130,2489,-3646,2410,1557,1430
543716,232.34,305.775,182.02,301.8,-3126,2486,-3651,2413,1553,1427
543718,232.5,307.35,181.7,300.9,-3126,2503,-3654,2403,1563,1431
543720,232.5,307.275,181.86,301.5,-3126,2503,-3653,2410,1557,1431
543722,232.66,306.375,181.78,302.325,-3124,2493,-3654,2419,1558,1428
543724,231.78,305.7,182.18,302.475,-3132,2486,-3650,2421,1559,1427
543726,232.1,306.525,181.94,302.025,-3130,2495,-3653,2416,1557,1432
543728,231.7,306.15,182.34,301.425,-3134,2491,-3649,2410,1556,1429
543730,231.46,306.075,182.18,301.2,-3136,2490,-3650,2408,1556,1430
543732,231.62,306.15,181.62,300.975,-3135,2491,-3656,2405,1557,1431
543734,231.38,306.225,181.62,299.325,-3138,2492,-3654,2387,1561,1431
543736,231.3,306.525,182.18,300.9,-3139,2495,-3650,2405,1555,1432
543738,231.86,306.525,181.7,300.375,-3133,2496,-3654,2399,1556,1430
543740,231.46,306.15,181.62,299.775,-3138,2492,-3655,2393,1557,1432
543742,231.3,305.25,181.78,300.45,-3139,2481,-3654,2400,1556,1432
543744,230.58,304.35,181.06,300.15,-3146,2472,-3662,2397,1561,1433
543746,230.58,305.1,181.38,299.775,-3146,2480,-3658,2393,1554,1431
543748,230.5,304.95,181.46,299.775,-3148,2478,-3657,2393,1558,1435
543750,231.22,304.35,180.98,299.1,-3139,2472,-3662,2385,1557,1434
543752,230.18,304.125,182.02,300.6,-3151,2469,-3653,2403,1558,1433
543754,230.34,304.125,181.7,298.95,-3149,2469,-3655,2384,1563,1435
543756,229.86,305.325,181.94,300.75,-3155,2481,-3654,2404,1562,1431
543758,229.78,305.325,182.02,299.1,-3156,2482,-3652,2386,1563,1434
543760,229.7,304.05,181.62,298.5,-3156,2467,-3656,2379,1559,1434
543762,229.62,304.125,181.22,298.875,-3157,2469,-3660,2383,1564,1431
543764,229.22,303.975,180.98,298.65,-3161,2466,-3663,2380,1565,1435
543766,228.74,304.125,181.62,297.9,-3167,2468,-3656,2372,1565,1432
543768,229.94,303.525,181.7,299.85,-3154,2461,-3657,2392,1559,1432
543770,228.98,304.5,182.18,298.5,-3164,2471,-3651,2379,1560,1434
543772,229.94,303.525,181.62,298.5,-3154,2461,-3656,2377,1558,1435
543774,229.78,303.9,181.22,299.25,-3156,2465,-3662,2386,1561,1428
543776,229.06,303.75,182.18,298.95,-3164,2462,-3651,2383,1559,1433
543778,228.58,302.475,182.26,298.425,-3168,2448,-3650,2377,1564,1430
543780,229.46,303.225,182.02,298.575,-3159,2456,-3653,2378,1560,1426
543782,229.54,303.675,182.26,297.675,-3159,2461,-3650,2368,1562,1429
543784,229.3,304.5,182.26,298.125,-3163,2470,-3651,2373,1564,1422
543786,229.14,304.05,182.26,299.4,-3164,2464,-3652,2386,1560,1434
543788,229.7,305.325,182.26,302.85,-3159,2478,-3655,2424,1560,1424
543790,228.66,308.7,180.42,305.7,-3173,2515,-3678,2454,1562,1424
543792,226.98,314.325,175.86,312.9,-3196,2575,-3732,2529,1554,1420
543794,224.74,323.475,170.74,320.1,-3228,2674,-3794,2605,1551,1416
543796,222.66,331.725,164.58,326.775,-3258,2763,-3866,2675,1556,1421
543798,220.42,336.375,161.14,333,-3286,2812,-3908,2741,1562,1420
543800,221.06,340.425,159.94,338.25,-3283,2857,-3926,2798,1563,1424
543802,222.74,342.45,160.18,340.35,-3267,2880,-3926,2822,1568,1424
543804,222.9,341.475,162.98,338.4,-3264,2869,-3894,2801,1567,1426
543806,224.82,340.425,164.5,337.2,-3243,2859,-3877,2789,1569,1432
543808,225.3,338.85,166.9,335.925,-3236,2841,-3850,2775,1565,1433
543810,225.78,340.2,168.82,334.8,-3232,2857,-3829,2764,1573,1434
543812,225.3,340.5,170.1,333.375,-3237,2859,-3813,2749,1569,1429
543814,225.46,340.275,170.74,332.7,-3235,2856,-3805,2742,1572,1432
543816,224.66,340.275,170.34,334.2,-3244,2856,-3811,2757,1570,1434
543818,224.34,340.575,170.5,333.225,-3248,2858,-3808,2747,1567,1430
543820,223.62,340.2,170.42,334.575,-3254,2853,-3810,2761,1565,1427
543822,223.78,340.275,169.78,334.725,-3253,2854,-3817,2763,1572,1432
543824,224.26,340.125,169.78,335.1,-3246,2852,-3816,2766,1571,1431
543826,223.3,339.975,170.26,335.025,-3257,2851,-3811,2765,1567,1424
543828,223.46,339.975,169.38,335.775,-3254,2850,-3821,2773,1566,1431
543830,224.02,341.85,170.34,336.75,-3250,2871,-3812,2784,1571,1428
543832,223.94,341.4,170.26,336.675,-3250,2866,-3812,2783,1570,1426
543834,223.78,341.325,169.62,337.35,-3251,2865,-3820,2790,1567,1435
543836,223.22,341.55,170.02,338.7,-3257,2867,-3816,2805,1571,1430
543838,223.46,341.625,170.58,334.725,-3254,2868,-3806,2761,1571,1429
543840,222.9,341.625,170.58,335.325,-3260,2867,-3806,2768,1568,1428
543842,222.98,341.625,171.78,336.375,-3260,2867,-3795,2780,1575,1430
543844,223.62,341.775,170.66,336.825,-3252,2869,-3807,2784,1572,1436
543846,222.34,342.225,171.3,336.225,-3266,2873,-3799,2778,1570,1428
543848,223.06,342.75,171.3,336.15,-3259,2879,-3798,2777,1573,1430
543850,222.5,341.175,171.22,336.375,-3263,2862,-3799,2780,1574,1429
543852,222.58,342.3,171.46,335.55,-3263,2874,-3796,2771,1577,1426
543854,222.74,341.925,171.78,336.3,-3261,2870,-3794,2779,1579,1426
543856,222.42,341.625,171.94,336.525,-3264,2866,-3792,2781,1579,1424
543858,222.18,341.1,171.46,336.9,-3266,2860,-3797,2785,1575,1427
543860,222.5,341.25,170.82,335.85,-3263,2862,-3803,2773,1574,1429
543862,221.7,341.925,171.62,335.925,-3271,2869,-3794,2774,1579,1427
543864,222.26,341.25,170.98,335.25,-3265,2862,-3800,2766,1574,1424
543866,220.98,341.25,171.54,335.475,-3278,2861,-3794,2769,1578,1425
543868,221.78,339.75,171.7,336.15,-3268,2845,-3793,2776,1573,1424
543870,222.02,341.25,171.38,336.825,-3267,2862,-3797,2784,1572,1422
543872,221.38,341.1,171.7,334.875,-3273,2859,-3792,2762,1575,1426
543874,220.9,340.8,171.22,334.65,-3279,2856,-3797,2760,1577,1427
543876,221.54,340.95,171.86,334.5,-3272,2858,-3789,2758,1576,1424
543878,221.14,340.8,170.98,334.2,-3275,2856,-3799,2754,1576,1426
543880,222.1,340.8,172.02,335.7,-3266,2856,-3789,2772,1573,1418
543882,221.22,340.8,171.46,335.175,-3275,2856,-3794,2765,1575,1419
543884,220.58,340.65,171.54,336.6,-3281,2853,-3795,2781,1572,1415
543886,220.58,341.1,170.98,335.175,-3282,2859,-3799,2765,1579,1424
543888,220.02,341.7,171.14,334.8,-3288,2865,-3797,2761,1576,1425
543890,219.7,340.725,171.54,335.7,-3291,2854,-3794,2771,1575,1422
543892,220.34,340.95,171.3,336.525,-3284,2856,-3797,2780,1577,1421
543894,220.42,340.8,171.86,335.025,-3283,2855,-3790,2763,1576,1421
543896,220.5,341.4,171.94,336.6,-3283,2862,-3790,2781,1574,1421
543898,219.94,341.4,172.02,336.975,-3289,2861,-3790,2785,1573,1418
543900,220.18,340.8,171.3,335.775,-3286,2855,-3797,2771,1577,1416
543902,219.94,340.05,170.9,336.675,-3287,2847,-3801,2781,1572,1421
543904,219.7,342,171.3,336.9,-3291,2868,-3797,2784,1574,1420
543906,218.66,341.55,172.18,336.9,-3302,2862,-3788,2784,1578,1418
543908,219.14,341.175,171.62,336.525,-3296,2859,-3793,2780,1571,1420
543910,219.46,341.025,171.38,336.45,-3293,2857,-3796,2779,1573,1419
543912,218.9,341.55,172.1,335.475,-3299,2863,-3787,2770,1577,1417
543914,219.78,341.1,172.02,336.15,-3290,2859,-3788,2777,1577,1415
543916,218.42,340.65,172.02,336.525,-3304,2853,-3789,2781,1577,1414
543918,219.22,341.85,172.18,334.875,-3296,2866,-3786,2763,1581,1416
543920,218.9,341.475,171.54,335.325,-3299,2862,-3793,2768,1579,1417
543922,219.54,340.425,172.1,336.375,-3291,2852,-3788,2780,1577,1414
543924,218.82,341.1,172.26,335.925,-3299,2859,-3786,2775,1578,1415
543926,218.9,341.625,172.9,335.625,-3299,2864,-3779,2772,1575,1419
543928,218.98,340.875,172.1,335.7,-3297,2857,-3787,2772,1578,1413
543930,219.38,340.125,172.5,335.7,-3292,2849,-3783,2773,1578,1414
543932,219.38,341.1,172.18,335.625,-3293,2859,-3785,2772,1576,1413
543934,219.94,340.95,172.1,334.725,-3286,2859,-3785,2762,1575,1415
543936,219.38,340.875,172.42,334.95,-3292,2857,-3782,2765,1569,1416
543938,219.38,341.1,172.18,334.8,-3292,2860,-3785,2763,1571,1411
543940,219.3,340.35,172.82,334.65,-3292,2852,-3777,2762,1572,1411
543942,219.46,341.475,172.5,334.2,-3291,2864,-3780,2757,1580,1416
543944,218.98,341.1,172.26,334.5,-3295,2860,-3782,2760,1577,1412
543946,219.38,340.275,172.5,335.55,-3291,2851,-3781,2772,1576,1412
543948,219.46,340.575,172.82,335.325,-3289,2855,-3776,2770,1576,1412
543950,220.18,340.5,173.46,333.825,-3281,2854,-3768,2754,1577,1409
543952,220.1,340.5,173.46,334.2,-3282,2854,-3767,2758,1574,1408
543954,220.18,340.275,173.46,334.725,-3280,2852,-3768,2763,1578,1408
543956,219.94,339.675,173.38,335.475,-3282,2845,-3768,2772,1580,1409
543958,220.5,340.05,173.54,334.8,-3276,2850,-3767,2764,1578,1410
543960,220.42,339.9,174.5,334.8,-3276,2847,-3756,2765,1574,1408
543962,220.66,340.65,173.86,334.65,-3274,2855,-3762,2763,1578,1411
543964,220.42,340.575,174.58,333.3,-3276,2855,-3752,2748,1578,1409
543966,220.82,340.35,174.26,333.15,-3271,2852,-3755,2746,1575,1405
543968,220.18,340.425,174.58,334.125,-3277,2853,-3752,2757,1577,1406
543970,220.34,339.9,174.74,333.3,-3275,2847,-3749,2748,1570,1408
543972,220.26,339.375,174.1,333.825,-3274,2841,-3756,2753,1570,1406
543974,220.34,339.825,174.34,334.875,-3274,2846,-3754,2765,1573,1404
543976,220.5,339.75,175.14,333.9,-3272,2845,-3744,2754,1572,1405
543978,220.1,339.6,175.38,333.6,-3275,2843,-3741,2751,1576,1404
543980,220.58,339.675,174.1,334.2,-3269,2844,-3754,2757,1571,1403
543982,221.46,339.45,174.98,332.85,-3259,2842,-3744,2742,1569,1401
543984,221.46,339.825,175.3,334.35,-3259,2846,-3741,2759,1572,1402
543986,220.18,339,174.98,334.2,-3272,2836,-3744,2757,1568,1406
543988,219.54,339.825,174.74,334.275,-3278,2845,-3746,2758,1573,1404
543990,216.82,339.975,172.58,333.375,-3307,2845,-3767,2747,1573,1407
543992,210.98,340.575,168.5,334.5,-3368,2848,-3810,2756,1570,1408
543994,203.62,342.15,159.78,335.7,-3447,2861,-3904,2764,1568,1402
543996,193.7,343.575,149.38,335.25,-3553,2871,-4013,2753,1570,1405
543998,180.1,344.85,134.5,333.9,-3698,2877,-4169,2730,1572,1406
544000,166.66,342.9,120.18,331.425,-3837,2848,-4318,2694,1562,1398
544002,152.74,339.6,105.46,330.675,-3981,2804,-4473,2677,1557,1399
544004,139.94,336.225,90.9,328.425,-4112,2759,-4624,2644,1546,1400
544006,127.62,332.175,76.26,324.15,-4238,2707,-4776,2588,1542,1392
544008,116.26,328.65,62.34,319.35,-4354,2662,-4918,2527,1527,1386
544010,105.46,326.1,52.98,317.325,-4466,2627,-5015,2499,1518,1378
544012,97.62,324.225,44.1,316.875,-4547,2602,-5108,2489,1516,1373
544014,91.46,324.75,36.5,314.775,-4613,2604,-5188,2461,1513,1373
544016,89.22,325.2,32.9,316.725,-4636,2608,-5227,2480,1506,1366
544018,87.46,324.525,30.66,316.725,-4654,2600,-5252,2480,1498,1368
544020,85.86,325.425,29.86,317.1,-4672,2609,-5259,2483,1501,1369
544022,85.7,324.525,30.02,315.675,-4672,2598,-5256,2467,1508,1368
544024,85.38,324.15,29.54,315.3,-4674,2594,-5260,2463,1509,1370
544026,84.98,323.625,31.3,315.825,-4678,2588,-5242,2470,1514,1370
544028,84.98,322.275,30.1,313.5,-4676,2573,-5252,2444,1515,1375
544030,85.62,321.45,31.22,314.025,-4668,2565,-5240,2451,1520,1370
544032,85.86,320.85,30.58,312.975,-4664,2559,-5246,2439,1517,1374
544034,84.98,322.05,29.54,313.425,-4675,2571,-5257,2443,1524,1373
544036,84.82,321.675,29.54,314.175,-4676,2568,-5257,2452,1525,1370
544038,83.54,321.75,28.26,313.2,-4690,2568,-5270,2440,1525,1375
544040,83.86,322.125,29.22,314.7,-4687,2573,-5261,2458,1522,1369
544042,82.5,324,28.98,313.05,-4704,2592,-5262,2440,1529,1375
544044,82.26,322.8,29.62,315.15,-4705,2579,-5258,2464,1524,1374
544046,81.94,321.75,28.02,314.85,-4707,2567,-5274,2460,1525,1375
544048,80.82,321.9,29.3,314.55,-4719,2569,-5261,2457,1527,1371
544050,81.7,323.55,29.94,315,-4711,2587,-5254,2462,1526,1373
544052,80.66,322.875,30.1,314.175,-4722,2580,-5251,2454,1525,1373
544054,80.74,322.125,29.3,312.825,-4720,2571,-5259,2439,1526,1378
544056,80.42,322.725,29.38,313.125,-4724,2578,-5258,2442,1524,1376
544058,80.66,322.65,28.9,313.5,-4722,2578,-5264,2446,1529,1378
544060,79.7,322.725,29.38,312.675,-4733,2578,-5259,2438,1524,1375
544062,79.54,321.9,29.94,312.225,-4734,2569,-5252,2433,1526,1374
544064,79.3,322.2,29.62,312.75,-4737,2573,-5257,2439,1526,1372
544066,79.14,321.75,28.9,310.725,-4738,2568,-5262,2416,1526,1374
544068,79.22,321.825,30.34,311.775,-4738,2569,-5249,2429,1530,1377
544070,78.58,320.85,29.14,311.85,-4744,2558,-5261,2429,1533,1377
544072,79.22,321.6,30.5,310.65,-4738,2567,-5246,2418,1529,1377
544074,79.62,320.475,30.98,311.325,-4733,2555,-5241,2425,1529,1377
544076,79.38,320.85,30.1,310.05,-4736,2559,-5250,2411,1529,1377
544078,78.5,319.875,30.18,309.9,-4745,2548,-5249,2409,1524,1377
544080,78.74,319.575,29.7,309.9,-4743,2545,-5255,2409,1530,1378
544082,78.42,319.125,29.38,308.1,-4746,2540,-5257,2389,1531,1380
544084,78.18,318.675,30.18,308.85,-4748,2535,-5250,2398,1532,1376
544086,77.7,318.375,30.1,308.925,-4753,2531,-5250,2398,1534,1380
544088,78.1,319.05,29.3,308.1,-4750,2539,-5258,2389,1530,1383
544090,78.18,319.125,30.34,308.175,-4750,2540,-5248,2391,1533,1382
544092,77.22,318.225,30.66,308.25,-4759,2530,-5245,2392,1533,1387
544094,77.46,317.925,30.02,308.7,-4757,2526,-5252,2397,1532,1384
544096,76.9,318.075,31.06,309.45,-4764,2528,-5243,2406,1535,1385
544098,76.26,318.975,29.78,309.525,-4771,2537,-5256,2406,1534,1381
544100,76.66,318.45,29.86,308.55,-4767,2533,-5255,2395,1535,1387
544102,76.5,319.2,30.82,310.125,-4770,2540,-5247,2413,1537,1386
544104,76.1,318.975,29.7,310.575,-4774,2538,-5260,2418,1537,1382
544106,75.94,319.8,30.74,309.375,-4777,2548,-5248,2405,1535,1389
544108,76.74,320.325,31.54,309.525,-4770,2554,-5240,2408,1534,1389
544110,75.7,320.55,30.82,310.95,-4781,2556,-5249,2424,1542,1389
544112,74.98,319.575,30.66,309.825,-4788,2545,-5250,2411,1544,1391
544114,74.5,319.425,30.9,309.675,-4793,2543,-5247,2410,1548,1391
544116,74.98,320.475,31.3,311.025,-4790,2555,-5244,2425,1547,1387
544118,75.38,321.075,30.34,309.975,-4786,2562,-5254,2413,1549,1392
544120,75.86,321.075,30.82,310.725,-4781,2563,-5250,2422,1544,1390
544122,75.38,320.475,31.46,309,-4785,2556,-5241,2403,1547,1392
544124,75.54,321.3,32.02,310.2,-4785,2565,-5237,2417,1545,1393
544126,75.22,319.95,31.94,309.9,-4787,2551,-5237,2414,1549,1393
544128,75.38,320.325,32.5,307.875,-4786,2555,-5230,2393,1547,1397
544130,75.22,319.725,32.34,309,-4787,2548,-5232,2404,1547,1394
544132,74.74,319.8,32.82,308.325,-4792,2550,-5226,2398,1550,1395
544134,75.22,320.025,32.74,307.65,-4787,2552,-5226,2391,1548,1397
544136,75.22,319.125,33.22,307.65,-4787,2543,-5222,2392,1552,1396
544138,75.86,319.05,33.06,307.5,-4780,2543,-5224,2389,1550,1398
544140,76.18,318.975,33.94,306.075,-4777,2542,-5213,2375,1549,1399
544142,75.22,319.725,33.3,307.125,-4788,2550,-5220,2386,1554,1399
544144,74.5,319.8,33.78,304.725,-4795,2550,-5212,2359,1555,1401
544146,75.22,318.6,33.22,306,-4787,2538,-5220,2374,1550,1400
544148,74.74,319.8,32.9,305.025,-4793,2550,-5222,2362,1557,1405
544150,74.34,317.85,32.9,306.075,-4795,2528,-5224,2374,1555,1402
544152,75.22,317.1,33.7,304.95,-4784,2520,-5213,2361,1551,1404
544154,73.7,317.7,32.98,305.1,-4801,2526,-5222,2363,1557,1404
544156,75.22,317.4,33.46,303.6,-4785,2523,-5214,2346,1555,1411
544158,74.26,318.3,33.7,304.275,-4796,2532,-5213,2353,1560,1406
544160,73.78,316.35,32.18,303.6,-4799,2510,-5228,2345,1555,1410
544162,74.18,316.275,33.62,302.775,-4795,2509,-5212,2336,1555,1412
544164,73.7,315.3,32.74,302.775,-4798,2498,-5220,2335,1552,1409
544166,72.74,317.7,32.66,303.225,-4811,2523,-5222,2340,1562,1412
544168,72.74,315.375,32.34,303.375,-4808,2497,-5225,2340,1554,1412
544170,73.46,315.75,32.98,304.35,-4801,2501,-5220,2352,1554,1413
544172,72.5,317.55,32.26,303.15,-4812,2519,-5226,2336,1561,1413
544174,72.1,316.5,30.98,304.05,-4816,2508,-5240,2346,1561,1411
544176,73.14,315.375,32.34,303,-4803,2494,-5224,2334,1557,1415
544178,72.66,314.7,31.7,303,-4807,2487,-5231,2334,1558,1417
544180,72.5,315.6,32.1,304.275,-4810,2495,-5228,2346,1557,1412
544182,72.26,315,31.86,302.925,-4812,2488,-5229,2331,1560,1418
544184,72.1,315.15,31.14,303.075,-4813,2489,-5236,2331,1560,1416
544186,71.94,316.275,32.66,303.9,-4816,2501,-5221,2341,1560,1416
544188,71.94,315.975,31.3,303.975,-4815,2496,-5235,2340,1564,1420
544190,71.94,315.225,31.38,302.475,-4814,2488,-5232,2323,1563,1417
544192,71.14,317.4,31.22,302.175,-4825,2511,-5233,2319,1565,1423
544194,69.06,315,29.7,301.8,-4845,2483,-5249,2314,1567,1425
544196,65.54,316.8,26.58,301.2,-4884,2500,-5281,2304,1571,1420
544198,61.38,315.15,19.38,299.775,-4926,2479,-5357,2284,1562,1430
544200,56.5,317.55,15.38,300.375,-4981,2501,-5399,2288,1573,1418
544202,52.42,315.225,9.54,298.425,-5021,2474,-5459,2262,1570,1421
544204,50.98,316.425,6.9,299.25,-5037,2485,-5489,2269,1567,1420
544206,51.06,314.25,6.34,295.5,-5034,2461,-5490,2228,1562,1425
544208,52.98,313.725,7.62,296.55,-5013,2455,-5477,2239,1560,1421
544210,52.58,312.15,9.22000000000001,297.975,-5015,2438,-5462,2256,1560,1420
544212,54.42,311.85,11.14,297.45,-4995,2435,-5440,2251,1557,1423
544214,55.14,312.225,14.74,298.35,-4988,2440,-5403,2262,1560,1423
544216,55.06,313.125,14.66,298.05,-4989,2449,-5403,2259,1564,1424
544218,54.74,314.7,14.9,296.175,-4995,2467,-5398,2239,1566,1432
544220,54.58,314.85,15.06,297.15,-4996,2468,-5397,2249,1568,1428
544222,54.26,314.175,14.66,296.475,-4998,2461,-5401,2241,1573,1433
544224,54.34,314.85,15.14,297.525,-4998,2467,-5396,2253,1565,1430
544226,54.42,313.5,14.34,297.3,-4996,2453,-5404,2250,1567,1435
544228,54.18,313.95,13.3,297.825,-4997,2457,-5415,2255,1573,1427
544230,53.7,313.275,14.02,296.55,-5002,2450,-5406,2242,1566,1433
544232,52.42,314.325,13.78,297.3,-5016,2461,-5409,2249,1576,1429
544234,53.3,312.975,12.9,297.525,-5006,2446,-5419,2251,1575,1433
544236,52.9,313.875,14.66,298.875,-5010,2456,-5401,2268,1572,1432
544238,53.62,313.425,14.34,297.825,-5002,2452,-5403,2256,1570,1432
544240,53.14,313.35,14.74,297.225,-5006,2450,-5397,2250,1578,1438
544242,52.34,311.55,14.1,296.55,-5013,2430,-5404,2242,1572,1439
544244,52.58,312.6,13.3,297.3,-5011,2442,-5413,2250,1576,1436
544246,52.26,312.375,14.58,297.9,-5014,2440,-5399,2257,1578,1438
544248,53.06,313.575,14.66,297.3,-5007,2453,-5398,2251,1572,1441
544250,52.34,312.75,13.78,297.225,-5013,2444,-5407,2249,1576,1443
544252,51.7,312.825,13.62,297.525,-5019,2445,-5409,2253,1582,1442
544254,51.94,313.5,13.3,296.775,-5017,2452,-5411,2244,1579,1442
544256,51.54,313.575,12.18,296.475,-5021,2453,-5422,2241,1582,1450
544258,52.42,312.375,13.3,296.625,-5010,2441,-5410,2243,1581,1450
544260,52.34,312.525,13.3,297.975,-5011,2442,-5411,2258,1579,1443
544262,52.02,312,13.06,296.85,-5014,2437,-5412,2246,1582,1448
544264,52.34,312.825,13.86,297.6,-5011,2446,-5403,2255,1583,1450
544266,51.62,313.2,13.78,296.85,-5019,2449,-5403,2246,1584,1447
544268,51.78,312.375,12.66,296.775,-5016,2441,-5415,2246,1581,1450
544270,50.82,311.85,12.98,297,-5025,2435,-5412,2248,1580,1454
544272,51.14,312,12.98,297.975,-5022,2437,-5412,2260,1583,1450
544274,51.06,312.225,13.62,295.725,-5022,2439,-5403,2235,1582,1450
544276,51.38,312.15,12.74,295.875,-5019,2439,-5412,2236,1584,1451
544278,51.38,312.15,12.34,295.65,-5019,2440,-5416,2233,1586,1452
544280,50.66,311.7,14.02,297.675,-5025,2435,-5400,2257,1582,1450
544282,50.98,311.925,13.14,296.625,-5022,2437,-5408,2245,1584,1453
544284,51.22,311.85,12.66,295.275,-5018,2437,-5411,2231,1588,1457
544286,50.98,311.475,12.98,296.775,-5021,2433,-5409,2247,1587,1454
544288,51.14,312.975,12.58,297.225,-5020,2449,-5413,2253,1589,1456
544290,51.14,312.75,13.22,295.95,-5020,2447,-5404,2239,1589,1456
544292,51.7,312.3,12.98,297,-5013,2442,-5408,2251,1586,1455
544294,52.18,312.525,12.66,296.925,-5008,2445,-5411,2250,1593,1455
544296,51.38,312.75,13.3,297.075,-5016,2448,-5404,2252,1593,1458
544298,51.62,312.525,12.58,296.925,-5013,2445,-5412,2250,1589,1459
544300,50.98,312.6,13.06,297.75,-5020,2447,-5407,2260,1592,1458
544302,51.3,312.525,13.06,295.65,-5016,2445,-5404,2237,1590,1463
544304,51.62,312.225,13.3,296.1,-5012,2443,-5402,2242,1592,1457
544306,51.38,312.675,13.7,297.6,-5015,2448,-5400,2259,1593,1459
544308,51.3,311.925,13.3,296.025,-5015,2440,-5401,2242,1592,1460
544310,52.18,312.525,13.46,295.35,-5006,2447,-5399,2235,1595,1461
544312,51.7,311.25,12.9,296.475,-5009,2433,-5407,2247,1591,1461
544314,52.18,311.7,13.54,295.575,-5005,2438,-5398,2237,1594,1463
544316,52.82,311.25,13.62,294.75,-4997,2434,-5396,2228,1592,1463
544318,52.58,311.175,13.94,295.575,-4999,2433,-5393,2238,1593,1461
544320,52.5,309.75,13.54,294.15,-4998,2418,-5395,2222,1594,1463
544322,52.82,310.05,12.34,294.75,-4995,2421,-5409,2228,1593,1461
544324,52.42,310.275,12.98,295.875,-4999,2424,-5403,2241,1594,1460
544326,52.5,309.825,12.34,294.75,-4997,2419,-5409,2228,1593,1466
544328,52.18,310.125,12.34,294.825,-5001,2422,-5408,2229,1593,1467
544330,52.34,310.95,12.9,295.575,-5000,2431,-5403,2238,1597,1463
544332,51.78,309.225,12.98,294.525,-5004,2412,-5401,2227,1596,1466
544334,51.62,309.825,13.3,294.9,-5007,2418,-5398,2231,1594,1466
544336,51.54,308.775,12.98,294.9,-5006,2407,-5401,2231,1597,1465
544338,51.78,309.075,12.9,294.9,-5003,2410,-5402,2231,1594,1467
544340,52.1,309.975,12.26,295.2,-5001,2421,-5408,2234,1592,1466
544342,51.38,308.85,12.98,296.1,-5008,2408,-5402,2244,1597,1461
544344,51.7,310.725,12.18,295.5,-5006,2428,-5410,2237,1598,1471
544346,51.54,310.425,12.26,295.425,-5007,2425,-5409,2236,1599,1469
544348,51.06,309.75,12.58,294.9,-5012,2418,-5404,2230,1594,1469
544350,51.54,309.975,12.26,295.05,-5007,2420,-5408,2232,1602,1469
544352,50.66,309.675,11.7,295.2,-5015,2416,-5414,2233,1604,1468
544354,51.7,309,11.86,294.825,-5004,2410,-5412,2229,1602,1469
544356,51.22,309.825,12.82,295.875,-5010,2418,-5403,2241,1600,1469
544358,51.22,309.15,12.26,295.725,-5009,2411,-5408,2239,1603,1471
544360,51.46,308.025,12.66,294.9,-5005,2398,-5403,2230,1596,1470
544362,51.62,309.45,12.9,295.8,-5005,2414,-5402,2240,1601,1472
544364,50.98,309.825,12.66,295.125,-5011,2419,-5404,2233,1602,1471
544366,51.46,309.075,12.02,294.75,-5005,2411,-5410,2228,1601,1469
544368,51.22,308.55,13.3,295.275,-5007,2404,-5396,2235,1600,1472
544370,50.9,309.375,13.14,296.025,-5012,2414,-5399,2243,1604,1474
544372,51.62,308.475,12.82,294.975,-5003,2404,-5401,2232,1601,1475
544374,51.22,309.6,13.14,293.625,-5009,2416,-5396,2217,1605,1470
544376,52.34,309.6,12.98,294.825,-4997,2417,-5399,2230,1602,1472
544378,52.18,308.775,13.38,294.6,-4998,2408,-5395,2228,1602,1473
544380,52.02,309.6,14.42,295.2,-5000,2418,-5385,2236,1600,1478
544382,52.42,309.975,13.62,295.05,-4996,2422,-5393,2234,1605,1474
544384,51.78,310.2,14.58,295.425,-5003,2424,-5383,2239,1607,1477
544386,52.02,310.425,14.02,293.925,-5001,2427,-5387,2221,1605,1479
544388,52.34,309.225,13.7,294.375,-4996,2415,-5391,2227,1602,1475
544390,51.78,309.75,13.54,294.825,-5002,2420,-5393,2232,1607,1478
544392,51.38,309.45,13.3,295.275,-5006,2416,-5396,2237,1605,1472
544394,51.7,308.1,13.46,294.6,-5002,2402,-5393,2230,1603,1475
544396,52.18,308.1,14.02,294.525,-4996,2402,-5387,2230,1600,1480
544398,50.82,308.55,13.46,294.6,-5011,2407,-5393,2230,1604,1475
544400,51.86,308.625,13.78,294.75,-4999,2409,-5390,2233,1605,1477
544402,51.38,308.775,12.74,293.775,-5005,2410,-5400,2222,1607,1475
544404,50.9,309.075,12.58,294.075,-5010,2414,-5401,2225,1606,1475
544406,51.78,309.975,13.46,294,-5002,2424,-5392,2225,1609,1476
544408,49.94,309.375,11.94,293.775,-5020,2417,-5408,2222,1609,1479
544410,49.86,308.85,12.82,294.375,-5021,2411,-5399,2229,1607,1474
544412,49.7,308.175,12.74,294.75,-5022,2403,-5401,2234,1600,1477
544414,49.94,309.225,13.06,293.925,-5020,2416,-5396,2225,1606,1478
544416,50.02,309.45,12.18,295.8,-5020,2418,-5408,2245,1606,1478
544418,49.62,308.325,11.94,295.05,-5023,2405,-5409,2237,1604,1479
544420,48.42,309.3,12.66,295.125,-5038,2416,-5402,2238,1608,1475
544422,48.66,307.8,12.1,295.725,-5033,2400,-5409,2244,1604,1480
544424,48.5,308.55,12.42,295.65,-5036,2408,-5405,2244,1611,1477
544426,48.66,308.625,12.1,294.825,-5034,2409,-5409,2235,1605,1478
544428,48.82,308.175,11.54,294.375,-5033,2404,-5414,2230,1604,1479
544430,48.58,307.8,11.7,294.3,-5035,2400,-5412,2229,1604,1478
544432,48.5,308.325,11.78,295.575,-5036,2406,-5414,2243,1607,1476
544434,48.42,306.975,12.18,293.175,-5036,2391,-5407,2217,1600,1476
544436,48.02,308.55,11.7,294.675,-5042,2408,-5414,2233,1607,1477
544438,48.66,309.225,11.46,295.8,-5036,2415,-5418,2245,1605,1481
544440,48.5,308.85,11.78,294.225,-5038,2411,-5413,2228,1606,1482
544442,48.9,308.25,11.7,295.05,-5033,2405,-5415,2237,1607,1481
544444,48.58,307.8,12.18,294.675,-5037,2400,-5409,2233,1606,1477
544446,49.46,307.35,12.5,294.9,-5027,2395,-5406,2236,1605,1483
544448,48.1,307.875,13.46,294.15,-5042,2400,-5395,2228,1611,1482
544450,48.58,308.025,13.06,294.3,-5037,2402,-5400,2229,1611,1481
544452,48.74,306.75,13.3,293.4,-5034,2388,-5396,2220,1610,1479
544454,48.82,307.125,12.98,294.9,-5034,2392,-5401,2236,1614,1487
544456,49.46,307.575,12.9,293.625,-5027,2398,-5401,2222,1616,1482
544458,49.86,306.45,13.54,293.175,-5021,2386,-5394,2217,1609,1481
544460,49.54,308.325,12.82,294.3,-5028,2406,-5403,2229,1611,1486
544462,50.18,308.55,13.06,294,-5020,2409,-5400,2226,1610,1481
544464,49.94,308.4,13.22,293.175,-5023,2407,-5397,2217,1610,1484
544466,49.86,306.6,13.46,293.475,-5022,2387,-5396,2220,1606,1485
544468,49.06,307.5,13.38,293.925,-5032,2396,-5397,2225,1608,1482
544470,48.5,307.425,13.78,294.3,-5037,2395,-5392,2230,1613,1485
544472,48.98,307.65,14.02,294.15,-5032,2398,-5390,2228,1615,1487
544474,49.78,307.575,13.94,294.075,-5023,2398,-5390,2227,1613,1482
544476,49.86,309.075,13.54,294.225,-5024,2414,-5395,2229,1615,1483
544478,50.02,308.325,14.66,294.15,-5021,2406,-5382,2228,1614,1486
544480,49.62,308.775,13.06,292.125,-5026,2411,-5396,2205,1616,1479
544482,49.7,309.75,13.86,294.675,-5026,2421,-5391,2234,1616,1485
544484,49.62,309.3,14.34,294.525,-5026,2416,-5385,2232,1612,1486
544486,49.3,309.075,14.02,295.05,-5029,2413,-5389,2238,1618,1485
544488,49.06,308.1,13.3,294.825,-5030,2403,-5396,2234,1613,1486
544490,48.98,308.7,13.86,294.675,-5032,2410,-5390,2233,1613,1487
544492,48.98,309.375,14.42,294.225,-5031,2416,-5383,2228,1620,1488
544494,48.66,308.25,14.98,294.3,-5034,2404,-5377,2230,1616,1485
544496,49.38,307.5,14.74,294.075,-5025,2396,-5378,2227,1610,1485
544498,49.54,308.55,14.66,294.15,-5025,2408,-5380,2228,1620,1485
544500,50.02,309.75,15.14,295.125,-5020,2421,-5375,2238,1616,1490
544502,50.1,308.4,14.18,294.6,-5018,2407,-5385,2232,1614,1486
544504,50.18,309.075,14.1,294.225,-5017,2414,-5385,2228,1619,1488
544506,49.46,307.95,14.1,294.3,-5024,2401,-5384,2229,1620,1490
544508,50.42,309,14.98,294.825,-5014,2413,-5376,2235,1618,1486
544510,50.5,308.55,16.5,294.375,-5012,2408,-5359,2231,1621,1488
544512,53.94,309.075,21.22,294.9,-4976,2416,-5308,2240,1617,1485
544514,62.74,305.775,32.26,298.275,-4878,2384,-5195,2284,1616,1481
544516,75.62,308.475,46.82,301.5,-4743,2422,-5043,2328,1616,1488
544518,93.38,306.525,66.34,305.775,-4553,2411,-4840,2387,1624,1496
544520,115.94,312.45,88.18,310.95,-4319,2490,-4612,2456,1632,1506
544522,140.74,316.5,115.38,315.825,-4061,2549,-4329,2527,1645,1516
544524,165.94,318.225,142.34,318.15,-3796,2583,-4046,2568,1656,1518
544526,193.22,323.1,170.18,322.5,-3514,2653,-3756,2633,1666,1521
544528,220.66,322.95,196.98,320.85,-3224,2667,-3471,2630,1677,1522
544530,249.38,324.675,224.34,321.6,-2925,2703,-3184,2654,1681,1529
544532,276.58,322.2,252.82,320.775,-2637,2691,-2885,2662,1680,1530
544534,304.74,322.2,277.94,318.825,-2343,2708,-2620,2655,1679,1524
544536,333.22,320.475,305.86,324,-2045,2705,-2333,2728,1673,1531
544538,360.74,318.675,332.26,322.425,-1758,2702,-2057,2726,1678,1519
544540,386.82,318.9,358.58,322.125,-1488,2718,-1782,2738,1674,1525
544542,412.5,316.95,382.42,322.5,-1221,2712,-1536,2755,1679,1526
544544,436.1,316.875,404.02,323.25,-978,2725,-1313,2776,1675,1526
544546,456.74,316.725,420.58,323.325,-765,2735,-1142,2787,1672,1524
544548,474.5,316.65,433.62,325.35,-583,2745,-1009,2816,1677,1522
544550,487.14,315.9,442.26,325.35,-453,2744,-920,2821,1672,1526
544552,497.06,314.925,445.38,326.7,-351,2739,-889,2838,1672,1523
544554,499.94,314.55,447.14,324.375,-321,2737,-869,2813,1678,1528
544556,500.5,314.475,447.22,324.45,-315,2736,-868,2814,1678,1533
544558,499.7,313.875,446.02,323.7,-323,2729,-881,2805,1678,1532
544560,499.78,313.575,445.06,322.575,-322,2726,-890,2792,1680,1536
544562,499.06,312.825,446.5,322.275,-328,2718,-875,2790,1681,1537
544564,500.58,312.075,447.62,321.9,-313,2710,-863,2787,1677,1534
544566,503.46,314.1,449.06,324.825,-285,2734,-851,2819,1677,1532
544568,505.54,314.025,450.02,324.3,-264,2734,-841,2815,1676,1535
544570,505.94,313.8,450.1,324.675,-259,2732,-840,2819,1673,1535
544572,506.1,313.95,450.9,325.125,-259,2734,-832,2824,1672,1534
544574,505.22,314.55,449.94,324.6,-268,2740,-842,2818,1669,1533
544576,504.34,314.85,448.9,324.75,-277,2742,-854,2818,1667,1529
544578,504.18,314.7,449.14,324.225,-280,2741,-851,2813,1665,1533
544580,503.62,315.3,449.06,323.55,-286,2747,-851,2806,1667,1535
544582,503.06,314.7,448.5,323.1,-291,2740,-857,2800,1671,1536
544584,503.06,314.25,449.46,323.25,-291,2735,-848,2802,1671,1535
544586,503.78,313.725,450.1,322.5,-284,2730,-840,2795,1669,1535
544588,502.58,313.575,450.34,323.325,-296,2728,-839,2804,1671,1535
544590,502.58,313.5,449.3,323.4,-296,2727,-850,2804,1678,1536
544592,502.9,313.575,450.5,323.85,-293,2728,-838,2810,1669,1533
544594,503.46,311.775,450.42,323.55,-287,2709,-839,2806,1675,1531
544596,502.74,312.3,450.74,322.95,-295,2714,-836,2800,1677,1534
544598,503.14,311.925,451.06,322.725,-290,2710,-832,2798,1672,1533
544600,503.38,312.6,450.34,322.725,-288,2718,-839,2798,1676,1530
544602,503.38,312.075,450.66,323.925,-288,2712,-837,2811,1673,1533
544604,503.54,311.325,452.1,323.325,-286,2704,-822,2805,1677,1533
544606,502.26,311.175,451.7,321.975,-299,2702,-825,2790,1681,1533
544608,502.82,311.7,451.54,321.75,-294,2708,-827,2788,1680,1530
544610,501.94,310.5,452.26,321.75,-302,2694,-819,2788,1677,1534
544612,502.74,311.325,451.78,322.65,-294,2704,-825,2798,1681,1528
544614,501.62,311.7,452.74,321.675,-306,2708,-815,2788,1687,1531
544616,501.7,310.5,452.82,321.45,-305,2695,-814,2785,1682,1528
544618,501.78,311.1,453.54,321.075,-304,2701,-806,2782,1687,1531
544620,502.42,311.55,453.3,321.225,-298,2707,-809,2784,1688,1531
544622,502.26,311.175,453.38,321.075,-300,2703,-808,2782,1686,1531
544624,502.26,311.4,454.02,320.625,-300,2705,-801,2777,1687,1530
544626,502.9,310.725,453.38,321,-293,2698,-808,2781,1684,1533
544628,502.82,310.425,453.46,321.3,-294,2695,-808,2785,1683,1526
544630,502.82,310.2,453.7,321.225,-293,2693,-805,2784,1680,1530
544632,502.34,310.725,453.46,320.775,-299,2699,-807,2779,1687,1528
544634,502.66,309.975,453.78,320.475,-295,2690,-804,2777,1683,1533
544636,502.58,310.5,453.86,321.45,-297,2696,-803,2787,1684,1529
544638,502.66,309.675,453.78,320.55,-295,2687,-804,2777,1689,1532
544640,502.42,310.5,453.46,320.55,-298,2697,-807,2778,1687,1532
544642,502.58,310.65,454.58,320.1,-297,2698,-796,2773,1687,1534
544644,502.82,311.325,454.58,319.875,-295,2706,-795,2771,1689,1533
544646,502.1,309.825,454.26,320.1,-301,2689,-798,2773,1686,1533
544648,502.58,310.35,454.34,320.775,-296,2696,-798,2781,1688,1532
544650,502.9,311.325,454.42,320.1,-293,2706,-796,2774,1688,1531
544652,503.22,310.8,454.66,319.95,-290,2701,-794,2773,1690,1532
544654,502.34,311.1,455.14,319.725,-298,2704,-788,2770,1692,1540
544656,502.98,310.35,454.42,319.8,-292,2696,-796,2771,1694,1541
544658,503.38,310.275,455.06,319.875,-287,2696,-789,2772,1692,1533
544660,502.5,310.575,455.22,319.425,-296,2699,-787,2768,1691,1536
544662,502.66,309.825,455.22,320.1,-294,2690,-788,2775,1692,1539
544664,502.74,309.75,456.02,319.65,-293,2690,-779,2770,1691,1539
544666,502.82,310.425,455.78,318.825,-293,2697,-781,2761,1691,1538
544668,503.78,310.05,455.78,319.575,-283,2693,-782,2769,1693,1538
544670,503.78,310.35,455.62,318.45,-283,2697,-782,2757,1694,1539
544672,503.94,310.425,455.78,320.1,-281,2698,-781,2775,1690,1540
544674,503.86,309.975,456.5,318.675,-282,2693,-773,2760,1692,1536
544676,503.06,309.675,455.54,318.15,-289,2689,-783,2754,1691,1535
544678,503.46,309.3,456.1,319.575,-285,2685,-777,2770,1690,1540
544680,502.58,309.975,456.1,318,-294,2692,-776,2752,1692,1538
544682,502.9,309.975,456.1,318.45,-291,2692,-776,2757,1692,1537
544684,503.46,309.825,455.62,319.5,-284,2690,-782,2768,1693,1535
544686,503.38,308.925,456.26,318.3,-284,2680,-774,2755,1693,1542
544688,504.1,309.45,455.7,318.75,-277,2686,-780,2759,1691,1537
544690,503.06,309,456.1,319.425,-288,2681,-776,2767,1694,1538
544692,502.9,308.925,456.26,318.525,-289,2680,-774,2757,1691,1540
544694,502.74,309.45,456.66,318.975,-291,2686,-770,2763,1691,1540
544696,502.26,309.375,456.58,319.425,-296,2684,-772,2768,1695,1538
544698,502.98,309.225,456.26,318.375,-288,2683,-774,2756,1691,1535
544700,502.9,309.675,455.86,318.6,-289,2688,-778,2758,1692,1540
544702,502.58,308.85,456.74,319.2,-292,2679,-770,2765,1694,1542
544704,502.98,308.775,456.18,317.925,-288,2678,-774,2751,1691,1542
544706,503.38,309.525,456.02,318.3,-285,2686,-776,2755,1690,1541
544708,502.34,309.675,456.02,319.575,-295,2687,-777,2769,1693,1537
544710,503.3,309,455.78,318.15,-285,2681,-778,2753,1691,1538
544712,503.62,309.675,456.1,317.7,-282,2688,-775,2749,1691,1543
544714,502.5,309.3,456.1,318.675,-293,2684,-775,2759,1694,1542
544716,503.06,309.525,456.26,318.45,-287,2686,-773,2756,1692,1541
544718,502.74,309.825,456.82,317.325,-291,2690,-767,2745,1695,1542
544720,503.62,309.75,456.74,317.25,-282,2689,-768,2744,1692,1540
544722,503.46,309.6,456.9,319.2,-283,2688,-768,2765,1693,1542
544724,503.3,309.75,456.1,317.925,-285,2689,-775,2751,1694,1541
544726,503.3,310.125,456.26,318.075,-285,2694,-773,2753,1694,1546
544728,503.38,309.375,457.14,318.525,-284,2685,-765,2758,1694,1540
544730,503.7,308.775,456.66,317.775,-281,2679,-769,2750,1694,1541
544732,503.78,309.225,457.14,317.325,-280,2684,-764,2745,1692,1543
544734,502.9,309.075,457.06,316.725,-289,2682,-765,2739,1697,1548
544736,503.38,307.875,457.78,316.275,-284,2670,-757,2735,1699,1542
544738,504.02,308.55,456.66,316.05,-278,2678,-768,2732,1692,1543
544740,503.06,307.875,456.98,316.95,-287,2670,-766,2742,1697,1546
544742,503.46,307.875,456.98,316.275,-283,2670,-766,2734,1692,1544
544744,503.86,307.875,456.58,315.825,-280,2671,-769,2730,1695,1543
544746,502.9,308.175,456.66,316.8,-290,2674,-769,2740,1696,1550
544748,502.66,307.05,456.74,315.975,-291,2661,-768,2732,1697,1542
544750,503.22,306.3,456.9,315.975,-285,2654,-767,2732,1696,1544
544752,501.94,307.5,456.26,316.35,-300,2666,-774,2736,1697,1543
544754,502.58,307.35,456.58,315.9,-293,2665,-770,2731,1701,1539
544756,502.02,308.325,456.74,316.5,-299,2675,-770,2738,1695,1543
544758,501.62,308.85,456.82,317.325,-304,2681,-769,2747,1699,1548
544760,501.62,307.8,456.66,316.125,-304,2670,-770,2734,1696,1544
544762,501.22,308.55,456.34,317.4,-309,2677,-774,2747,1696,1545
544764,501.46,308.55,457.38,317.625,-306,2678,-764,2751,1694,1544
544766,501.38,308.25,456.74,317.55,-307,2674,-771,2749,1696,1543
544768,501.06,309.6,456.9,318.15,-312,2690,-770,2757,1696,1542
544770,500.74,309.525,456.9,317.4,-315,2688,-770,2749,1696,1545
544772,500.82,310.5,457.06,317.775,-316,2699,-769,2754,1692,1544
544774,500.42,309.9,456.5,318.525,-319,2692,-776,2761,1699,1540
544776,500.66,309.3,457.3,316.95,-317,2687,-767,2745,1696,1545
544778,500.34,309.825,457.38,318.225,-321,2692,-767,2759,1694,1543
544780,500.26,310.275,457.06,319.725,-322,2698,-772,2775,1701,1545
544782,500.26,310.95,457.86,318,-323,2705,-762,2757,1699,1544
544784,500.74,310.5,457.46,318.75,-318,2700,-767,2765,1697,1541
544786,501.06,310.425,457.46,318.75,-315,2700,-768,2765,1696,1543
544788,500.66,310.8,457.7,318.975,-320,2704,-766,2768,1697,1544
544790,501.06,311.175,457.7,318.825,-315,2708,-765,2766,1698,1545
544792,500.74,310.35,457.62,317.55,-319,2699,-766,2753,1693,1544
544794,500.74,309.375,458.34,316.875,-318,2688,-758,2746,1697,1549
544796,500.5,310.425,457.7,317.325,-322,2700,-765,2750,1696,1544
544798,500.82,310.425,457.78,317.475,-318,2700,-765,2752,1698,1547
544800,501.7,309.375,458.02,317.1,-309,2689,-762,2748,1690,1548
544802,501.38,309.675,458.5,316.5,-312,2692,-757,2742,1689,1546
544804,501.22,310.2,458.74,316.575,-315,2697,-755,2743,1696,1545
544806,501.94,309.075,459.3,316.8,-307,2686,-749,2745,1692,1545
544808,501.62,309.6,458.66,316.35,-311,2691,-756,2740,1692,1548
544810,501.46,308.85,458.1,316.275,-312,2683,-762,2739,1691,1542
544812,501.78,308.175,458.34,316.575,-309,2675,-760,2742,1689,1543
544814,501.46,309,459.38,316.5,-312,2684,-749,2741,1695,1546
544816,501.06,308.925,457.94,315.9,-317,2682,-763,2734,1695,1544
544818,501.3,308.25,458.98,316.125,-314,2675,-753,2737,1691,1541
544820,501.14,308.4,457.86,315.6,-316,2676,-765,2729,1691,1539
544822,501.94,307.8,458.5,316.35,-308,2670,-759,2738,1688,1541
544824,502.02,308.325,457.94,316.125,-307,2675,-765,2734,1690,1538
544826,501.38,307.575,457.38,315.3,-313,2666,-770,2725,1687,1541
544828,502.18,303.6,456.5,315,-303,2622,-778,2720,1694,1542
544830,502.74,300.975,457.94,310.125,-295,2595,-760,2668,1700,1543
544832,503.14,294.15,459.06,302.25,-286,2519,-744,2582,1699,1545
544834,503.7,288,458.26,293.325,-277,2454,-745,2485,1697,1547
544836,504.98,279.75,456.9,286.875,-258,2364,-755,2413,1696,1548
544838,504.98,268.8,457.06,278.25,-251,2246,-746,2320,1694,1542
544840,506.9,261,456.58,267.975,-226,2163,-745,2207,1687,1540
544842,508.42,255.9,453.7,261.675,-207,2108,-770,2138,1684,1537
544844,510.26,251.325,451.54,255.825,-186,2059,-787,2073,1673,1531
544846,511.38,247.725,450.58,252.225,-172,2021,-795,2033,1669,1525
544848,511.22,245.55,448.9,250.425,-172,1997,-811,2012,1665,1524
544850,512.34,244.5,447.54,248.25,-160,1987,-823,1988,1659,1523
544852,512.98,245.55,447.38,249.3,-155,1997,-826,1998,1661,1518
544854,513.22,245.55,446.74,249.525,-152,1997,-832,2000,1662,1520
544856,513.22,246.6,446.58,251.025,-152,2007,-835,2015,1663,1514
544858,512.98,248.175,445.86,251.475,-156,2024,-842,2019,1668,1519
544860,513.54,248.1,446.26,251.475,-150,2023,-838,2018,1669,1518
544862,513.14,248.475,446.82,250.8,-155,2027,-832,2011,1671,1522
544864,512.82,247.575,448.42,250.425,-157,2016,-815,2008,1671,1519
544866,512.34,246.6,449.3,249.525,-161,2006,-805,1999,1670,1525
544868,512.1,246.3,450.1,250.2,-163,2001,-798,2006,1668,1522
544870,512.26,247.875,450.26,249.525,-163,2018,-796,1999,1669,1521
544872,511.86,247.8,451.54,250.35,-167,2017,-783,2008,1672,1519
544874,511.78,247.65,452.18,249.975,-167,2015,-776,2004,1672,1522
544876,511.14,246.975,453.38,250.05,-173,2007,-763,2005,1668,1516
544878,510.9,248.4,451.86,251.325,-177,2022,-780,2018,1669,1525
544880,511.22,249.225,452.18,251.25,-173,2031,-777,2017,1672,1514
544882,511.62,247.2,452.42,250.875,-168,2009,-774,2013,1667,1515
544884,511.38,247.65,453.14,249.975,-170,2014,-766,2004,1666,1514
544886,511.7,248.025,453.86,249.225,-167,2018,-758,1996,1670,1516
544888,511.06,246.45,453.7,248.85,-173,2001,-759,1992,1665,1516
544890,511.7,247.8,453.86,248.925,-167,2016,-758,1993,1665,1511
544892,511.54,246.525,454.02,249.45,-168,2002,-756,1999,1661,1515
544894,511.38,247.65,454.82,248.85,-171,2014,-748,1993,1659,1511
544896,512.34,248.25,454.02,249.75,-161,2021,-756,2002,1662,1510
544898,511.22,246.15,455.3,248.475,-171,1998,-742,1990,1663,1514
544900,511.3,245.625,455.7,247.95,-169,1993,-737,1984,1662,1511
544902,510.98,246.75,455.3,249,-174,2004,-742,1995,1660,1511
544904,510.58,245.925,456.66,248.1,-177,1996,-728,1987,1658,1510
544906,510.82,245.85,456.58,248.175,-174,1995,-728,1987,1661,1513
544908,511.46,247.05,456.5,248.1,-169,2009,-729,1987,1664,1512
544910,509.7,245.925,456.18,247.35,-185,1996,-731,1979,1660,1507
544912,509.62,245.325,456.5,247.95,-185,1990,-728,1986,1658,1506
544914,509.46,245.1,456.42,247.875,-187,1987,-729,1986,1657,1510
544916,509.46,246.75,457.22,248.85,-187,2006,-721,1997,1659,1504
544918,509.14,246,456.5,249.075,-190,1998,-729,1999,1659,1507
544920,508.74,246.075,456.5,246.675,-194,1999,-726,1974,1658,1510
544922,509.38,246.975,456.5,248.1,-189,2009,-727,1990,1656,1507
544924,508.34,246.15,456.9,249.45,-198,2000,-725,2004,1655,1505
544926,507.7,245.625,456.9,246.825,-204,1995,-723,1977,1654,1510
544928,508.58,245.475,457.06,248.175,-195,1993,-722,1992,1653,1501
544930,508.66,245.25,456.26,248.7,-195,1991,-730,1997,1654,1505
544932,508.34,245.55,457.86,247.425,-198,1995,-713,1985,1654,1502
544934,507.7,245.925,457.14,247.2,-205,1998,-720,1982,1652,1506
544936,509.06,245.7,457.14,248.175,-190,1998,-721,1993,1649,1499
544938,507.54,245.25,457.46,247.575,-205,1992,-717,1987,1649,1505
544940,507.54,246.6,456.82,248.025,-206,2007,-723,1992,1651,1504
544942,508.1,245.325,458.02,248.175,-199,1994,-711,1995,1648,1501
544944,508.1,245.1,458.26,247.2,-199,1993,-708,1985,1646,1500
544946,508.34,246.675,457.46,248.1,-198,2009,-717,1994,1650,1501
544948,507.46,246.675,457.38,247.2,-207,2009,-717,1985,1649,1503
544950,508.02,245.7,457.7,247.95,-201,2000,-714,1994,1649,1503
544952,507.7,247.35,458.5,247.05,-205,2018,-706,1985,1649,1501
544954,507.38,246.675,457.46,248.175,-208,2010,-717,1996,1649,1502
544956,506.74,245.175,458.26,247.5,-213,1994,-708,1990,1644,1500
544958,507.22,245.7,458.26,247.875,-208,2000,-708,1994,1641,1502
544960,507.06,245.475,457.94,248.175,-210,1998,-712,1998,1643,1501
544962,507.38,245.25,459.22,246.375,-206,1996,-697,1979,1641,1500
544964,507.94,246.15,458.98,247.95,-201,2007,-702,1996,1643,1495
544966,507.06,245.025,458.58,247.05,-210,1993,-705,1987,1633,1504
544968,507.22,246.225,458.98,248.325,-208,2007,-701,2000,1640,1497
544970,507.54,244.8,459.06,246.225,-204,1992,-699,1978,1630,1498
544972,508.26,244.95,459.14,246.75,-197,1994,-698,1984,1635,1497
544974,507.54,245.4,459.3,247.125,-205,1999,-697,1989,1635,1496
544976,507.22,245.025,460.26,246.225,-208,1995,-687,1980,1634,1500
544978,507.3,243.525,459.38,246.375,-206,1979,-696,1981,1630,1496
544980,507.7,244.95,459.38,246.6,-202,1995,-696,1983,1635,1495
544982,507.86,243.75,459.86,246.3,-201,1982,-690,1981,1634,1496
544984,507.46,242.625,459.54,246,-204,1970,-693,1978,1627,1497
544986,507.94,244.125,460.26,246,-199,1987,-686,1978,1638,1495
544988,507.78,242.7,459.54,246.375,-200,1972,-693,1982,1630,1496
544990,507.54,242.475,459.7,246.075,-202,1969,-691,1979,1627,1496
544992,508.1,244.95,459.54,246.6,-198,1996,-694,1984,1634,1493
544994,507.7,244.125,460.1,245.925,-202,1987,-688,1977,1634,1495
544996,507.3,243.525,459.46,246.75,-205,1980,-695,1986,1628,1492
544998,507.62,244.275,460.02,246.15,-202,1988,-689,1980,1634,1492
545000,507.06,243.225,459.46,246.45,-207,1977,-694,1983,1630,1496
545002,507.14,243.525,459.38,246.525,-207,1980,-695,1984,1628,1495
545004,507.06,245.025,459.78,246.675,-208,1997,-691,1986,1634,1494
545006,506.1,245.1,460.1,246.075,-219,1997,-687,1980,1633,1493
545008,506.42,243.675,459.94,246.525,-214,1982,-689,1985,1631,1495
545010,506.5,243.45,459.46,245.55,-213,1980,-693,1974,1630,1499
545012,505.94,244.575,459.7,247.2,-219,1991,-691,1992,1632,1493
545014,506.82,245.025,459.38,245.4,-210,1997,-694,1972,1635,1496
545016,507.06,244.35,460.18,246.525,-207,1989,-686,1985,1629,1491
545018,506.5,244.95,458.9,245.925,-213,1995,-699,1978,1634,1496
545020,507.14,244.95,460.66,246.075,-207,1996,-680,1980,1636,1494
545022,506.66,243.675,460.74,245.4,-210,1982,-679,1973,1628,1497
545024,506.42,244.875,460.18,246.225,-214,1995,-686,1982,1633,1490
545026,506.9,244.65,460.26,245.25,-209,1993,-684,1972,1634,1497
545028,506.34,243.45,460.74,244.875,-214,1980,-679,1968,1626,1494
545030,507.14,244.2,460.9,246.075,-206,1989,-678,1981,1636,1492
545032,506.58,245.1,462.02,245.325,-212,1999,-666,1974,1633,1494
545034,506.58,243.375,461.62,244.725,-212,1980,-670,1967,1628,1496
545036,507.38,244.575,461.62,245.4,-204,1993,-670,1974,1632,1488
545038,507.06,244.5,460.66,244.275,-208,1992,-680,1962,1634,1494
545040,507.46,243.3,461.7,244.65,-203,1980,-669,1967,1629,1496
545042,507.22,244.2,462.26,243.375,-206,1989,-663,1954,1634,1495
545044,507.38,244.575,461.54,244.05,-204,1993,-670,1960,1632,1494
545046,506.82,244.05,461.94,244.65,-209,1987,-666,1967,1630,1498
545048,507.06,242.925,462.42,245.1,-206,1976,-661,1972,1629,1489
545050,507.06,243.975,461.14,244.725,-207,1987,-674,1968,1630,1494
545052,507.3,244.2,462.42,243.75,-204,1989,-661,1958,1633,1497
545054,507.14,245.325,461.78,245.325,-207,2002,-668,1975,1633,1495
545056,507.38,243.9,461.86,244.575,-203,1987,-667,1967,1627,1497
545058,506.66,242.625,461.78,243.75,-209,1973,-667,1958,1625,1495
545060,507.38,243.525,462.1,243.15,-203,1983,-664,1952,1630,1491
545062,506.9,244.2,462.5,244.8,-209,1989,-661,1969,1626,1493
545064,506.74,243.15,461.7,243.825,-210,1978,-668,1958,1628,1492
545066,506.5,243.525,462.26,243.525,-213,1982,-663,1955,1625,1492
545068,506.74,242.85,461.46,243.075,-210,1975,-671,1950,1623,1493
545070,506.26,244.5,460.9,243.975,-215,1992,-677,1959,1632,1496
545072,505.7,243.75,462.18,244.275,-222,1983,-664,1963,1625,1493
545074,504.98,242.55,461.14,245.325,-228,1970,-676,1974,1617,1495
545076,505.46,243.825,460.18,244.425,-224,1984,-685,1963,1621,1495
545078,505.54,243.375,460.34,244.725,-223,1979,-684,1967,1625,1496
545080,505.46,242.25,461.3,245.025,-223,1967,-674,1970,1617,1493
545082,505.46,243.525,460.42,244.2,-224,1981,-683,1961,1626,1496
545084,505.3,243,460.34,244.575,-226,1974,-685,1965,1624,1494
545086,505.46,242.325,460.82,243.825,-224,1968,-679,1957,1621,1497
545088,504.34,244.125,460.02,245.1,-237,1986,-689,1970,1628,1494
545090,504.1,242.025,460.02,244.35,-238,1963,-688,1962,1625,1499
545092,504.34,241.275,459.86,243.375,-236,1955,-690,1952,1623,1499
545094,503.38,240.75,460.42,240.9,-246,1949,-683,1925,1633,1493
545096,502.42,237.075,458.9,236.625,-254,1909,-697,1878,1628,1489
545098,501.22,230.7,456.58,232.05,-262,1841,-717,1828,1617,1489
545100,499.86,225.975,455.22,224.775,-273,1789,-727,1749,1621,1492
545102,498.82,216.825,454.58,216.9,-278,1691,-728,1665,1617,1495
545104,499.38,208.8,453.22,211.35,-268,1606,-738,1605,1617,1496
545106,501.14,202.425,452.5,203.1,-246,1539,-740,1516,1611,1491
545108,503.94,197.475,452.18,198.9,-216,1488,-741,1471,1609,1483
545110,505.7,192.15,452.42,194.55,-194,1433,-736,1425,1599,1480
545112,506.74,186.225,451.38,192.3,-180,1371,-745,1401,1585,1471
545114,506.98,184.125,451.54,190.275,-176,1349,-743,1379,1578,1469
545116,508.34,184.95,450.9,190.35,-164,1358,-749,1380,1579,1464
545118,509.94,185.925,448.66,191.1,-149,1370,-773,1387,1580,1471
545120,510.26,188.325,448.02,192.225,-148,1395,-781,1398,1586,1471
545122,510.98,190.425,448.74,193.125,-142,1418,-774,1408,1589,1471
545124,509.86,191.775,448.58,193.575,-155,1432,-777,1413,1593,1468
545126,509.7,189.9,448.9,193.35,-155,1412,-774,1411,1591,1475
545128,509.38,190.35,450.5,191.775,-160,1416,-757,1395,1597,1476
545130,509.86,189.825,451.78,191.7,-155,1411,-744,1395,1604,1478
545132,508.66,189.825,452.74,191.025,-167,1410,-734,1388,1602,1477
545134,507.94,189.45,452.66,191.175,-174,1406,-736,1390,1596,1480
545136,508.18,191.4,453.78,191.1,-174,1427,-725,1390,1597,1479
545138,507.3,191.55,454.18,191.325,-183,1428,-721,1393,1597,1476
545140,506.82,190.65,454.58,191.25,-187,1418,-718,1392,1595,1476
545142,507.06,192.15,454.66,192.675,-186,1434,-718,1407,1601,1480
545144,507.22,191.7,454.42,192.15,-185,1430,-720,1402,1600,1474
545146,506.9,189.975,454.18,192.975,-187,1411,-723,1411,1597,1476
545148,507.46,191.775,454.9,191.775,-183,1431,-715,1398,1601,1478
545150,506.66,191.25,455.06,191.625,-190,1425,-713,1397,1597,1478
545152,507.54,190.8,455.3,192.45,-181,1421,-711,1406,1596,1478
545154,507.22,190.575,455.54,191.4,-185,1418,-708,1395,1599,1480
545156,507.22,189.45,455.7,190.275,-184,1406,-706,1383,1594,1476
545158,507.22,188.025,455.06,189.975,-183,1391,-712,1379,1588,1479
545160,507.14,187.725,455.78,188.4,-184,1389,-704,1363,1584,1479
545162,507.06,186.825,455.7,189.375,-184,1378,-705,1374,1586,1479
545164,507.22,188.625,455.22,189.375,-183,1398,-711,1374,1591,1480
545166,507.3,186.375,457.06,190.05,-181,1374,-693,1382,1586,1471
545168,506.66,186.3,457.06,189.975,-187,1373,-692,1381,1587,1480
545170,506.74,187.2,456.42,188.25,-187,1383,-697,1362,1587,1485
545172,506.74,185.475,456.9,189.75,-186,1365,-694,1378,1590,1478
545174,506.26,186.825,456.58,189.675,-192,1378,-697,1378,1587,1484
545176,506.34,185.55,457.22,187.35,-189,1364,-688,1353,1593,1480
545178,506.34,183.825,456.9,189.075,-188,1346,-693,1371,1582,1478
545180,506.74,185.325,457.3,187.425,-185,1362,-687,1353,1589,1482
545182,506.5,186.15,457.78,188.925,-188,1370,-684,1370,1589,1484
545184,506.1,184.875,457.3,188.925,-191,1356,-688,1369,1592,1478
545186,506.26,185.625,457.78,186.675,-190,1364,-681,1346,1590,1486
545188,506.26,185.775,458.02,186.6,-190,1366,-679,1345,1595,1484
545190,506.1,184.65,456.74,186.675,-191,1354,-692,1345,1587,1484
545192,506.02,183.6,458.18,187.95,-190,1342,-677,1358,1589,1483
545194,506.98,185.175,457.62,186,-181,1360,-682,1338,1592,1484
545196,505.78,183.525,458.18,186.075,-192,1341,-676,1339,1588,1482
545198,505.94,183,458.74,185.55,-191,1336,-670,1333,1589,1488
545200,505.94,183.675,458.26,185.4,-191,1342,-675,1331,1595,1486
545202,505.54,183.75,458.74,186.9,-195,1343,-670,1347,1597,1482
545204,505.06,183.6,460.26,185.925,-199,1340,-654,1338,1595,1487
545206,505.86,183.45,459.22,185.25,-191,1339,-664,1330,1596,1490
545208,504.9,183.3,458.66,187.65,-200,1337,-671,1354,1597,1480
545210,504.74,182.325,458.42,185.85,-201,1327,-672,1335,1596,1488
545212,504.98,183.975,459.62,185.55,-200,1344,-659,1332,1598,1487
545214,505.46,182.775,459.94,186.15,-194,1331,-657,1339,1593,1492
545216,505.06,183,458.98,186.675,-198,1333,-666,1343,1597,1492
545218,506.02,183.225,459.94,186.75,-188,1337,-657,1345,1594,1486
545220,504.82,183.6,458.74,187.05,-200,1339,-669,1347,1598,1482
545222,504.5,181.275,459.46,185.925,-202,1315,-661,1336,1589,1486
545224,504.58,183.675,458.66,186.525,-203,1340,-669,1342,1593,1490
545226,504.66,183.6,458.9,185.85,-201,1339,-666,1335,1598,1491
545228,504.74,182.175,460.18,185.85,-200,1324,-653,1336,1592,1491
545230,504.1,184.125,459.78,186.3,-208,1344,-658,1340,1597,1487
545232,504.1,183.6,458.66,186.975,-207,1339,-670,1346,1600,1486
545234,503.54,181.65,458.42,186.45,-211,1318,-672,1341,1595,1489
545236,503.46,181.425,458.9,185.325,-212,1316,-665,1330,1589,1494
545238,504.1,182.025,459.54,185.475,-206,1322,-659,1331,1594,1496
545240,503.14,181.5,459.14,187.35,-215,1316,-664,1351,1594,1485
545242,503.78,182.25,459.86,186.675,-209,1325,-656,1345,1593,1490
545244,504.18,183.375,459.3,185.85,-205,1337,-661,1335,1601,1492
545246,503.54,182.025,458.34,186.225,-211,1323,-671,1339,1594,1491
545248,503.94,180.825,458.82,185.925,-206,1310,-666,1336,1592,1491
545250,504.58,182.475,458.98,185.475,-201,1328,-664,1332,1599,1494
545252,504.26,182.1,458.42,185.775,-203,1324,-670,1334,1597,1492
545254,503.62,179.175,458.9,186.075,-208,1293,-665,1338,1597,1491
545256,503.46,181.875,459.46,185.475,-211,1321,-659,1332,1600,1492
545258,502.98,181.575,459.7,184.725,-215,1318,-656,1325,1597,1499
545260,502.5,180.15,459.54,185.775,-219,1303,-658,1335,1597,1490
545262,503.06,181.8,460.42,185.1,-215,1320,-648,1329,1600,1498
545264,502.82,181.125,460.18,185.175,-217,1314,-652,1330,1601,1493
545266,503.22,182.25,459.7,184.65,-214,1325,-656,1324,1604,1497
545268,502.82,181.05,460.58,185.85,-218,1313,-648,1338,1596,1493
545270,503.38,182.775,460.02,186.075,-213,1332,-654,1340,1603,1493
545272,502.98,181.95,460.5,185.1,-217,1323,-648,1330,1602,1496
545274,502.42,179.25,459.22,185.025,-220,1294,-661,1329,1602,1492
545276,502.18,180.825,460.18,185.55,-224,1311,-652,1335,1604,1495
545278,502.74,181.8,459.86,184.275,-219,1322,-654,1321,1605,1500
545280,501.86,183.075,458.18,184.425,-229,1334,-671,1322,1606,1494
545282,501.94,180.6,458.5,186,-227,1308,-670,1339,1613,1490
545284,502.58,183.075,459.22,184.65,-222,1336,-662,1325,1604,1492
545286,501.78,179.55,458.74,185.1,-228,1298,-667,1330,1607,1486
545288,502.34,179.7,459.54,185.775,-222,1300,-660,1337,1607,1491
545290,502.34,181.35,460.18,185.4,-223,1318,-653,1334,1610,1493
545292,501.62,179.925,459.86,186.75,-230,1302,-658,1348,1610,1484
545294,501.78,180.075,460.1,185.475,-229,1304,-654,1335,1614,1493
545296,501.78,180.3,460.34,184.95,-230,1307,-651,1330,1617,1496
545298,501.54,179.475,459.7,185.7,-231,1297,-659,1338,1606,1496
545300,501.38,182.7,459.22,186.825,-235,1332,-664,1349,1611,1496
545302,499.46,187.875,456.9,188.55,-258,1386,-689,1367,1617,1491
545304,495.94,192.9,451.7,194.325,-297,1437,-746,1425,1620,1490
545306,490.66,198.3,443.54,200.475,-354,1491,-833,1485,1624,1496
545308,483.54,207.525,433.38,209.1,-433,1585,-943,1571,1618,1496
545310,478.34,215.925,425.06,217.875,-490,1671,-1035,1659,1624,1496
545312,473.06,226.2,418.42,226.95,-551,1777,-1109,1753,1624,1492
545314,472.42,232.8,414.5,235.05,-563,1848,-1155,1837,1633,1501
545316,473.14,237.525,412.18,240.75,-559,1899,-1183,1897,1641,1508
545318,474.9,239.925,411.94,245.175,-542,1926,-1189,1944,1648,1511
545320,477.46,242.55,412.58,246.9,-518,1956,-1184,1963,1648,1515
545322,479.06,243.45,416.26,249.75,-502,1967,-1149,1996,1646,1514
545324,482.02,248.025,416.42,250.95,-475,2017,-1148,2009,1650,1524
545326,482.42,248.325,417.46,250.95,-472,2021,-1137,2010,1651,1518
545328,481.62,248.85,417.38,250.275,-480,2026,-1137,2003,1650,1519
545330,482.34,249.075,417.94,248.25,-473,2029,-1130,1982,1650,1517
545332,481.3,248.325,419.3,247.35,-483,2020,-1116,1973,1652,1516
545334,480.5,247.5,419.38,246.225,-490,2011,-1114,1961,1653,1512
545336,480.02,248.55,420.98,246,-496,2022,-1097,1960,1653,1509
545338,478.98,247.05,420.9,246.45,-506,2006,-1099,1965,1657,1509
545340,479.22,246.675,420.9,247.575,-503,2002,-1099,1977,1651,1506
545342,477.86,247.5,420.9,247.425,-518,2009,-1100,1975,1652,1509
545344,476.98,246.9,421.22,248.625,-527,2003,-1098,1988,1651,1506
545346,476.66,246.375,421.38,249.75,-529,1997,-1097,2000,1648,1512
545348,475.38,247.125,421.14,249.825,-543,2004,-1099,2001,1651,1509
545350,476.18,246.75,422.18,250.275,-535,2001,-1089,2006,1654,1512
545352,475.38,247.2,421.3,250.125,-543,2005,-1098,2004,1650,1509
545354,475.38,248.475,422.26,250.35,-544,2018,-1088,2007,1651,1514
545356,475.3,247.5,422.26,249.45,-545,2008,-1088,1997,1652,1507
545358,474.82,248.1,422.02,249.525,-550,2014,-1090,1998,1652,1515
545360,475.22,248.55,421.86,249.525,-546,2019,-1093,1997,1655,1508
545362,474.58,248.7,422.5,249.225,-553,2020,-1086,1995,1653,1512
545364,474.66,248.55,422.5,250.05,-552,2019,-1086,2004,1654,1513
545366,474.82,247.575,422.82,249.675,-550,2009,-1083,2000,1655,1508
545368,474.66,249.15,422.42,249.375,-553,2025,-1087,1996,1656,1512
545370,474.58,247.725,422.26,249.525,-552,2010,-1088,1998,1654,1508
545372,473.86,247.575,424.34,250.575,-560,2008,-1069,2010,1653,1515
545374,474.58,248.1,424.1,249.3,-553,2014,-1070,1997,1655,1512
545376,474.26,248.475,424.1,248.4,-557,2018,-1069,1987,1656,1513
545378,474.02,247.95,424.18,250.2,-559,2011,-1069,2006,1655,1514
545380,474.26,246.9,424.82,249.45,-556,2001,-1063,1999,1654,1509
545382,473.78,247.35,424.5,248.775,-561,2005,-1066,1991,1658,1506
545384,473.78,246.975,424.34,249.225,-561,2002,-1067,1996,1657,1504
545386,474.02,246.375,424.1,248.925,-558,1995,-1070,1993,1654,1506
545388,474.1,246.9,424.98,248.25,-557,2001,-1060,1986,1659,1507
545390,474.1,246.075,425.94,247.5,-557,1992,-1050,1978,1658,1511
545392,473.62,245.85,426.74,246.9,-562,1990,-1041,1973,1656,1514
545394,473.38,246.375,425.94,247.65,-565,1995,-1050,1980,1661,1512
545396,473.3,246.675,426.98,247.875,-566,1998,-1040,1984,1659,1513
545398,473.06,245.55,426.42,248.4,-568,1986,-1046,1989,1663,1516
545400,473.38,247.05,426.58,248.775,-566,2003,-1045,1994,1668,1511
545402,473.06,246.675,426.1,249.15,-569,1999,-1050,1997,1663,1515
545404,472.42,245.625,427.86,247.35,-575,1987,-1031,1980,1667,1517
545406,472.26,246.45,426.58,248.325,-576,1996,-1045,1989,1668,1517
545408,472.18,246.375,426.1,249.075,-578,1996,-1051,1997,1664,1511
545410,472.34,246.15,427.3,248.1,-576,1994,-1038,1988,1665,1518
545412,471.14,246.75,426.82,248.775,-589,1999,-1043,1995,1666,1514
545414,471.78,247.275,427.14,249.3,-583,2005,-1041,2001,1665,1519
545416,471.14,247.65,426.98,249.825,-590,2010,-1043,2007,1664,1518
545418,470.98,247.575,426.98,249.825,-592,2009,-1043,2007,1665,1519
545420,470.02,248.775,426.9,251.1,-603,2022,-1045,2021,1671,1517
545422,469.86,248.625,427.3,249.675,-604,2020,-1040,2006,1671,1521
545424,470.66,246.9,428.74,249.45,-596,2002,-1026,2005,1668,1518
545426,470.82,248.85,427.7,250.2,-596,2023,-1037,2012,1670,1517
545428,470.66,249,427.7,250.8,-597,2026,-1038,2019,1669,1518
545430,470.82,248.325,428.98,249.6,-595,2018,-1024,2007,1671,1517
545432,470.18,249.15,427.86,249.975,-603,2028,-1036,2011,1672,1518
545434,470.18,248.175,429.06,250.05,-602,2017,-1024,2013,1674,1520
545436,470.66,247.2,428.82,249.225,-598,2008,-1026,2004,1668,1519
545438,470.1,248.475,429.22,249.45,-604,2021,-1022,2007,1675,1524
545440,469.7,248.325,428.34,250.275,-608,2019,-1033,2016,1672,1518
545442,470.18,247.575,428.66,249.825,-603,2012,-1029,2011,1670,1521
545444,469.94,249.6,428.1,249.525,-608,2034,-1035,2008,1675,1523
545446,469.94,247.95,429.38,249.225,-606,2016,-1022,2005,1674,1526
545448,469.62,247.5,429.7,248.775,-609,2011,-1018,2001,1675,1521
545450,469.62,248.1,429.86,248.025,-610,2017,-1016,1993,1675,1521
545452,469.7,247.05,429.62,249.075,-608,2006,-1019,2004,1674,1524
545454,469.94,247.5,430.18,248.325,-607,2011,-1013,1996,1677,1521
545456,469.7,247.725,430.02,248.175,-610,2013,-1015,1994,1676,1523
545458,469.7,246.975,430.02,247.425,-609,2005,-1014,1986,1677,1527
545460,469.62,246.75,430.18,247.575,-610,2002,-1013,1988,1679,1520
545462,469.06,245.85,429.06,247.275,-615,1992,-1025,1984,1677,1525
545464,468.82,245.925,429.78,246.975,-618,1992,-1017,1981,1677,1522
545466,469.62,246.75,428.9,246.825,-610,2002,-1026,1978,1682,1522
545468,468.9,246.525,428.9,247.05,-618,1998,-1028,1980,1681,1523
545470,468.42,245.55,429.62,247.2,-622,1988,-1020,1982,1681,1522
545472,468.34,246.825,429.38,246.9,-625,2000,-1022,1978,1684,1520
545474,467.62,245.625,428.82,246.6,-631,1987,-1028,1974,1682,1523
545476,467.46,245.175,428.82,246.6,-633,1981,-1029,1973,1681,1525
545478,467.22,245.55,427.62,246.45,-636,1985,-1041,1971,1682,1520
545480,467.3,246.3,428.66,246.9,-636,1992,-1031,1975,1683,1520
545482,467.62,245.7,428.98,246.45,-632,1985,-1028,1970,1682,1516
545484,467.22,246.525,427.62,246.675,-638,1992,-1042,1971,1686,1516
545486,467.06,246.075,428.5,245.25,-639,1987,-1032,1956,1684,1520
545488,467.14,245.325,429.3,246,-638,1978,-1025,1963,1682,1516
545490,467.38,245.55,427.62,246.675,-636,1981,-1043,1970,1684,1519
545492,467.22,245.4,428.34,246.975,-638,1978,-1036,1972,1680,1520
545494,466.9,245.1,429.06,246.525,-641,1975,-1029,1967,1684,1521
545496,467.38,246.525,428.58,246.825,-638,1989,-1035,1969,1687,1521
545498,466.82,246.375,428.98,247.65,-644,1987,-1031,1979,1688,1523
545500,466.9,246.15,429.3,247.35,-643,1984,-1028,1974,1685,1522
545502,466.98,246.6,428.9,247.275,-643,1988,-1032,1973,1686,1524
545504,466.42,246.6,429.14,247.425,-649,1987,-1031,1974,1687,1525
545506,467.3,245.925,429.06,246.75,-639,1980,-1031,1966,1686,1521
545508,467.7,246.9,428.66,246.3,-637,1989,-1035,1960,1683,1521
545510,467.3,246.375,428.66,247.275,-641,1984,-1036,1970,1690,1524
545512,467.22,247.2,428.34,247.125,-642,1992,-1039,1968,1690,1526
545514,467.06,246.3,428.26,245.85,-643,1982,-1039,1954,1685,1523
545516,467.38,247.425,428.9,246.75,-641,1994,-1034,1964,1687,1524
545518,467.14,247.425,428.74,247.275,-644,1994,-1036,1969,1689,1524
545520,466.82,247.35,428.74,246.75,-648,1992,-1036,1963,1689,1525
545522,467.38,246.9,429.14,246.825,-641,1988,-1032,1964,1689,1525
545524,467.22,247.125,429.54,247.425,-644,1989,-1029,1970,1694,1527
545526,467.7,246.9,429.62,247.875,-639,1987,-1029,1975,1689,1527
545528,467.62,246.75,429.7,247.8,-640,1985,-1028,1974,1691,1527
545530,467.78,246.675,429.54,247.05,-638,1985,-1029,1966,1689,1523
545532,467.46,245.325,429.7,246.825,-641,1969,-1028,1963,1690,1525
545534,467.3,246.675,429.86,247.05,-643,1983,-1027,1965,1691,1524
545536,467.54,246.675,429.06,246.525,-641,1984,-1034,1960,1690,1529
545538,467.46,246.6,429.78,246.45,-642,1983,-1027,1959,1690,1528
545540,467.54,246.675,429.7,247.5,-642,1983,-1029,1970,1693,1527
545542,467.62,246.45,430.1,246.9,-640,1981,-1024,1963,1695,1530
545544,467.54,246.9,430.9,247.8,-641,1986,-1016,1974,1694,1528
545546,467.7,246.825,430.26,247.65,-640,1985,-1023,1972,1693,1526
545548,467.3,247.05,430.1,247.5,-644,1988,-1024,1970,1693,1528
545550,467.22,245.625,430.74,247.875,-644,1972,-1018,1975,1692,1525
545552,467.62,247.275,429.62,247.2,-641,1990,-1029,1967,1692,1526
545554,467.38,246.75,430.66,247.35,-643,1985,-1018,1969,1695,1526
545556,467.7,245.625,430.82,247.575,-639,1973,-1017,1972,1692,1524
545558,467.54,246.825,430.26,247.725,-641,1986,-1023,1973,1693,1522
545560,466.9,247.5,430.98,247.35,-648,1992,-1015,1970,1693,1519
545562,467.62,246.9,430.42,247.95,-641,1987,-1021,1976,1695,1521
545564,467.22,247.425,430.42,248.625,-644,1992,-1021,1983,1696,1523
545566,466.9,247.125,430.18,247.575,-647,1989,-1023,1972,1696,1532
545568,467.06,247.725,430.66,248.175,-646,1996,-1017,1979,1694,1527
545570,467.38,247.35,431.22,248.85,-642,1992,-1013,1987,1698,1528
545572,466.5,246.3,429.46,247.95,-650,1981,-1030,1976,1697,1525
545574,466.82,247.35,429.78,247.95,-648,1992,-1027,1977,1694,1526
545576,467.22,247.05,430.26,248.175,-643,1990,-1021,1980,1698,1525
545578,467.54,247.125,431.38,248.55,-640,1991,-1010,1984,1698,1522
545580,466.98,248.25,430.58,248.025,-646,2003,-1018,1979,1697,1529
545582,467.7,247.65,430.74,248.55,-638,1997,-1016,1985,1696,1525
545584,467.7,246.9,431.54,248.025,-637,1990,-1007,1980,1699,1525
545586,467.54,247.425,430.18,248.625,-639,1995,-1021,1986,1695,1525
545588,467.22,248.25,430.98,248.55,-642,2005,-1013,1986,1697,1528
545590,466.66,248.1,430.58,249.3,-648,2003,-1018,1994,1700,1528
545592,466.74,248.1,430.42,249.525,-647,2003,-1019,1997,1698,1532
545594,466.82,248.625,430.02,249.15,-646,2009,-1023,1993,1697,1532
545596,466.34,247.35,430.74,249.15,-650,1996,-1015,1994,1698,1531
545598,466.26,249.9,430.42,249.675,-652,2024,-1019,2000,1704,1532
545600,467.3,246.975,430.74,248.7,-639,1994,-1014,1991,1697,1532
545602,467.06,247.725,430.42,249.6,-642,2001,-1018,2000,1701,1530
545604,466.42,248.475,431.06,248.625,-649,2010,-1010,1991,1699,1529
545606,467.06,248.625,430.66,248.1,-643,2012,-1014,1985,1698,1531
545608,466.58,248.325,430.58,249,-647,2010,-1015,1996,1699,1527
545610,466.9,247.875,430.66,249.15,-644,2005,-1015,1997,1702,1531
545612,466.74,249.6,431.78,248.775,-646,2025,-1002,1995,1706,1535
545614,466.98,248.325,431.86,249.75,-642,2011,-1002,2005,1695,1537
545616,468.34,247.875,431.62,249.3,-628,2008,-1004,2001,1703,1532
545618,467.22,248.925,430.98,248.475,-640,2018,-1011,1992,1707,1531
545620,467.14,245.85,430.5,246.525,-639,1986,-1013,1972,1703,1531
545622,465.94,242.4,429.46,241.95,-649,1948,-1020,1922,1707,1528
545624,466.1,239.175,428.98,237.9,-645,1914,-1023,1879,1708,1525
545626,465.78,232.2,428.26,228.9,-642,1840,-1023,1782,1711,1532
545628,464.18,224.175,427.7,221.775,-653,1754,-1023,1706,1704,1528
545630,464.5,219.525,425.7,215.7,-646,1704,-1039,1640,1703,1530
545632,465.14,212.85,425.14,210.45,-635,1634,-1041,1584,1692,1525
545634,466.74,210.975,423.78,208.95,-618,1615,-1053,1567,1689,1521
545636,467.46,209.325,424.02,207.525,-609,1599,-1049,1553,1681,1518
545638,468.98,207.75,423.62,208.125,-592,1582,-1054,1559,1677,1516
545640,469.7,207.525,424.5,207.45,-585,1580,-1045,1552,1674,1511
545642,470.82,204.825,423.46,206.55,-571,1553,-1054,1542,1682,1513
545644,471.62,204.525,423.3,206.025,-563,1550,-1055,1537,1679,1522
545646,471.54,205.575,422.42,205.8,-565,1561,-1064,1534,1680,1522
545648,471.54,205.2,422.02,206.325,-564,1557,-1069,1538,1680,1518
545650,472.42,204.825,421.62,206.175,-555,1554,-1073,1537,1681,1521
545652,471.22,204.75,421.62,205.95,-567,1552,-1073,1535,1679,1522
545654,471.22,204.75,421.54,206.625,-567,1552,-1074,1541,1683,1517
545656,470.58,204.825,422.5,206.55,-574,1553,-1064,1541,1684,1520
545658,469.22,205.8,422.98,207.3,-588,1562,-1059,1549,1686,1521
545660,468.26,206.025,422.66,206.55,-597,1564,-1062,1541,1690,1523
545662,468.34,206.775,423.14,206.55,-597,1572,-1057,1541,1691,1523
545664,467.86,206.7,422.1,206.475,-602,1571,-1068,1540,1691,1527
545666,467.38,207,423.3,206.325,-608,1573,-1055,1539,1693,1524
545668,467.54,206.625,423.7,206.325,-606,1570,-1052,1539,1687,1523
545670,467.3,206.775,422.98,207.075,-608,1571,-1059,1547,1691,1520
545672,467.38,206.4,422.9,206.85,-607,1567,-1060,1545,1687,1519
545674,467.46,207.225,422.66,207.075,-607,1576,-1063,1547,1683,1521
545676,466.1,206.775,423.38,206.625,-621,1570,-1056,1543,1688,1517
545678,467.22,205.95,424.42,206.925,-609,1562,-1045,1546,1686,1519
545680,466.9,206.55,423.54,206.325,-613,1569,-1054,1540,1687,1519
545682,466.66,206.175,423.06,206.925,-615,1565,-1060,1546,1689,1520
545684,466.58,207.675,423.46,206.925,-617,1581,-1056,1546,1690,1520
545686,466.9,207.075,424.42,205.575,-614,1575,-1045,1533,1687,1521
545688,466.42,207.9,424.02,205.95,-620,1584,-1050,1537,1690,1524
545690,466.1,207.225,424.74,205.125,-623,1576,-1042,1528,1688,1527
545692,466.42,207.075,424.98,205.95,-620,1575,-1041,1538,1683,1525
545694,466.58,206.025,424.34,205.125,-617,1564,-1047,1528,1687,1525
545696,466.5,206.1,424.98,204.975,-619,1565,-1040,1528,1688,1524
545698,466.98,206.325,425.22,205.65,-614,1568,-1038,1535,1689,1524
545700,466.5,206.1,424.58,205.575,-619,1566,-1045,1534,1689,1522
545702,466.58,205.725,425.3,205.125,-618,1562,-1038,1530,1690,1524
545704,467.06,205.425,424.74,204.375,-614,1559,-1044,1522,1690,1528
545706,466.82,205.275,425.22,204.45,-616,1557,-1039,1523,1687,1524
545708,466.26,205.2,425.54,204.15,-622,1556,-1036,1520,1694,1524
545710,466.18,204.975,425.14,203.925,-623,1554,-1040,1517,1689,1530
545712,466.26,205.35,425.14,204.525,-623,1558,-1041,1524,1689,1522
545714,465.46,204.825,425.46,202.575,-631,1552,-1036,1503,1690,1528
545716,466.1,204.975,425.14,204.3,-625,1554,-1041,1522,1692,1526
545718,465.7,204.75,425.62,204.225,-629,1551,-1037,1521,1686,1527
545720,465.94,205.125,425.14,203.55,-627,1555,-1041,1514,1694,1525
545722,465.3,204.9,425.38,203.85,-634,1552,-1039,1517,1688,1524
545724,465.38,205.425,425.54,203.475,-634,1558,-1038,1513,1690,1526
545726,465.38,204.525,425.54,203.925,-634,1549,-1039,1518,1687,1523
545728,465.78,204.6,425.3,204.675,-630,1550,-1042,1526,1689,1527
545730,464.9,204.975,425.3,203.925,-639,1553,-1041,1518,1688,1528
545732,464.5,205.2,425.7,204.15,-644,1555,-1038,1520,1688,1523
545734,465.14,204.525,426.18,203.1,-636,1548,-1032,1509,1687,1529
545736,466.02,204.75,426.58,204.675,-629,1551,-1029,1527,1687,1524
545738,468.74,204.675,430.58,204.15,-601,1552,-989,1523,1696,1526
545740,475.22,203.775,438.82,204.75,-535,1547,-905,1535,1691,1531
545742,486.18,202.575,451.14,206.175,-423,1540,-781,1557,1693,1531
545744,502.42,199.725,467.3,205.35,-258,1520,-617,1558,1696,1533
545746,522.9,195.75,486.9,203.325,-48,1490,-416,1549,1692,1540
545748,544.98,191.325,508.26,200.175,176,1457,-199,1528,1697,1543
545750,567.22,186.6,531.46,194.325,403,1420,38,1480,1700,1542
545752,592.26,179.925,553.62,188.925,657,1365,264,1437,1690,1538
545754,617.22,173.175,577.14,182.925,910,1310,504,1388,1684,1532
545756,640.74,165.975,600.26,177.225,1149,1249,738,1342,1677,1516
545758,665.7,162.6,622.26,171.75,1398,1229,961,1298,1664,1510
545760,691.62,156.675,646.66,167.325,1658,1183,1206,1266,1654,1499
545762,717.22,152.325,669.54,164.325,1913,1153,1435,1249,1646,1490
545764,742.98,148.2,692.74,163.275,2168,1126,1665,1252,1637,1478
545766,768.02,145.125,715.62,162.3,2416,1110,1892,1256,1626,1464
545768,791.7,141.525,739.46,169.125,2649,1087,2125,1342,1624,1465
545770,815.38,141.675,759.06,168.9,2881,1103,2318,1352,1628,1460
545772,834.58,142.65,775.78,169.5,3068,1125,2482,1368,1620,1454
545774,851.54,143.625,789.62,171.675,3233,1145,2618,1399,1615,1459
545776,864.1,143.625,800.82,177.3,3356,1153,2726,1464,1608,1466
545778,873.06,142.95,806.74,177.6,3443,1152,2783,1471,1600,1473
545780,877.78,140.85,810.98,175.725,3489,1132,2826,1454,1608,1475
545782,877.78,138.825,810.66,175.5,3490,1111,2823,1452,1613,1479
545784,874.58,136.35,811.3,172.35,3459,1084,2830,1419,1623,1489
545786,872.34,135.075,809.46,172.5,3438,1069,2812,1419,1625,1494
545788,870.42,134.25,810.98,171.225,3419,1060,2826,1407,1623,1497
545790,870.66,133.575,812.02,172.275,3422,1052,2837,1419,1621,1497
545792,871.14,133.575,814.1,174.75,3426,1053,2856,1445,1623,1491
545794,872.26,134.775,814.9,173.1,3437,1066,2865,1429,1619,1503
545796,872.98,136.575,815.38,174.3,3443,1084,2869,1441,1614,1492
545798,872.9,137.175,816.42,175.8,3442,1091,2879,1457,1617,1495
545800,873.54,136.8,815.14,175.65,3449,1087,2867,1455,1615,1493
545802,872.82,137.25,814.58,176.85,3442,1091,2860,1467,1613,1485
545804,871.38,137.7,815.06,176.85,3428,1095,2865,1467,1615,1487
545806,871.06,137.925,814.74,175.575,3425,1097,2862,1454,1607,1491
545808,871.62,136.275,815.06,174.45,3431,1080,2866,1442,1612,1489
545810,871.22,138,814.98,174.675,3426,1098,2866,1444,1612,1490
545812,870.26,137.25,816.02,172.875,3418,1089,2877,1426,1610,1490
545814,871.3,137.4,815.62,173.475,3428,1091,2873,1432,1611,1483
545816,870.66,136.95,817.14,173.625,3422,1086,2888,1434,1612,1488
545818,870.98,136.95,817.22,173.7,3425,1086,2888,1435,1609,1490
545820,869.7,136.725,818.02,173.925,3413,1083,2896,1438,1612,1485
545822,870.26,135.45,818.02,173.55,3419,1071,2897,1434,1616,1491
545824,869.7,136.275,818.58,174.15,3414,1078,2902,1441,1613,1485
545826,869.94,135.075,819.38,173.325,3416,1066,2910,1432,1608,1485
545828,870.42,135.9,819.7,173.775,3421,1075,2914,1437,1605,1486
545830,870.42,135.45,819.3,173.475,3421,1070,2910,1433,1608,1487
545832,870.1,134.625,819.38,172.575,3419,1061,2911,1424,1608,1485
545834,869.7,135,820.5,171.675,3415,1065,2923,1415,1611,1491
545836,870.18,135.225,821.14,173.025,3420,1067,2929,1429,1610,1486
545838,870.26,134.325,820.74,172.05,3421,1058,2926,1419,1606,1484
545840,870.02,134.475,821.86,170.625,3419,1059,2938,1405,1611,1484
545842,870.34,133.425,822.1,172.575,3423,1049,2939,1425,1612,1485
545844,869.46,133.125,821.78,170.7,3415,1045,2937,1405,1608,1487
545846,870.02,133.875,822.26,170.925,3419,1053,2942,1408,1609,1484
545848,869.7,132.75,822.5,171.525,3417,1041,2945,1414,1606,1486
545850,869.46,132.6,823.3,170.325,3415,1039,2953,1402,1611,1489
545852,869.46,133.125,823.54,170.475,3415,1044,2955,1403,1608,1482
545854,869.62,132.75,824.58,171.3,3417,1040,2965,1412,1611,1480
545856,868.9,132,824.18,169.725,3410,1031,2962,1395,1607,1483
545858,869.86,132.825,824.58,170.7,3420,1041,2965,1406,1611,1476
545860,868.9,132.3,825.3,169.5,3410,1034,2974,1393,1608,1475
545862,868.98,132.525,824.58,168.6,3411,1037,2966,1384,1609,1480
545864,869.14,132.375,824.9,168.975,3413,1034,2970,1387,1613,1478
545866,868.66,133.2,824.58,170.175,3408,1043,2967,1400,1608,1476
545868,869.3,132.75,825.14,169.5,3415,1038,2972,1393,1610,1473
545870,868.42,133.275,825.62,169.05,3407,1043,2977,1388,1608,1474
545872,868.18,132.3,825.62,168.225,3405,1033,2978,1379,1609,1476
545874,868.26,132.75,824.74,169.8,3405,1037,2969,1395,1612,1472
545876,868.42,132.525,825.7,169.275,3407,1035,2979,1390,1610,1473
545878,868.42,131.925,824.98,168.9,3407,1029,2972,1385,1604,1476
545880,868.18,132.675,825.38,169.725,3405,1036,2975,1394,1610,1471
545882,868.02,132.525,825.94,169.35,3403,1035,2981,1390,1611,1475
545884,867.78,132.75,825.94,169.2,3401,1036,2981,1389,1606,1473
545886,868.18,133.2,825.54,169.8,3405,1042,2977,1395,1608,1470
545888,867.86,133.425,825.86,169.275,3401,1043,2980,1390,1607,1473
545890,867.86,132.6,825.46,168.375,3401,1035,2976,1380,1606,1479
545892,867.86,133.5,825.78,169.5,3401,1044,2978,1391,1607,1472
545894,868.18,132.375,826.34,169.125,3404,1033,2984,1388,1608,1477
545896,867.86,132.675,825.86,167.4,3401,1036,2980,1370,1610,1475
545898,867.38,133.425,826.9,169.425,3396,1043,2989,1392,1607,1473
545900,867.54,133.95,826.58,169.05,3397,1048,2986,1388,1609,1475
545902,868.02,133.275,826.58,167.925,3402,1042,2987,1376,1606,1473
545904,867.62,133.5,826.9,168.75,3398,1044,2989,1385,1609,1472
545906,868.18,133.5,827.3,168,3403,1045,2993,1377,1609,1481
545908,867.06,132.525,826.26,167.625,3392,1034,2983,1373,1606,1475
545910,868.34,133.8,826.9,166.8,3404,1048,2990,1365,1608,1479
545912,867.86,132.525,827.46,167.25,3400,1035,2994,1370,1609,1476
545914,867.22,133.275,827.7,167.325,3393,1042,2996,1371,1605,1480
545916,867.86,133.65,828.18,167.4,3398,1047,3001,1373,1605,1474
545918,867.86,132.9,827.54,167.4,3399,1039,2994,1372,1604,1477
545920,867.14,132.45,827.54,167.625,3392,1034,2994,1374,1603,1473
545922,867.94,133.5,827.54,166.725,3399,1046,2994,1365,1606,1474
545924,868.18,132.45,827.94,168.075,3401,1035,2997,1380,1607,1473
545926,868.34,133.2,827.38,167.55,3402,1043,2992,1374,1604,1474
545928,867.38,132.75,827.78,167.775,3393,1039,2995,1377,1602,1472
545930,867.94,132.825,828.5,167.55,3398,1039,3002,1375,1605,1475
545932,868.34,133.425,827.06,167.25,3401,1046,2988,1372,1605,1476
545934,867.14,132.6,827.46,166.275,3390,1037,2992,1362,1604,1474
545936,867.22,133.2,828.5,167.925,3390,1044,3001,1380,1607,1471
545938,867.22,133.275,829.14,166.575,3390,1044,3008,1366,1602,1477
545940,866.34,133.35,827.78,167.325,3381,1045,2994,1373,1601,1470
545942,866.58,133.5,828.02,168.075,3384,1046,2997,1381,1604,1471
545944,866.34,133.35,828.26,167.325,3380,1045,2998,1374,1605,1467
545946,866.66,132.9,828.02,167.175,3384,1041,2996,1372,1600,1469
545948,867.06,133.5,828.42,168.225,3388,1047,2999,1383,1600,1467
545950,868.18,134.925,829.06,170.55,3398,1062,3005,1409,1603,1469
545952,869.94,136.575,831.78,174.45,3414,1081,3030,1451,1598,1464
545954,876.58,148.125,834.42,182.175,3476,1205,3053,1533,1583,1459
545956,883.46,156.45,838.34,189,3540,1295,3089,1607,1596,1459
545958,892.18,161.775,843.78,200.7,3623,1356,3139,1732,1597,1466
545960,899.78,170.175,848.98,212.25,3694,1448,3186,1856,1591,1461
545962,905.78,177.075,850.9,217.425,3751,1523,3203,1912,1583,1469
545964,910.42,182.175,853.14,223.575,3794,1579,3222,1978,1580,1478
545966,913.3,183.75,854.26,224.475,3822,1597,3233,1988,1577,1480
545968,913.62,185.4,855.86,227.925,3825,1614,3248,2026,1578,1481
545970,915.14,186.525,856.02,228.45,3839,1627,3249,2031,1580,1475
545972,914.82,187.125,856.42,230.025,3835,1633,3252,2048,1589,1471
545974,914.5,187.575,856.66,232.275,3832,1637,3254,2071,1585,1471
545976,913.78,187.725,857.38,234.375,3825,1639,3260,2094,1578,1472
545978,913.86,190.2,857.54,235.575,3825,1664,3261,2107,1587,1469
545980,913.22,189.9,856.5,236.925,3818,1661,3250,2120,1585,1471
545982,912.26,189.975,858.02,237.3,3809,1661,3265,2125,1582,1474
545984,911.94,191.325,857.94,237.675,3805,1675,3263,2129,1587,1468
545986,912.34,189.75,859.14,237.45,3809,1658,3276,2128,1581,1473
545988,911.22,189.225,859.54,235.725,3798,1653,3280,2110,1575,1471
545990,911.46,189.45,859.14,235.5,3801,1655,3276,2107,1578,1477
545992,911.06,189.825,859.94,235.425,3797,1659,3284,2106,1576,1471
545994,911.3,190.125,858.74,235.5,3799,1662,3271,2107,1574,1472
545996,911.94,192.075,860.26,235.875,3804,1683,3286,2111,1577,1469
545998,910.9,193.5,860.58,236.85,3794,1697,3289,2122,1584,1469
546000,910.1,192,860.1,237.3,3786,1681,3284,2126,1581,1471
546002,909.94,194.325,859.62,237.225,3784,1704,3280,2125,1582,1467
546004,909.38,194.625,860.34,237.525,3778,1708,3287,2129,1587,1468
546006,908.74,194.475,859.94,236.025,3772,1706,3283,2113,1586,1467
546008,909.38,195.825,859.7,236.625,3778,1720,3280,2119,1587,1469
546010,909.06,195.15,860.42,237,3775,1713,3287,2123,1584,1465
546012,908.42,195.225,859.94,237.15,3769,1713,3283,2125,1582,1466
546014,908.5,196.725,860.34,235.95,3769,1729,3287,2112,1585,1469
546016,908.18,197.025,861.3,237.975,3766,1732,3296,2134,1584,1464
546018,907.14,195.9,860.66,237.075,3756,1720,3290,2124,1581,1464
546020,908.02,196.5,861.3,238.05,3765,1727,3296,2136,1582,1463
546022,907.94,197.55,862.42,237,3763,1738,3307,2125,1584,1463
546024,907.06,196.725,861.38,236.25,3756,1728,3297,2116,1586,1465
546026,907.38,197.7,861.62,236.775,3759,1739,3300,2123,1584,1463
546028,906.1,197.625,860.9,236.925,3746,1738,3293,2124,1586,1461
546030,906.82,198.225,862.82,237.675,3753,1744,3311,2133,1590,1459
546032,906.9,198.375,862.9,237.225,3754,1746,3312,2128,1582,1460
546034,907.38,198.15,862.9,235.65,3759,1745,3313,2112,1583,1463
546036,906.9,198.225,863.7,236.925,3754,1745,3321,2126,1587,1455
546038,906.66,198.15,863.22,235.125,3752,1744,3316,2106,1586,1458
546040,906.98,197.7,864.02,236.925,3755,1740,3324,2126,1584,1455
546042,907.06,197.775,863.54,236.475,3756,1740,3320,2121,1589,1458
546044,907.14,197.175,863.94,235.575,3757,1734,3324,2112,1579,1455
546046,906.9,197.025,864.34,235.575,3755,1733,3328,2112,1580,1452
546048,906.26,197.4,865.62,236.325,3748,1736,3339,2121,1586,1450
546050,906.9,196.2,864.74,235.2,3755,1725,3332,2109,1582,1450
546052,907.06,196.35,864.34,236.55,3756,1726,3327,2123,1578,1452
546054,906.42,195.675,865.06,236.7,3751,1719,3334,2125,1580,1446
546056,906.5,196.425,865.86,236.175,3751,1727,3342,2120,1578,1446
546058,905.7,197.1,866.58,237.15,3743,1734,3349,2131,1582,1452
546060,905.94,196.65,865.14,236.4,3746,1729,3335,2123,1582,1444
546062,906.42,197.925,866.34,238.275,3750,1743,3346,2143,1582,1445
546064,905.62,198.9,866.18,238.05,3742,1753,3345,2141,1579,1441
546066,905.38,198.9,864.66,237.6,3739,1753,3330,2135,1576,1439
546068,904.98,199.725,865.54,238.425,3736,1761,3339,2144,1577,1435
546070,905.06,200.25,865.86,240.3,3736,1767,3341,2164,1581,1433
546072,904.5,200.55,866.42,239.25,3732,1770,3348,2154,1575,1436
546074,904.58,200.325,865.54,238.275,3732,1767,3339,2143,1573,1434
546076,905.22,201.225,866.1,239.775,3738,1777,3344,2159,1580,1431
546078,904.58,200.325,865.62,238.125,3732,1768,3340,2141,1575,1433
546080,904.9,201.15,865.7,239.25,3735,1777,3340,2154,1573,1431
546082,904.66,201.3,867.14,239.775,3732,1778,3354,2160,1578,1433
546084,904.66,200.925,866.98,238.95,3732,1774,3353,2151,1570,1430
546086,905.06,202.05,866.9,239.175,3736,1787,3352,2154,1576,1430
546088,905.54,203.625,866.74,240.45,3740,1804,3350,2167,1578,1424
546090,904.9,201,866.1,238.65,3735,1776,3344,2148,1573,1434
546092,905.46,203.025,867.46,239.175,3739,1797,3357,2154,1576,1429
546094,905.3,203.1,868.66,239.175,3738,1798,3369,2155,1574,1431
546096,904.98,202.05,867.86,240.3,3734,1787,3361,2167,1570,1424
546098,904.58,203.025,867.78,239.775,3730,1796,3360,2161,1571,1425
546100,905.54,201.825,868.18,239.4,3740,1784,3364,2157,1569,1425
546102,903.54,201.6,868.66,237.975,3720,1780,3369,2142,1567,1426
546104,903.7,202.8,868.9,238.425,3722,1793,3371,2147,1571,1424
546106,904.9,204.075,868.66,238.65,3733,1807,3369,2149,1572,1424
546108,905.06,202.2,869.54,239.7,3734,1788,3377,2161,1571,1420
546110,905.3,203.175,868.5,238.725,3736,1798,3367,2150,1567,1421
546112,905.14,203.85,869.22,238.575,3735,1805,3373,2149,1571,1421
546114,904.02,202.65,868.82,238.35,3724,1792,3369,2146,1564,1417
546116,904.74,203.25,868.42,239.1,3730,1798,3365,2153,1563,1418
546118,904.42,202.875,867.86,239.325,3727,1794,3359,2155,1566,1413
546120,904.02,202.95,868.34,237.75,3723,1794,3364,2139,1559,1416
546122,903.7,203.175,868.74,238.95,3720,1797,3367,2152,1559,1415
546124,903.94,202.575,870.18,237.975,3722,1790,3382,2142,1559,1410
546126,903.54,202.65,867.94,238.8,3718,1790,3359,2149,1563,1415
546128,902.82,201.075,868.18,238.95,3711,1773,3361,2150,1556,1408
546130,902.5,201.525,868.34,238.35,3708,1777,3363,2144,1551,1408
546132,901.86,203.625,868.5,238.275,3701,1798,3365,2143,1550,1407
546134,902.1,203.1,868.34,238.95,3703,1793,3362,2149,1547,1409
546136,901.38,204.15,868.1,239.1,3696,1802,3360,2150,1548,1406
546138,902.18,204.75,868.82,239.4,3703,1809,3367,2154,1554,1405
546140,901.54,203.025,869.3,237.9,3696,1790,3372,2138,1548,1403
546142,901.3,203.925,868.82,238.5,3694,1799,3366,2143,1552,1401
546144,901.86,204.45,869.14,239.7,3699,1805,3368,2156,1551,1403
546146,901.7,203.4,868.74,238.425,3698,1794,3365,2142,1545,1403
546148,901.86,205.425,868.82,239.85,3698,1814,3365,2156,1545,1400
546150,901.38,204.525,868.82,239.925,3694,1805,3364,2157,1546,1399
546152,901.7,204.3,869.22,238.575,3696,1802,3368,2142,1543,1394
546154,901.62,204.45,868.66,237.825,3695,1803,3363,2134,1543,1394
546156,901.7,205.725,869.38,238.8,3695,1816,3369,2144,1546,1393
546158,901.94,205.725,869.3,238.35,3697,1815,3369,2140,1540,1391
546160,902.18,205.575,869.62,238.275,3700,1814,3372,2138,1541,1393
546162,902.5,206.1,869.38,238.35,3703,1819,3369,2139,1541,1388
546164,902.02,206.7,868.74,237.675,3697,1824,3362,2130,1537,1391
546166,901.94,206.325,869.7,237.225,3697,1821,3372,2126,1538,1392
546168,902.02,204.9,869.78,238.575,3697,1805,3372,2139,1533,1387
546170,902.5,205.95,869.3,238.575,3702,1816,3367,2139,1534,1379
546172,902.42,206.1,869.78,238.425,3701,1817,3372,2137,1532,1384
546174,902.42,205.425,870.18,237.75,3701,1809,3376,2130,1532,1380
546176,902.02,205.575,870.02,238.425,3696,1810,3374,2137,1535,1378
546178,902.66,205.575,869.7,238.95,3702,1811,3371,2142,1534,1382
546180,902.66,205.875,870.18,237.525,3702,1814,3375,2127,1531,1377
546182,902.66,205.95,870.02,237.6,3702,1814,3374,2128,1529,1379
546184,903.3,205.65,870.34,238.275,3708,1811,3376,2134,1529,1378
546186,902.98,206.1,870.82,237.225,3705,1816,3382,2124,1528,1376
546188,903.14,205.725,871.38,237.6,3707,1812,3386,2128,1527,1380
546190,902.26,205.35,871.06,238.65,3698,1807,3383,2139,1527,1381
546192,903.06,204.6,870.9,238.125,3706,1800,3382,2133,1526,1380
546194,903.38,206.175,871.38,237.675,3709,1817,3387,2129,1523,1378
546196,903.54,206.475,870.66,238.2,3710,1819,3380,2134,1523,1379
546198,902.58,205.35,871.54,238.05,3701,1807,3388,2133,1520,1379
546200,903.22,205.425,870.98,238.125,3707,1809,3382,2133,1524,1378
546202,903.14,206.775,871.86,236.55,3706,1823,3392,2117,1528,1382
546204,903.62,206.55,871.46,237.975,3711,1821,3388,2132,1524,1379
546206,902.82,206.025,871.22,237.825,3703,1815,3385,2130,1525,1379
546208,903.14,206.925,872.34,237.825,3706,1825,3396,2132,1526,1377
546210,904.02,207.825,871.38,237.3,3714,1835,3387,2126,1519,1376
546212,903.14,207.825,871.7,238.2,3706,1835,3390,2136,1523,1370
546214,903.46,207.975,871.86,237.675,3709,1837,3392,2131,1524,1375
546216,902.9,208.125,871.3,238.125,3704,1839,3387,2135,1521,1373
546218,903.06,207.225,871.3,238.125,3706,1830,3387,2135,1519,1374
546220,902.58,207.75,871.22,237.225,3702,1835,3386,2126,1519,1374
546222,902.98,209.475,872.1,237.75,3705,1853,3395,2132,1515,1374
546224,903.38,209.1,871.78,238.275,3710,1851,3392,2139,1518,1369
546226,903.46,209.175,872.02,237.525,3710,1851,3395,2131,1520,1377
546228,903.46,209.85,872.18,237.15,3711,1859,3397,2128,1518,1375
546230,903.7,208.8,872.34,235.8,3713,1849,3399,2113,1518,1374
546232,903.14,209.55,871.94,236.1,3708,1857,3395,2117,1516,1370
546234,903.86,208.575,872.74,237.3,3715,1847,3403,2131,1519,1373
546236,903.06,210,871.54,237.075,3708,1863,3392,2128,1519,1368
546238,903.14,208.725,871.94,236.925,3709,1849,3395,2127,1518,1372
546240,903.78,209.1,871.94,237.9,3716,1854,3396,2138,1520,1371
546242,904.26,208.8,870.82,237.75,3720,1852,3385,2136,1520,1364
546244,903.94,209.775,872.58,237.6,3718,1862,3403,2136,1512,1370
546246,903.94,210.9,872.1,237.75,3718,1874,3398,2137,1510,1372
546248,903.3,210.45,872.1,237.525,3712,1869,3399,2135,1510,1365
546250,903.3,210.975,872.18,236.7,3712,1875,3401,2127,1508,1371
546252,903.14,211.575,872.02,237.975,3711,1882,3399,2141,1510,1371
546254,903.22,209.7,871.62,237.225,3712,1862,3396,2133,1512,1367
546256,904.26,211.05,872.5,237.45,3722,1878,3404,2136,1506,1366
546258,903.62,209.1,872.34,237.525,3716,1857,3402,2137,1512,1368
546260,904.34,211.95,871.86,237.975,3723,1887,3399,2142,1504,1371
546262,903.62,211.65,872.5,239.175,3716,1884,3405,2155,1502,1365
546264,903.06,211.875,873.62,239.025,3711,1886,3416,2154,1506,1371
546266,903.06,212.25,872.26,238.65,3711,1890,3402,2149,1502,1366
546268,903.14,212.85,872.5,239.1,3712,1896,3405,2154,1504,1369
546270,902.98,211.125,873.06,236.4,3711,1878,3411,2126,1509,1368
546272,903.22,211.65,872.66,236.85,3714,1884,3408,2131,1499,1365
546274,902.9,212.25,872.58,237.45,3711,1890,3407,2138,1502,1364
546276,903.54,211.35,872.98,236.7,3717,1881,3411,2130,1502,1363
546278,902.58,212.175,872.82,236.7,3708,1889,3410,2130,1501,1361
546280,903.14,211.5,872.26,237,3714,1883,3404,2132,1499,1363
546282,901.78,209.775,872.58,235.8,3701,1864,3408,2121,1511,1360
546284,902.34,208.95,872.02,233.475,3707,1856,3403,2096,1507,1358
546286,902.66,210.45,872.42,234.825,3709,1871,3406,2110,1505,1366
546288,902.34,208.875,871.06,235.125,3706,1855,3393,2113,1506,1364
546290,902.9,209.325,871.86,234.375,3712,1860,3401,2105,1505,1359
546292,903.22,209.025,872.58,235.35,3716,1857,3408,2116,1505,1367
546294,902.5,207.6,872.34,233.925,3709,1841,3406,2100,1511,1364
546296,903.94,208.875,871.94,235.2,3723,1856,3402,2113,1500,1359
546298,903.06,208.2,871.46,235.725,3714,1848,3397,2119,1507,1366
546300,902.74,207.825,871.7,234.15,3711,1844,3400,2102,1511,1366
546302,902.42,207.6,871.14,232.8,3708,1841,3395,2088,1510,1353
546304,902.82,207.825,871.54,235.5,3712,1844,3398,2116,1507,1364
546306,902.18,207.825,871.38,233.175,3705,1844,3397,2091,1511,1363
546308,902.58,207.825,870.74,233.4,3709,1843,3391,2093,1508,1357
546310,903.46,207.75,871.54,234.525,3718,1843,3398,2106,1509,1362
546312,901.94,208.95,871.46,234.675,3703,1855,3398,2108,1509,1367
546314,901.06,210.6,870.02,235.35,3694,1871,3383,2114,1505,1363
546316,900.66,211.125,869.62,237.825,3690,1877,3378,2139,1505,1371
546318,898.66,214.125,867.38,240.3,3669,1907,3355,2164,1505,1367
546320,896.58,218.025,864.66,242.625,3648,1946,3328,2187,1501,1365
546322,893.3,220.575,859.94,245.325,3614,1972,3280,2213,1504,1371
546324,891.78,221.925,856.34,247.35,3599,1985,3244,2232,1500,1375
546326,891.38,222.975,855.3,247.725,3595,1995,3234,2235,1499,1376
546328,891.06,221.25,856.02,246.225,3592,1977,3241,2220,1504,1379
546330,892.58,219.975,856.98,246.075,3607,1965,3250,2219,1505,1384
546332,893.54,217.875,857.78,246.375,3617,1944,3258,2223,1512,1381
546334,894.1,218.925,859.78,245.1,3622,1955,3279,2210,1506,1379
546336,894.5,219.675,861.06,245.85,3626,1963,3291,2219,1507,1380
546338,894.42,219.375,860.58,245.625,3625,1960,3286,2216,1508,1377
546340,894.58,220.95,860.74,245.325,3626,1977,3287,2214,1508,1377
546342,894.58,220.275,860.26,246.15,3626,1969,3282,2222,1509,1375
546344,894.1,221.4,859.86,245.85,3620,1981,3278,2218,1502,1375
546346,893.46,221.55,859.38,245.925,3614,1982,3273,2219,1501,1378
546348,893.46,220.575,859.7,247.2,3614,1972,3276,2233,1504,1379
546350,893.62,220.275,859.86,245.025,3616,1969,3278,2211,1504,1379
546352,894.1,220.65,859.38,245.85,3620,1974,3273,2219,1505,1379
546354,894.42,219.975,859.14,246.975,3623,1966,3270,2230,1509,1378
546356,893.22,220.425,860.9,246.15,3612,1971,3287,2223,1504,1377
546358,893.78,220.8,860.26,246.075,3617,1975,3281,2222,1504,1378
546360,893.06,220.575,860.5,247.05,3609,1973,3282,2232,1503,1377
546362,894.42,220.575,860.82,245.85,3623,1973,3286,2220,1506,1378
546364,894.26,220.35,859.38,245.775,3621,1971,3272,2218,1507,1379
546366,893.78,220.725,859.54,245.85,3616,1974,3273,2219,1506,1382
546368,893.86,221.55,860.5,245.85,3617,1983,3283,2220,1505,1379
546370,893.54,220.425,859.14,245.4,3614,1971,3269,2214,1506,1384
546372,893.54,220.8,860.1,245.775,3613,1975,3278,2219,1503,1384
546374,893.54,220.575,859.46,246.375,3614,1973,3272,2225,1505,1378
546376,893.86,220.5,860.34,245.775,3616,1972,3280,2219,1508,1380
546378,893.3,219.525,859.06,245.7,3611,1961,3268,2217,1508,1378
546380,893.62,221.025,858.74,246.825,3613,1977,3264,2229,1508,1375
546382,893.06,221.025,859.38,245.85,3608,1977,3271,2219,1504,1381
546384,893.22,220.875,859.46,245.4,3609,1976,3271,2214,1505,1382
546386,892.9,221.325,858.5,245.475,3605,1980,3262,2215,1506,1388
546388,893.54,220.575,858.74,246,3612,1973,3263,2221,1507,1387
546390,892.5,220.425,858.74,245.775,3602,1971,3263,2219,1506,1391
546392,892.26,220.65,858.66,244.95,3599,1973,3262,2210,1509,1389
546394,892.74,220.35,858.9,245.1,3604,1970,3265,2211,1505,1386
546396,891.86,221.55,858.58,246.075,3594,1982,3261,2221,1511,1389
546398,892.66,220.05,858.66,246.45,3602,1967,3261,2226,1508,1387
546400,892.34,219.825,858.58,245.625,3598,1965,3260,2217,1513,1390
546402,892.58,220.05,858.5,244.95,3601,1967,3259,2209,1510,1389
546404,892.18,220.2,858.42,245.25,3596,1968,3258,2212,1508,1389
546406,891.54,218.925,858.42,245.7,3591,1954,3258,2217,1513,1390
546408,891.94,218.1,858.66,245.25,3594,1946,3260,2212,1515,1391
546410,892.5,219.9,858.42,245.25,3599,1965,3258,2212,1511,1387
546412,892.5,219.225,858.18,245.775,3598,1958,3255,2217,1510,1389
546414,892.18,218.25,858.1,244.575,3596,1948,3254,2205,1515,1392
546416,891.86,218.25,859.06,245.4,3592,1947,3263,2214,1511,1391
546418,892.34,219.15,858.5,245.475,3596,1957,3257,2214,1513,1387
546420,892.18,218.925,858.42,244.05,3595,1954,3256,2199,1514,1390
546422,892.02,219.525,858.26,243.9,3592,1960,3255,2197,1510,1392
546424,893.22,218.325,859.14,244.65,3605,1948,3263,2205,1516,1395
546426,893.14,217.5,858.74,244.65,3604,1939,3259,2205,1516,1392
546428,893.22,217.575,858.26,244.35,3605,1940,3254,2201,1515,1391
546430,892.42,218.25,858.02,243.9,3597,1946,3252,2196,1514,1390
546432,892.26,218.625,859.78,244.05,3595,1949,3269,2198,1513,1394
546434,892.1,217.65,858.34,244.275,3593,1939,3255,2200,1517,1394
546436,892.42,218.025,858.74,243.975,3596,1942,3258,2196,1515,1396
546438,892.34,218.325,858.58,243.6,3596,1945,3257,2192,1515,1398
546440,892.1,217.35,858.5,244.125,3593,1934,3256,2197,1519,1395
546442,892.58,216.45,858.5,244.5,3598,1925,3256,2201,1521,1398
546444,892.34,216.45,856.98,245.325,3596,1925,3241,2208,1520,1397
546446,892.02,217.275,858.82,243.825,3592,1933,3259,2193,1521,1398
546448,892.98,216.975,858.58,244.5,3602,1930,3257,2200,1518,1399
546450,892.02,217.65,858.02,245.325,3592,1936,3251,2208,1518,1403
546452,892.74,216.15,858.42,243.6,3599,1921,3255,2189,1521,1398
546454,892.42,216.45,858.98,244.425,3596,1923,3261,2199,1524,1399
546456,892.9,217.875,857.38,244.8,3600,1938,3245,2201,1518,1400
546458,891.78,217.95,858.5,243.75,3589,1938,3256,2191,1518,1404
546460,892.58,217.35,857.94,245.1,3598,1932,3250,2203,1523,1401
546462,892.18,217.05,858.18,244.125,3594,1928,3253,2193,1523,1402
546464,892.5,217.2,858.98,244.35,3598,1929,3261,2196,1522,1401
546466,892.5,217.2,858.66,244.875,3598,1930,3258,2201,1521,1405
546468,892.18,217.5,858.74,244.125,3594,1931,3259,2192,1522,1401
546470,892.9,217.35,858.74,244.05,3601,1931,3259,2191,1526,1404
546472,892.66,217.65,857.06,245.475,3599,1933,3242,2206,1519,1404
546474,891.14,217.125,857.86,245.55,3584,1927,3250,2207,1525,1406
546476,892.42,218.325,858.18,244.35,3597,1940,3253,2194,1523,1408
546478,891.86,217.425,857.22,245.55,3591,1930,3244,2206,1522,1407
546480,892.74,217.275,858.5,244.8,3600,1929,3256,2198,1528,1410
546482,892.1,216.3,858.02,243.9,3594,1918,3252,2189,1530,1400
546484,891.62,216.75,857.7,244.95,3589,1922,3249,2199,1530,1404
546486,891.62,215.85,858.9,244.425,3590,1913,3260,2195,1532,1412
546488,892.58,217.275,858.82,244.05,3598,1928,3259,2191,1528,1407
546490,892.1,217.125,857.46,244.8,3594,1927,3246,2198,1533,1415
546492,891.54,216.075,857.94,243.825,3588,1915,3251,2188,1533,1412
546494,891.54,215.4,857.14,243.975,3588,1908,3243,2189,1534,1412
546496,891.62,216.6,857.46,243.75,3590,1921,3247,2187,1532,1419
546498,890.98,216.3,857.38,243.6,3583,1917,3246,2185,1534,1413
546500,891.54,216.75,857.86,243.3,3589,1923,3251,2182,1530,1416
546502,891.38,215.625,857.38,242.625,3588,1910,3247,2175,1538,1420
546504,891.38,216.45,857.94,243.525,3588,1919,3252,2185,1535,1418
546506,891.3,216.15,856.98,243,3587,1916,3243,2179,1539,1414
546508,891.94,216.975,855.94,243.075,3593,1925,3233,2179,1534,1421
546510,891.22,216.375,857.3,244.725,3586,1919,3246,2197,1536,1416
546512,891.22,216.45,856.9,244.125,3586,1919,3241,2191,1536,1419
546514,891.62,215.85,856.74,243.525,3591,1914,3240,2185,1537,1421
546516,890.9,216,856.82,242.7,3583,1915,3242,2176,1534,1421
546518,891.54,217.35,857.22,242.25,3590,1929,3246,2172,1530,1426
546520,891.46,216.225,857.06,243.6,3590,1918,3244,2186,1533,1423
546522,891.7,217.2,857.22,243.675,3592,1929,3246,2187,1532,1425
546524,890.74,216.75,856.58,242.625,3582,1924,3240,2176,1534,1422
546526,891.38,216.825,856.9,242.7,3589,1925,3243,2177,1538,1427
546528,891.38,217.35,856.26,243.825,3588,1931,3236,2188,1535,1425
546530,890.5,216.75,856.34,242.175,3580,1924,3238,2172,1541,1429
546532,889.7,215.925,856.1,241.95,3572,1915,3235,2169,1542,1425
546534,890.5,217.05,856.74,244.425,3580,1927,3241,2196,1540,1425
546536,890.18,216.15,855.78,242.475,3577,1918,3232,2175,1541,1428
546538,890.9,216.525,856.18,243.6,3584,1922,3236,2187,1539,1421
546540,890.82,216.975,856.5,243.45,3582,1927,3239,2186,1541,1423
546542,890.42,216.15,856.02,242.25,3579,1918,3234,2173,1540,1429
546544,890.34,217.35,856.02,243.6,3578,1931,3234,2188,1542,1428
546546,890.26,216.75,856.1,243.15,3577,1925,3234,2183,1542,1431
546548,891.14,216.225,855.78,242.175,3586,1920,3232,2173,1538,1433
546550,890.1,216.375,855.62,242.025,3576,1921,3230,2171,1537,1428
546552,890.74,216,856.5,243.15,3582,1918,3238,2184,1541,1432
546554,889.78,215.025,856.66,241.125,3573,1907,3241,2163,1541,1432
546556,890.66,216,856.42,240.6,3582,1918,3239,2157,1541,1432
546558,890.9,215.85,857.14,240.6,3584,1916,3246,2157,1541,1435
546560,891.46,215.775,855.94,242.475,3590,1916,3234,2177,1542,1433
546562,890.26,216.075,857.54,242.25,3578,1918,3250,2175,1540,1435
546564,891.62,215.475,856.9,241.5,3591,1914,3244,2167,1540,1437
546566,891.22,214.95,856.66,240.9,3588,1908,3241,2161,1540,1437
546568,891.3,214.95,857.78,241.275,3589,1908,3253,2165,1542,1436
546570,891.3,215.625,856.58,239.625,3589,1915,3241,2147,1538,1438
546572,891.3,214.725,856.42,241.275,3589,1905,3239,2165,1541,1434
546574,891.54,215.7,856.66,240.6,3591,1916,3242,2158,1541,1440
546576,891.22,214.5,857.14,240.975,3589,1903,3247,2162,1541,1437
546578,890.9,215.25,856.1,242.4,3586,1911,3237,2176,1542,1430
546580,891.06,216.3,857.22,242.025,3587,1923,3248,2174,1539,1430
546582,891.3,215.4,856.18,240.9,3589,1913,3238,2161,1540,1436
546584,890.42,215.175,856.02,242.175,3582,1910,3236,2175,1544,1433
546586,891.14,217.275,857.78,241.65,3588,1933,3254,2170,1539,1441
546588,892.1,215.85,856.18,241.2,3598,1919,3239,2165,1540,1436
546590,891.46,215.625,855.86,239.925,3592,1916,3236,2151,1541,1443
546592,891.22,216.75,856.26,241.725,3590,1928,3240,2170,1538,1438
546594,891.3,215.25,856.42,241.65,3591,1913,3242,2170,1541,1440
546596,891.14,215.85,856.34,240.075,3590,1919,3242,2154,1540,1440
546598,891.38,216.675,857.14,240.375,3592,1928,3250,2157,1538,1442
546600,891.54,215.85,855.94,240.675,3595,1920,3238,2160,1537,1439
546602,890.5,215.85,855.78,241.575,3585,1920,3236,2170,1544,1440
546604,890.98,215.475,856.34,242.025,3590,1916,3242,2175,1544,1444
546606,891.54,214.5,856.82,240.3,3596,1906,3248,2157,1543,1440
546608,891.62,216.225,855.62,240.45,3596,1925,3236,2158,1543,1443
546610,891.38,217.8,856.26,242.925,3593,1941,3242,2185,1537,1438
546612,891.54,216,856.1,240.75,3596,1923,3242,2163,1536,1442
546614,891.62,216.225,855.54,240.075,3596,1925,3236,2155,1539,1440
546616,890.98,217.5,855.62,242.175,3591,1939,3237,2178,1538,1439
546618,891.22,214.125,856.42,240.075,3594,1904,3245,2156,1544,1446
546620,891.06,216.45,855.86,240.075,3593,1929,3240,2157,1537,1442
546622,891.22,215.25,856.34,240.075,3594,1916,3246,2157,1542,1446
546624,892.02,214.95,856.66,239.775,3603,1914,3249,2155,1540,1446
546626,892.5,214.275,856.02,240.225,3607,1907,3242,2159,1542,1447
546628,891.7,215.025,856.66,238.5,3600,1915,3250,2142,1538,1448
546630,891.54,213.975,856.5,239.925,3599,1904,3248,2157,1543,1445
546632,891.22,214.575,856.26,238.5,3597,1910,3247,2142,1541,1446
546634,891.46,214.35,856.18,239.025,3599,1908,3246,2147,1544,1442
546636,892.1,213.9,856.5,240.45,3607,1905,3249,2163,1543,1443
546638,891.38,214.35,857.38,239.025,3599,1909,3259,2149,1542,1454
546640,891.46,213.15,857.06,238.2,3601,1897,3257,2140,1545,1452
546642,892.18,213.45,856.58,239.625,3608,1900,3252,2155,1549,1447
546644,891.86,213.9,856.02,238.8,3605,1905,3247,2146,1542,1454
546646,891.06,214.125,855.94,239.025,3598,1907,3246,2148,1545,1449
546648,892.18,214.2,855.94,239.475,3609,1908,3246,2153,1547,1452
546650,890.74,214.65,856.26,238.275,3595,1913,3250,2140,1539,1453
546652,887.62,215.625,854.42,238.35,3564,1921,3232,2140,1546,1451
546654,881.22,217.125,848.02,238.575,3501,1933,3169,2139,1541,1451
546656,869.7,219.975,836.98,239.55,3388,1957,3061,2144,1548,1455
546658,852.1,225.6,821.54,242.25,3214,2005,2907,2163,1554,1450
546660,831.22,229.05,803.22,243.375,3008,2030,2727,2165,1564,1458
546662,808.1,233.55,779.38,240.225,2778,2063,2492,2117,1568,1454
546664,783.22,236.1,756.82,243.525,2532,2076,2268,2139,1579,1458
546666,757.86,236.4,730.1,245.175,2281,2065,2002,2142,1581,1467
546668,731.94,238.05,705.86,241.2,2024,2067,1762,2085,1585,1474
546670,706.98,239.55,680.18,239.4,1775,2069,1507,2052,1591,1471
546672,680.5,242.025,654.1,241.575,1510,2080,1246,2060,1580,1477
546674,655.46,243.525,628.18,242.025,1258,2081,986,2049,1582,1477
546676,630.66,246.375,600.98,243.6,1009,2098,711,2050,1584,1473
546678,604.74,248.775,574.66,244.8,747,2108,445,2048,1576,1460
546680,580.82,252.225,548.66,243.9,503,2131,184,2024,1576,1459
546682,557.3,253.65,523.78,241.125,265,2133,-66,1979,1571,1464
546684,537.7,253.425,499.7,238.8,67,2119,-308,1940,1575,1464
546686,518.58,256.5,477.46,237.825,-128,2141,-533,1917,1574,1471
546688,502.42,256.95,459.54,238.2,-292,2137,-717,1911,1567,1472
546690,492.26,258.45,444.18,238.05,-397,2147,-873,1900,1568,1471
546692,485.54,258.6,431.54,239.7,-466,2144,-1003,1911,1561,1465
546694,480.9,258,424.5,239.025,-512,2136,-1074,1899,1565,1465
546696,478.66,257.925,420.26,239.325,-535,2134,-1118,1900,1567,1465
546698,478.74,255.675,419.38,238.5,-532,2110,-1127,1891,1569,1469
546700,478.82,254.625,420.58,237.975,-531,2099,-1114,1886,1574,1467
546702,480.1,252.975,421.06,236.85,-517,2082,-1108,1875,1571,1473
546704,479.62,256.875,420.1,237.825,-524,2124,-1118,1885,1578,1466
546706,478.02,255.975,419.14,237.15,-540,2113,-1128,1877,1572,1465
546708,477.3,256.65,418.66,236.925,-548,2121,-1133,1875,1569,1465
546710,476.02,256.5,416.1,238.35,-561,2118,-1160,1889,1567,1466
546712,475.7,258,415.06,239.4,-566,2135,-1172,1899,1565,1464
546714,476.42,256.725,414.98,239.325,-557,2121,-1173,1899,1563,1466
546716,476.82,256.95,415.14,240.075,-553,2125,-1172,1907,1564,1465
546718,475.7,258.975,415.54,240.525,-567,2146,-1168,1913,1568,1469
546720,475.78,257.625,415.54,240.6,-565,2132,-1169,1914,1567,1470
546722,475.06,260.025,415.3,242.325,-574,2157,-1172,1932,1572,1465
546724,474.74,257.85,415.94,240.675,-576,2134,-1165,1916,1564,1471
546726,474.26,259.35,416.34,240.75,-582,2150,-1161,1917,1568,1472
546728,474.18,259.125,415.94,242.625,-583,2148,-1166,1937,1568,1469
546730,473.62,259.125,416.1,241.875,-589,2148,-1164,1929,1566,1470
546732,473.54,259.575,415.94,240.225,-591,2153,-1166,1913,1567,1471
546734,473.06,259.8,415.78,240.75,-596,2156,-1167,1918,1573,1468
546736,473.06,259.8,416.82,239.775,-596,2157,-1156,1909,1568,1471
546738,472.58,258.9,416.34,239.55,-600,2146,-1161,1906,1571,1474
546740,472.42,259.575,416.66,239.325,-603,2154,-1158,1904,1570,1468
546742,472.66,259.575,416.26,239.7,-600,2154,-1163,1908,1570,1469
546744,472.18,256.95,416.9,238.575,-604,2126,-1156,1897,1571,1473
546746,471.78,257.775,416.74,238.2,-609,2135,-1157,1893,1573,1470
546748,471.7,258.9,417.46,238.875,-611,2148,-1151,1901,1574,1471
546750,471.46,256.425,416.82,238.425,-611,2121,-1157,1895,1572,1475
546752,471.62,256.8,417.62,237.075,-611,2125,-1148,1881,1574,1467
546754,471.22,255.675,418.18,238.05,-614,2113,-1143,1892,1576,1464
546756,470.9,255.675,417.86,237.825,-618,2113,-1147,1890,1571,1462
546758,470.58,254.175,418.18,236.925,-620,2096,-1143,1880,1573,1464
546760,470.98,253.725,418.18,236.55,-616,2091,-1143,1876,1571,1461
546762,470.34,254.1,418.66,236.025,-623,2095,-1138,1871,1572,1464
546764,470.02,252,418.26,235.65,-625,2072,-1143,1866,1575,1464
546766,470.42,252.525,417.62,236.4,-622,2078,-1149,1874,1576,1466
546768,469.86,254.4,417.54,235.725,-629,2097,-1150,1866,1573,1464
546770,469.54,251.925,417.86,235.275,-630,2070,-1146,1861,1576,1467
546772,469.06,251.775,418.18,234.825,-635,2067,-1143,1856,1577,1468
546774,468.74,251.475,418.58,235.725,-638,2064,-1140,1866,1573,1467
546776,468.18,250.8,417.7,234.675,-644,2055,-1149,1852,1579,1464
546778,468.26,251.25,417.86,235.8,-644,2060,-1148,1865,1575,1467
546780,468.58,251.55,418.58,234.6,-641,2063,-1140,1851,1573,1463
546782,468.1,250.425,417.3,234.525,-645,2050,-1152,1849,1578,1465
546784,467.7,249.9,418.58,234.9,-649,2043,-1141,1854,1576,1462
546786,467.78,250.725,417.46,235.275,-649,2052,-1152,1856,1584,1470
546788,467.62,249.975,417.06,233.775,-651,2042,-1156,1839,1576,1474
546790,467.46,250.05,417.86,233.85,-652,2043,-1148,1841,1575,1472
546792,467.46,250.05,417.22,233.85,-653,2042,-1154,1839,1575,1473
546794,466.82,250.275,417.3,233.55,-660,2044,-1154,1836,1578,1475
546796,467.62,249.75,417.54,233.025,-651,2037,-1151,1829,1579,1472
546798,467.06,249.825,417.86,233.325,-657,2038,-1148,1832,1575,1473
546800,466.82,250.2,417.54,233.7,-660,2041,-1152,1835,1580,1472
546802,466.9,249.6,416.34,233.175,-659,2034,-1164,1828,1578,1469
546804,466.74,249.525,418.1,234.375,-661,2033,-1147,1841,1577,1471
546806,466.58,250.5,417.3,233.625,-663,2043,-1154,1833,1577,1467
546808,466.9,250.65,417.62,234.375,-660,2044,-1152,1840,1578,1473
546810,466.9,249.6,417.06,233.175,-659,2032,-1157,1827,1579,1470
546812,467.06,249.525,416.82,233.25,-658,2030,-1160,1827,1579,1471
546814,466.66,249,416.34,233.325,-662,2025,-1165,1827,1581,1476
546816,467.38,249.45,417.06,233.325,-655,2029,-1158,1827,1582,1474
546818,467.22,250.125,416.74,233.4,-657,2036,-1161,1828,1585,1475
546820,466.98,250.2,417.62,233.55,-660,2037,-1153,1829,1576,1467
546822,467.22,249.675,417.14,233.1,-657,2031,-1157,1824,1582,1470
546824,467.46,250.575,417.94,233.025,-656,2040,-1149,1823,1581,1472
546826,467.54,248.85,417.14,233.1,-654,2022,-1157,1824,1584,1467
546828,467.54,249.6,417.78,232.575,-655,2029,-1150,1818,1580,1472
546830,467.46,249.9,417.06,232.95,-655,2033,-1158,1821,1583,1468
546832,467.38,248.925,418.5,232.5,-655,2021,-1143,1817,1583,1472
546834,467.46,249.6,418.26,232.8,-655,2029,-1146,1820,1582,1472
546836,468.18,251.85,416.82,232.725,-649,2053,-1160,1818,1582,1473
546838,467.94,249.45,416.74,232.8,-650,2027,-1161,1819,1581,1472
546840,467.14,249.9,418.66,232.5,-658,2032,-1141,1817,1586,1475
546842,467.86,250.575,417.62,233.175,-651,2039,-1152,1823,1586,1472
546844,467.38,249.525,418.42,233.175,-656,2028,-1144,1824,1581,1470
546846,468.02,249.225,417.46,233.325,-649,2025,-1153,1825,1583,1473
546848,467.7,250.65,417.54,232.575,-653,2040,-1152,1817,1582,1471
546850,467.38,249.6,416.66,233.1,-655,2028,-1162,1822,1588,1468
546852,467.46,250.65,417.62,233.55,-655,2040,-1152,1828,1583,1471
546854,467.38,250.05,416.42,233.775,-655,2034,-1164,1830,1588,1465
546856,467.7,249.6,418.58,234.225,-652,2030,-1143,1836,1583,1469
546858,467.54,250.2,417.14,234.45,-654,2036,-1158,1838,1586,1465
546860,468.1,249.9,416.5,234.3,-648,2033,-1164,1836,1583,1468
546862,467.86,250.125,418.5,234.225,-651,2036,-1144,1836,1588,1467
546864,467.7,251.25,417.38,235.05,-652,2048,-1155,1845,1583,1467
546866,468.02,249.675,417.78,234.675,-648,2031,-1150,1841,1589,1469
546868,468.42,251.625,418.18,234.675,-645,2053,-1145,1843,1591,1468
546870,467.78,250.35,417.54,233.85,-651,2039,-1152,1833,1585,1470
546872,468.42,250.5,417.54,234.675,-644,2042,-1151,1843,1589,1471
546874,468.66,250.275,417.78,234.9,-641,2040,-1149,1845,1586,1468
546876,468.02,252.075,417.7,234.6,-648,2060,-1150,1843,1588,1465
546878,468.42,250.5,416.74,234.225,-643,2043,-1159,1839,1589,1466
546880,468.58,249.975,416.9,233.85,-641,2039,-1157,1835,1591,1470
546882,468.18,250.125,418.1,234,-645,2040,-1145,1838,1594,1468
546884,468.26,248.475,417.3,234.45,-642,2023,-1153,1843,1594,1468
546886,468.5,248.7,416.74,233.175,-640,2026,-1158,1829,1593,1478
546888,468.1,249.45,416.9,233.7,-645,2035,-1156,1836,1588,1472
546890,468.42,249.075,416.9,233.55,-641,2030,-1156,1834,1593,1477
546892,467.62,249,417.06,233.025,-648,2030,-1153,1830,1593,1476
546894,468.74,249.9,417.22,233.55,-638,2041,-1152,1836,1594,1471
546896,467.3,249.375,414.82,232.575,-651,2035,-1175,1824,1593,1472
546898,463.78,250.275,411.86,232.65,-688,2043,-1206,1823,1591,1471
546900,459.86,249.225,408.58,232.575,-727,2030,-1239,1822,1596,1471
546902,456.18,252.225,401.78,233.25,-766,2060,-1309,1825,1604,1469
546904,450.26,252.3,397.14,232.425,-826,2058,-1355,1814,1594,1469
546906,447.7,255,390.18,232.8,-854,2086,-1427,1813,1596,1473
546908,445.22,254.4,386.74,233.325,-879,2079,-1461,1818,1597,1467
546910,444.9,252.45,386.58,233.7,-881,2057,-1464,1821,1597,1463
546912,445.86,252,388.1,232.5,-870,2054,-1447,1810,1593,1463
546914,447.14,251.925,391.3,232.425,-857,2053,-1414,1811,1595,1468
546916,448.1,249.6,393.7,232.425,-845,2030,-1389,1813,1594,1468
546918,448.82,249.75,394.34,231.3,-838,2032,-1381,1802,1596,1468
546920,448.34,249.525,395.46,231.45,-842,2029,-1370,1804,1596,1469
546922,448.26,249.975,395.38,229.875,-843,2034,-1369,1787,1595,1464
546924,448.42,250.95,394.42,230.4,-842,2044,-1379,1792,1596,1463
546926,448.26,251.175,392.98,230.325,-844,2047,-1394,1791,1599,1465
546928,448.1,251.1,393.7,230.7,-845,2046,-1386,1795,1598,1460
546930,448.42,249.75,393.78,229.725,-841,2032,-1385,1785,1597,1465
546932,448.18,250.575,393.62,231.075,-843,2040,-1387,1799,1597,1462
546934,448.58,249.675,393.62,230.775,-839,2031,-1387,1796,1598,1463
546936,447.62,249,394.1,230.7,-848,2023,-1382,1795,1599,1461
546938,448.02,249.975,393.7,230.775,-845,2033,-1385,1796,1599,1460
546940,447.3,247.8,393.54,231.525,-850,2010,-1388,1804,1601,1459
546942,447.7,247.725,393.38,230.85,-846,2009,-1389,1796,1598,1463
546944,447.38,249.975,393.54,230.625,-850,2033,-1387,1794,1602,1459
546946,447.78,248.85,393.7,231.45,-846,2022,-1386,1803,1599,1454
546948,447.62,249.3,393.54,231.9,-847,2026,-1388,1808,1596,1451
546950,447.14,249.225,393.78,231.975,-852,2025,-1385,1809,1597,1453
546952,447.06,248.625,393.3,231.6,-852,2018,-1390,1804,1593,1450
546954,446.98,249.45,393.62,231.6,-854,2027,-1387,1805,1602,1455
546956,446.5,248.025,392.98,231.6,-858,2012,-1393,1804,1600,1449
546958,446.42,247.575,393.14,231.525,-858,2007,-1391,1803,1596,1451
546960,446.9,249.6,392.74,231.75,-855,2029,-1395,1805,1600,1451
546962,446.66,249.525,392.9,231.825,-856,2028,-1394,1806,1603,1451
546964,446.18,248.1,393.06,232.8,-861,2012,-1393,1817,1596,1446
546966,446.42,250.125,392.42,233.25,-860,2034,-1399,1821,1602,1446
546968,446.42,248.55,392.82,232.875,-858,2017,-1395,1817,1597,1446
546970,445.86,247.95,393.06,232.05,-864,2010,-1392,1809,1598,1447
546972,446.5,248.85,392.5,232.8,-857,2020,-1398,1816,1601,1444
546974,446.26,248.325,392.42,232.05,-859,2015,-1399,1808,1597,1445
546976,446.1,246.9,393.22,231.525,-860,1999,-1390,1803,1593,1444
546978,445.86,248.7,392.66,232.425,-864,2018,-1396,1812,1598,1443
546980,446.26,247.875,392.66,232.275,-860,2010,-1396,1811,1595,1441
546982,446.34,248.4,392.98,231.225,-859,2016,-1392,1801,1599,1446
546984,446.18,248.85,393.06,231.075,-861,2021,-1391,1799,1597,1444
546986,446.02,247.35,393.22,231.45,-862,2005,-1390,1803,1599,1442
546988,445.62,247.725,393.06,231.375,-867,2009,-1392,1803,1598,1445
546990,445.78,246.675,393.06,231.225,-864,1998,-1392,1801,1593,1445
546992,445.86,246.15,393.46,231.3,-863,1993,-1388,1803,1595,1445
546994,445.78,247.95,393.78,231.525,-866,2011,-1385,1805,1596,1442
546996,446.26,246.675,393.3,230.925,-860,1998,-1389,1799,1593,1442
546998,446.26,247.725,393.22,230.775,-861,2010,-1390,1797,1596,1444
547000,446.82,247.35,392.42,231.825,-855,2006,-1400,1808,1601,1438
547002,446.66,247.575,393.22,232.65,-857,2009,-1392,1818,1596,1439
547004,446.18,248.25,393.22,231.675,-862,2016,-1392,1808,1600,1438
547006,445.86,247.125,393.78,231.75,-865,2004,-1386,1808,1596,1439
547008,446.34,247.125,393.3,231.075,-861,2004,-1391,1801,1594,1441
547010,445.78,246.525,392.42,231.675,-866,1998,-1401,1808,1593,1438
547012,446.18,247.575,393.14,232.2,-863,2009,-1395,1814,1596,1436
547014,445.78,246.45,392.9,231.525,-866,1997,-1397,1806,1595,1434
547016,445.62,246.075,392.82,232.5,-869,1993,-1398,1817,1593,1433
547018,445.54,245.55,392.5,232.8,-869,1987,-1402,1820,1593,1434
547020,445.78,245.7,393.3,232.2,-868,1990,-1394,1814,1592,1434
547022,445.38,246.9,392.9,232.125,-872,2002,-1398,1813,1593,1432
547024,445.22,245.7,392.74,232.125,-874,1989,-1401,1813,1592,1431
547026,445.22,246.3,392.74,232.65,-874,1995,-1401,1818,1597,1430
547028,444.9,247.125,392.74,232.425,-878,2004,-1401,1816,1595,1432
547030,444.74,245.475,392.58,231.6,-880,1987,-1402,1807,1593,1430
547032,444.58,245.175,392.58,231.9,-881,1983,-1403,1810,1595,1429
547034,445.3,246.75,392.34,231.375,-875,2000,-1405,1805,1596,1430
547036,444.9,245.325,393.06,231.525,-878,1985,-1398,1806,1594,1427
547038,444.58,244.65,392.82,232.125,-881,1977,-1402,1813,1593,1427
547040,444.74,245.4,391.86,231.15,-881,1985,-1412,1801,1591,1428
547042,444.02,245.25,392.74,232.125,-888,1983,-1403,1812,1595,1430
547044,444.42,245.175,392.34,231.6,-885,1982,-1408,1806,1593,1423
547046,443.86,244.95,392.34,232.5,-891,1979,-1409,1816,1591,1430
547048,444.02,245.025,392.26,231.15,-890,1980,-1410,1801,1591,1426
547050,444.74,244.8,391.3,231.825,-883,1978,-1419,1808,1592,1418
547052,444.1,244.35,392.02,230.175,-890,1972,-1412,1790,1588,1420
547054,443.62,244.35,392.18,231.15,-895,1972,-1411,1800,1588,1418
547056,443.94,244.65,394.26,231.825,-892,1975,-1391,1808,1589,1421
547058,445.62,243.9,395.94,230.925,-875,1968,-1373,1800,1592,1422
547060,451.14,245.175,402.9,232.425,-820,1984,-1304,1820,1589,1420
547062,459.38,246.75,413.54,234.3,-737,2007,-1196,1846,1591,1419
547064,476.18,246.15,429.06,237.9,-566,2009,-1041,1894,1590,1417
547066,495.46,248.175,448.74,242.1,-371,2042,-843,1950,1595,1421
547068,518.1,248.025,471.78,246.15,-142,2053,-611,2007,1594,1414
547070,544.1,251.325,496.98,248.475,119,2104,-356,2046,1594,1416
547072,570.02,253.425,522.82,249.15,379,2140,-95,2068,1604,1413
547074,598.02,251.625,548.18,248.175,663,2137,161,2072,1602,1416
547076,625.62,250.5,574.74,246.375,940,2141,430,2067,1607,1413
547078,653.78,246.75,601.7,245.4,1225,2116,702,2073,1595,1411
547080,681.54,245.4,628.26,245.925,1503,2118,969,2093,1591,1408
547082,710.42,241.95,655.62,245.55,1792,2098,1243,2105,1584,1410
547084,739.22,240,681.54,248.175,2079,2094,1501,2147,1583,1400
547086,766.34,237,705.94,248.1,2349,2077,1745,2160,1570,1397
547088,792.18,235.2,730.66,251.4,2605,2073,1989,2209,1553,1401
547090,816.98,233.85,753.22,252.15,2850,2072,2213,2230,1553,1392
547092,839.94,234.225,775.14,254.325,3076,2089,2429,2265,1542,1381
547094,862.02,230.1,795.54,256.05,3294,2059,2631,2295,1538,1376
547096,877.94,227.1,812.02,256.575,3451,2036,2793,2309,1530,1384
547098,891.3,225.375,821.86,256.875,3582,2026,2891,2318,1524,1381
547100,900.26,223.425,829.94,254.625,3671,2010,2972,2299,1525,1378
547102,903.46,222.15,832.74,252.75,3702,1999,2999,2281,1525,1382
547104,903.7,219.3,833.62,252.075,3705,1969,3008,2274,1519,1384
547106,901.7,220.575,832.98,251.7,3685,1981,3002,2270,1526,1389
547108,900.26,219.825,832.58,250.725,3671,1973,2999,2260,1528,1388
547110,898.02,218.175,833.78,251.175,3650,1954,3010,2265,1529,1391
547112,899.3,218.325,834.98,249.525,3662,1957,3023,2248,1528,1387
547114,900.18,220.2,835.14,252.3,3670,1976,3023,2277,1531,1393
547116,900.9,219.825,837.14,252.825,3678,1973,3043,2284,1526,1396
547118,901.22,220.35,837.06,252.825,3681,1979,3042,2285,1525,1397
547120,901.62,219.825,836.1,252.825,3685,1974,3033,2284,1520,1390
547122,901.54,221.25,836.9,253.875,3684,1989,3040,2296,1523,1390
547124,901.22,220.8,835.94,254.325,3681,1984,3031,2300,1520,1390
547126,900.26,221.325,835.22,251.7,3671,1989,3025,2272,1524,1384
547128,899.94,221.85,835.14,252.525,3668,1994,3023,2280,1524,1389
547130,898.58,220.05,835.06,251.775,3655,1975,3023,2272,1519,1389
547132,898.02,220.35,835.7,250.95,3650,1977,3030,2264,1517,1383
547134,897.78,219.525,835.46,251.925,3648,1968,3027,2275,1520,1385
547136,898.58,220.35,835.3,251.4,3655,1978,3025,2269,1520,1382
547138,898.18,219.9,835.94,249.75,3652,1973,3032,2252,1522,1386
547140,897.86,219.6,835.86,251.1,3648,1969,3031,2266,1517,1382
547142,897.94,218.25,835.86,250.95,3650,1954,3031,2264,1519,1387
547144,897.7,218.175,836.82,250.875,3647,1953,3040,2263,1515,1383
547146,896.74,220.575,837.62,251.25,3637,1978,3048,2267,1519,1386
547148,897.3,219.975,838.26,251.85,3643,1972,3054,2274,1524,1382
547150,897.62,219.525,838.02,250.725,3646,1967,3052,2262,1520,1386
547152,898.02,219.6,838.02,251.925,3650,1968,3051,2274,1519,1384
547154,896.66,219.675,838.82,250.65,3636,1968,3059,2261,1518,1388
547156,896.42,219.225,839.62,250.8,3634,1962,3067,2262,1519,1381
547158,896.66,218.475,840.74,250.35,3636,1955,3078,2258,1516,1381
547160,897.14,218.175,840.82,250.275,3641,1951,3080,2257,1515,1376
547162,897.06,217.875,839.94,250.275,3640,1948,3070,2256,1518,1381
547164,896.34,219.15,840.5,249.975,3633,1961,3076,2253,1523,1379
547166,897.54,218.025,841.06,249.15,3644,1949,3082,2245,1523,1376
547168,896.9,217.95,841.46,249.15,3638,1948,3085,2244,1518,1378
547170,896.02,217.275,842.5,248.625,3629,1940,3096,2240,1514,1377
547172,895.94,219,841.94,249.525,3628,1958,3089,2248,1516,1374
547174,895.86,218.625,842.02,248.85,3627,1954,3091,2241,1516,1377
547176,895.86,218.475,842.82,248.55,3627,1952,3098,2238,1516,1381
547178,895.78,218.325,842.98,248.1,3627,1950,3100,2233,1519,1377
547180,896.66,217.575,842.58,248.925,3634,1943,3095,2242,1521,1377
547182,896.18,217.2,843.06,248.55,3630,1938,3100,2238,1522,1385
547184,895.78,217.275,843.3,248.025,3626,1939,3102,2233,1523,1380
547186,895.7,218.7,843.22,248.325,3625,1953,3101,2236,1521,1382
547188,895.46,218.85,843.06,247.575,3622,1955,3100,2227,1520,1381
547190,895.06,219.3,843.54,248.1,3618,1960,3104,2233,1519,1382
547192,895.46,218.775,843.7,248.1,3622,1954,3105,2233,1525,1385
547194,895.38,219.075,842.9,248.475,3621,1957,3098,2236,1521,1384
547196,895.22,218.475,843.06,247.35,3620,1951,3100,2225,1523,1387
547198,895.38,218.625,843.62,247.275,3621,1953,3105,2224,1525,1386
547200,895.22,218.7,843.86,248.1,3619,1953,3106,2233,1522,1381
547202,895.46,219.825,843.7,247.2,3621,1965,3105,2223,1522,1389
547204,895.46,220.2,843.22,247.05,3620,1969,3100,2222,1524,1388
547206,895.22,219.975,843.94,247.575,3618,1967,3107,2228,1522,1382
547208,895.86,219.6,844.1,248.1,3623,1963,3108,2234,1523,1385
547210,894.98,219.45,844.74,247.5,3615,1961,3114,2228,1527,1384
547212,895.46,219.9,843.46,248.175,3619,1967,3101,2235,1522,1385
547214,895.62,218.775,844.18,248.325,3621,1955,3108,2237,1524,1381
547216,895.06,219.825,843.86,246.675,3615,1966,3105,2220,1524,1387
547218,895.7,219.675,844.66,248.175,3622,1965,3113,2236,1523,1385
547220,895.62,218.925,844.34,248.4,3621,1958,3109,2239,1525,1381
547222,895.46,218.55,844.34,247.725,3619,1954,3110,2232,1526,1385
547224,895.7,219.075,844.42,247.725,3621,1960,3109,2232,1525,1384
547226,896.02,219.225,844.82,247.05,3623,1962,3113,2225,1524,1387
547228,895.54,219.075,845.06,246.9,3618,1961,3115,2224,1522,1386
547230,896.26,217.125,844.9,247.725,3626,1941,3113,2233,1529,1388
547232,895.7,217.65,845.54,247.125,3620,1947,3120,2228,1526,1386
547234,895.46,218.325,844.58,246.825,3618,1953,3110,2224,1524,1384
547236,896.34,218.325,844.98,247.575,3626,1954,3114,2233,1528,1386
547238,895.62,216.525,844.9,246.675,3619,1935,3113,2223,1529,1385
547240,896.18,217.05,845.06,246.75,3625,1942,3115,2225,1528,1386
547242,896.42,216.675,844.9,245.85,3627,1938,3114,2215,1528,1387
547244,896.34,216.675,844.74,246.15,3626,1938,3112,2219,1527,1385
547246,895.78,216.675,844.9,246.45,3620,1938,3113,2222,1529,1389
547248,896.18,216.825,845.38,246.675,3624,1940,3118,2225,1528,1388
547250,896.02,217.275,845.7,245.775,3622,1944,3121,2216,1525,1392
547252,896.02,216.3,844.98,245.7,3623,1935,3114,2215,1527,1390
547254,894.98,216.075,845.46,245.175,3612,1932,3119,2210,1532,1391
547256,895.78,217.575,845.54,245.7,3620,1948,3120,2215,1529,1390
547258,895.94,216,845.06,246.075,3622,1932,3114,2219,1530,1385
547260,895.14,216.825,845.38,244.8,3614,1940,3118,2206,1530,1386
547262,895.7,214.95,845.78,245.175,3620,1921,3121,2210,1533,1386
547264,895.46,215.325,844.74,245.625,3617,1925,3111,2214,1534,1383
547266,894.82,215.25,844.98,244.95,3610,1923,3114,2208,1534,1383
547268,894.9,215.775,844.34,243.6,3611,1930,3108,2193,1533,1388
547270,895.3,215.1,845.06,244.725,3615,1923,3115,2206,1538,1385
547272,895.38,215.25,845.54,245.25,3616,1924,3119,2211,1534,1387
547274,895.62,215.25,845.54,244.35,3619,1925,3119,2202,1533,1389
547276,896.26,214.8,845.46,245.325,3624,1920,3118,2212,1531,1388
547278,894.82,212.775,845.94,242.85,3611,1898,3123,2186,1542,1393
547280,895.3,213.375,845.38,243.375,3615,1904,3117,2192,1540,1390
547282,895.14,213.825,845.7,244.125,3614,1909,3120,2199,1537,1393
547284,894.82,213.225,844.74,242.4,3610,1902,3111,2181,1541,1398
547286,895.3,213.15,845.46,243.6,3615,1903,3118,2194,1539,1393
547288,895.94,213.9,846.02,243.675,3621,1911,3123,2195,1535,1394
547290,894.66,213.225,845.38,242.85,3608,1903,3117,2186,1544,1400
547292,894.98,212.625,846.58,242.925,3611,1897,3129,2188,1542,1397
547294,894.5,212.4,845.94,243.075,3607,1895,3122,2188,1546,1396
547296,894.42,211.125,845.86,243.225,3607,1881,3122,2190,1548,1402
547298,894.66,211.65,845.38,243,3608,1887,3117,2188,1547,1398
547300,893.94,212.025,845.94,244.35,3601,1890,3122,2203,1547,1400
547302,894.02,211.35,846.74,242.025,3602,1883,3130,2178,1546,1401
547304,894.74,211.65,846.18,244.725,3610,1887,3124,2207,1545,1392
547306,894.02,212.7,845.78,243.525,3602,1897,3121,2194,1542,1397
547308,894.98,212.175,845.86,243.675,3612,1892,3121,2196,1542,1400
547310,894.58,212.475,845.86,242.325,3608,1895,3122,2181,1542,1398
547312,894.1,212.925,846.26,243,3603,1900,3125,2189,1541,1399
547314,894.42,211.95,845.78,241.2,3606,1891,3121,2170,1544,1401
547316,894.98,212.55,846.58,242.85,3611,1897,3129,2188,1542,1394
547318,894.26,211.425,846.34,242.475,3604,1885,3127,2184,1545,1401
547320,894.9,212.85,845.7,242.175,3610,1901,3120,2181,1543,1403
547322,893.78,211.8,846.18,240.6,3600,1889,3125,2164,1550,1411
547324,894.18,212.475,846.34,240.675,3604,1896,3127,2165,1544,1408
547326,893.94,212.25,846.34,241.575,3602,1894,3126,2175,1546,1409
547328,894.02,211.875,846.5,241.5,3602,1890,3128,2174,1547,1409
547330,894.26,211.8,846.74,240.45,3604,1890,3131,2164,1546,1408
547332,894.1,211.65,847.46,241.275,3603,1889,3138,2174,1545,1411
547334,893.38,210.975,847.86,239.4,3596,1881,3142,2154,1547,1412
547336,893.54,210.6,846.74,240.975,3597,1877,3130,2170,1549,1406
547338,893.78,212.1,847.22,240.975,3599,1893,3135,2170,1545,1407
547340,894.1,211.35,846.82,240.45,3602,1886,3131,2165,1548,1411
547342,893.94,210.3,847.7,238.95,3601,1875,3140,2150,1551,1409
547344,893.78,210.15,847.78,239.475,3600,1874,3141,2155,1552,1409
547346,894.26,210.375,848.18,237.45,3604,1876,3146,2134,1550,1414
547348,895.86,209.025,849.78,240,3621,1863,3160,2163,1545,1416
547350,898.42,209.25,851.7,240.075,3645,1867,3179,2164,1543,1418
547352,902.5,209.775,854.02,241.725,3685,1875,3201,2183,1544,1413
547354,908.26,212.475,857.38,245.925,3741,1907,3233,2230,1540,1409
547356,912.1,213.225,858.9,246.375,3778,1918,3248,2235,1539,1415
547358,913.94,214.575,861.54,245.4,3795,1932,3274,2227,1539,1413
547360,915.22,212.55,862.66,245.925,3808,1912,3285,2233,1537,1411
547362,913.7,213.375,863.14,244.5,3793,1920,3290,2218,1542,1414
547364,912.1,213.15,861.54,243.975,3778,1918,3275,2213,1539,1409
547366,910.82,211.35,861.22,243.45,3766,1897,3271,2207,1545,1406
547368,909.54,212.475,861.46,243.675,3753,1909,3274,2210,1540,1407
547370,908.1,212.85,861.14,243.6,3739,1912,3271,2209,1536,1408
547372,908.26,212.925,861.7,244.575,3740,1914,3276,2220,1538,1409
547374,907.94,214.425,861.54,244.575,3737,1930,3274,2220,1542,1410
547376,908.18,215.85,861.54,245.025,3739,1945,3274,2225,1544,1409
547378,908.42,217.35,861.78,246,3740,1961,3276,2236,1539,1416
547380,909.06,218.1,862.34,244.95,3747,1970,3282,2226,1540,1417
547382,909.06,219.675,861.46,245.625,3746,1986,3273,2233,1544,1411
547384,908.66,218.7,862.18,245.1,3743,1977,3281,2228,1542,1416
547386,908.1,219.675,862.1,245.325,3737,1986,3280,2230,1540,1414
547388,909.3,219.375,861.7,245.25,3749,1985,3276,2230,1545,1410
547390,909.22,219.375,863.06,244.95,3748,1985,3289,2227,1546,1415
547392,908.82,219.6,862.26,245.025,3744,1987,3282,2228,1541,1413
547394,908.66,219.825,863.06,243.6,3742,1989,3290,2213,1541,1417
547396,908.5,219.675,862.98,243.45,3741,1989,3289,2212,1543,1412
547398,908.58,219.45,863.78,243.225,3742,1986,3297,2211,1542,1415
547400,909.3,219.75,863.54,243,3749,1990,3294,2209,1544,1413
547402,908.9,218.925,864.26,243,3745,1981,3301,2209,1545,1415
547404,908.58,219.3,865.3,242.775,3742,1985,3312,2208,1542,1416
547406,908.58,219,864.18,242.025,3742,1982,3301,2199,1538,1409
547408,908.42,219,864.66,242.625,3740,1982,3306,2206,1542,1411
547410,908.02,218.775,865.22,241.875,3736,1980,3312,2198,1543,1406
547412,908.58,220.125,864.34,240.9,3741,1993,3303,2187,1543,1406
547414,908.5,219.3,864.98,241.275,3741,1985,3309,2192,1540,1413
547416,908.74,218.325,866.26,241.5,3743,1975,3322,2194,1545,1411
547418,908.58,218.175,864.82,241.2,3742,1973,3308,2190,1543,1406
547420,908.18,217.35,864.66,240.375,3738,1963,3307,2181,1540,1408
547422,908.26,217.275,865.54,240.45,3739,1963,3315,2183,1544,1412
547424,907.78,216.15,865.94,240.825,3735,1950,3319,2186,1537,1407
547426,907.62,217.05,864.58,240.525,3734,1959,3306,2182,1540,1408
547428,907.78,215.925,866.02,240.15,3736,1946,3321,2178,1543,1406
547430,907.46,216.225,866.66,240.45,3732,1950,3326,2181,1537,1411
547432,907.06,216.45,865.78,239.175,3729,1951,3318,2166,1541,1405
547434,907.62,216,865.78,240.6,3734,1946,3317,2181,1538,1406
547436,908.02,215.1,865.86,240.375,3738,1936,3318,2177,1533,1401
547438,907.62,215.475,864.58,240.825,3733,1940,3306,2182,1535,1399
547440,907.62,216.075,866.42,239.325,3733,1944,3324,2166,1534,1402
547442,907.7,214.35,866.74,238.425,3735,1926,3328,2156,1532,1403
547444,907.7,215.4,865.54,238.8,3735,1936,3316,2158,1536,1400
547446,908.18,214.35,866.5,240.075,3739,1926,3325,2172,1537,1402
547448,907.46,214.65,866.34,240.3,3733,1926,3323,2173,1532,1397
547450,908.18,216.9,867.06,240.075,3739,1951,3330,2171,1532,1397
547452,907.14,215.175,866.34,238.125,3730,1930,3324,2149,1532,1401
547454,906.9,215.925,866.58,239.7,3727,1938,3326,2165,1531,1395
547456,907.3,215.7,867.3,240.75,3731,1935,3333,2175,1528,1395
547458,906.18,215.4,866.82,240.45,3720,1931,3328,2171,1528,1397
547460,907.06,215.775,866.58,239.475,3728,1934,3326,2160,1528,1396
547462,906.5,215.25,865.86,240.225,3723,1928,3319,2167,1528,1398
547464,906.98,216.375,866.5,239.625,3727,1938,3325,2160,1520,1398
547466,906.58,217.8,867.14,239.7,3723,1953,3331,2161,1522,1387
547468,906.1,216.9,867.06,239.85,3719,1943,3330,2161,1517,1390
547470,906.58,216.975,866.5,240.375,3724,1943,3324,2166,1524,1387
547472,905.7,217.425,866.26,240.15,3715,1947,3322,2163,1517,1377
547474,906.5,214.875,867.06,238.275,3723,1920,3331,2144,1520,1378
547476,905.86,207.825,867.14,231.6,3718,1845,3333,2072,1521,1383
547478,906.5,201.225,865.54,223.95,3726,1777,3320,1991,1523,1379
547480,906.9,193.575,865.86,214.35,3732,1696,3325,1890,1519,1381
547482,906.42,181.8,865.3,204.75,3730,1574,3323,1789,1517,1379
547484,906.82,167.925,862.9,189.45,3737,1429,3303,1627,1517,1374
547486,906.9,152.475,860.66,177.75,3741,1269,3285,1504,1505,1372
547488,907.86,141.825,859.86,162.075,3754,1160,3281,1340,1491,1351
547490,912.1,127.725,857.78,152.775,3797,1017,3264,1243,1468,1349
547492,913.22,114.9,858.18,141.45,3811,885,3271,1125,1467,1345
547494,916.26,104.85,856.42,130.125,3843,784,3257,1008,1457,1327
547496,917.38,96.675,855.46,126.975,3856,701,3248,974,1436,1321
547498,917.62,95.4,854.18,123.075,3858,688,3237,934,1432,1317
547500,918.74,94.875,851.78,124.425,3869,683,3213,946,1425,1306
547502,919.86,96.6,851.86,125.85,3880,702,3214,961,1420,1306
547504,920.34,98.775,851.38,128.475,3884,725,3209,988,1423,1303
547506,921.14,102.525,852.82,129.075,3891,763,3222,995,1431,1310
547508,921.54,104.1,852.9,130.275,3894,781,3223,1008,1430,1312
547510,920.9,102.3,854.1,128.925,3889,761,3235,994,1440,1317
547512,919.7,100.2,854.5,126.225,3878,740,3240,968,1443,1319
547514,919.06,98.625,854.98,126.075,3873,724,3245,967,1441,1317
547516,917.3,97.425,856.66,124.05,3856,711,3262,947,1443,1323
547518,916.58,95.925,857.14,124.5,3849,695,3266,952,1440,1324
547520,916.26,97.2,858.1,124.425,3847,708,3277,953,1437,1319
547522,915.78,97.2,857.94,124.725,3841,708,3275,956,1437,1319
547524,915.62,97.5,858.1,124.875,3841,712,3276,958,1434,1320
547526,915.46,97.275,858.5,124.425,3839,710,3280,954,1434,1316
547528,915.38,97.275,859.54,125.475,3839,710,3291,966,1433,1313
547530,915.94,96.9,859.62,123.975,3844,707,3292,950,1429,1315
547532,915.06,96.825,860.42,123.075,3836,707,3301,943,1432,1310
547534,915.14,95.775,859.7,124.125,3837,696,3293,953,1431,1314
547536,915.22,97.275,860.98,123.15,3838,712,3307,944,1428,1315
547538,915.54,96.075,860.02,122.25,3841,700,3298,935,1430,1308
547540,913.62,95.475,861.06,122.1,3824,694,3308,935,1424,1312
547542,914.26,94.8,861.7,123,3830,687,3314,945,1425,1309
547544,914.1,94.725,860.74,122.025,3829,687,3305,935,1423,1304
547546,913.3,94.35,862.58,121.725,3822,683,3323,932,1423,1310
547548,912.9,94.8,861.54,120.9,3818,688,3314,924,1424,1303
547550,912.9,95.175,863.14,121.875,3818,691,3329,935,1422,1307
547552,912.42,95.025,863.38,120.75,3813,690,3332,924,1420,1301
547554,912.42,94.8,863.3,120.45,3813,687,3331,921,1419,1305
547556,911.94,95.325,862.9,121.425,3808,693,3327,931,1416,1302
547558,911.22,94.275,864.02,120.675,3802,682,3338,924,1418,1302
547560,911.46,93.675,864.1,120.6,3805,677,3339,924,1419,1303
547562,911.46,93.675,863.86,119.775,3805,676,3337,916,1417,1303
547564,911.06,93.3,865.06,120.225,3801,673,3349,921,1417,1304
547566,910.9,93.225,864.02,119.25,3799,672,3340,911,1418,1299
547568,910.74,94.125,865.06,119.325,3798,681,3350,912,1413,1301
547570,910.98,94.35,865.14,119.325,3800,684,3351,912,1411,1299
547572,910.5,94.35,864.26,119.475,3796,684,3342,913,1411,1293
547574,910.58,93.975,864.66,117.375,3797,680,3347,892,1414,1297
547576,910.66,92.775,865.46,118.575,3799,668,3355,905,1410,1298
547578,909.94,92.25,865.3,117.825,3792,662,3354,897,1409,1304
547580,909.86,92.85,866.26,117.225,3791,668,3364,892,1407,1304
547582,909.94,92.7,865.78,117.525,3792,666,3358,895,1409,1300
547584,910.58,92.625,865.7,116.175,3798,666,3358,880,1406,1299
547586,910.34,92.325,866.5,116.4,3796,663,3366,883,1409,1304
547588,910.82,91.575,866.26,116.925,3801,656,3364,889,1408,1302
547590,910.58,91.875,866.42,115.95,3799,658,3365,879,1407,1297
547592,910.58,91.275,865.86,116.625,3799,652,3360,885,1404,1301
547594,910.58,91.125,866.66,115.5,3799,651,3368,874,1411,1302
547596,910.58,91.8,866.74,116.7,3799,658,3369,887,1408,1301
547598,910.1,91.725,865.86,115.95,3795,657,3361,878,1406,1299
547600,909.46,92.775,866.9,115.725,3788,667,3371,876,1402,1299
547602,909.46,91.65,865.62,116.625,3789,656,3358,885,1401,1299
547604,908.74,90.75,866.58,116.4,3783,646,3368,883,1402,1301
547606,908.82,92.475,866.34,117.075,3783,664,3365,890,1402,1299
547608,909.06,91.8,865.94,116.85,3785,657,3362,888,1404,1296
547610,908.58,92.325,866.18,116.775,3780,662,3364,887,1402,1301
547612,908.26,93,866.1,118.05,3777,669,3363,901,1403,1297
547614,908.42,92.775,866.42,116.1,3779,667,3366,880,1400,1303
547616,908.74,92.25,867.06,117,3781,662,3372,890,1401,1294
547618,908.82,92.175,865.46,117.9,3782,662,3356,898,1403,1299
547620,908.82,91.65,865.7,116.325,3782,656,3359,883,1399,1299
547622,908.34,91.725,866.5,115.2,3778,657,3367,871,1404,1297
547624,908.58,91.65,865.38,116.4,3780,657,3356,884,1397,1298
547626,908.58,92.1,866.42,115.95,3780,661,3366,880,1398,1298
547628,909.14,90.15,865.94,115.725,3786,641,3361,877,1400,1291
547630,908.74,91.2,866.1,115.425,3782,652,3363,874,1398,1300
547632,908.18,91.8,867.06,114.6,3776,658,3373,867,1399,1294
547634,908.34,90.9,867.14,114.45,3778,649,3374,865,1393,1294
547636,908.1,91.575,867.14,115.05,3776,656,3374,872,1396,1292
547638,908.34,91.8,867.14,114.75,3778,659,3374,869,1397,1294
547640,908.1,90.525,866.74,113.775,3776,645,3370,858,1396,1289
547642,908.34,91.2,868.02,113.4,3778,652,3382,855,1394,1293
547644,908.58,91.65,866.58,113.1,3781,657,3369,851,1398,1292
547646,908.5,91.65,867.94,114.45,3780,657,3382,866,1396,1295
547648,908.98,90.9,868.26,113.55,3785,650,3385,857,1395,1293
547650,909.54,90.375,866.58,114.075,3790,645,3368,861,1389,1289
547652,909.46,91.875,868.34,113.925,3789,660,3386,861,1391,1290
547654,909.7,93.075,869.38,113.625,3791,672,3396,858,1393,1297
547656,910.02,90.975,868.18,113.625,3795,651,3384,857,1389,1289
547658,909.54,92.55,869.14,114.225,3790,667,3394,864,1389,1297
547660,909.3,91.2,868.74,113.475,3789,652,3390,855,1391,1293
547662,909.62,91.8,868.82,113.175,3791,658,3391,853,1388,1289
547664,909.06,93,868.5,114.3,3786,670,3388,864,1388,1289
547666,909.94,91.8,868.1,113.775,3795,659,3384,858,1390,1288
547668,910.26,91.2,868.66,114.6,3798,652,3390,867,1387,1287
547670,909.38,91.65,867.14,113.925,3789,657,3375,859,1387,1284
547672,909.38,92.7,868.98,114,3789,667,3393,860,1384,1290
547674,908.26,91.125,868.1,113.925,3779,650,3385,860,1387,1286
547676,908.74,91.65,868.74,114.675,3783,656,3391,868,1385,1289
547678,908.66,91.425,868.9,114.075,3783,654,3393,861,1387,1290
547680,909.54,91.65,867.94,115.05,3792,656,3383,871,1383,1291
547682,907.7,92.325,868.26,114.675,3774,662,3387,868,1385,1290
547684,908.9,92.25,868.34,114.975,3785,662,3387,870,1384,1295
547686,908.42,90.975,867.86,114.225,3781,649,3383,862,1386,1291
547688,907.62,91.875,868.42,115.05,3773,657,3388,871,1384,1292
547690,907.94,90.975,867.86,113.55,3776,648,3383,856,1387,1294
547692,907.62,91.05,867.78,114.225,3773,648,3382,862,1388,1292
547694,906.66,91.95,867.78,115.2,3764,658,3382,872,1385,1294
547696,907.38,91.2,868.02,114.6,3771,650,3384,866,1382,1294
547698,907.86,91.2,866.82,113.925,3776,650,3373,858,1384,1292
547700,907.3,90.9,867.14,114.825,3770,647,3376,867,1382,1294
547702,907.78,90.825,868.42,114.6,3775,646,3388,866,1381,1292
547704,907.94,91.2,867.78,113.25,3776,650,3382,852,1384,1294
547706,907.86,90.525,866.98,113.475,3776,644,3375,854,1383,1294
547708,908.1,90.75,868.26,114,3778,646,3387,860,1382,1292
547710,908.26,91.05,868.82,113.625,3780,649,3392,857,1382,1290
547712,907.7,90.15,867.94,113.55,3774,639,3384,855,1382,1289
547714,907.54,90.675,867.86,113.325,3772,644,3383,853,1382,1287
547716,906.74,90.3,867.54,113.475,3764,640,3380,854,1383,1287
547718,907.38,89.775,868.74,112.725,3771,635,3392,846,1382,1288
547720,907.54,91.275,868.34,114.225,3772,651,3387,862,1382,1296
547722,907.94,89.925,868.58,112.65,3776,637,3390,846,1378,1296
547724,908.18,90.6,868.18,113.325,3778,644,3385,852,1378,1288
547726,907.3,91.275,867.14,113.625,3769,650,3375,855,1380,1295
547728,907.46,89.925,868.5,114.375,3771,636,3388,863,1378,1295
547730,907.14,90.15,867.94,113.85,3768,638,3383,857,1379,1291
547732,907.06,91.275,867.14,114.75,3767,649,3375,865,1379,1294
547734,907.62,90.975,869.54,113.7,3772,646,3398,856,1378,1296
547736,908.02,90.3,868.02,115.05,3776,639,3383,869,1380,1294
547738,907.22,91.275,867.54,114.975,3768,649,3379,868,1377,1297
547740,907.62,92.1,868.82,114.075,3772,658,3391,859,1373,1295
547742,907.94,91.8,867.14,114.375,3776,655,3375,861,1376,1297
547744,907.94,92.4,868.5,114,3775,660,3388,858,1373,1299
547746,906.9,91.575,866.98,115.125,3766,652,3373,868,1376,1294
547748,906.34,91.425,868.1,114.9,3760,649,3384,866,1375,1300
547750,907.06,91.875,868.74,114.975,3767,654,3390,868,1375,1298
547752,907.22,91.65,867.46,114.6,3769,652,3378,863,1379,1291
547754,907.06,91.65,866.9,115.125,3767,652,3373,868,1375,1292
547756,907.46,92.475,867.94,114.375,3771,660,3384,861,1372,1290
547758,906.82,91.875,867.38,114.525,3765,654,3378,862,1373,1290
547760,907.54,92.85,867.14,115.05,3772,664,3375,868,1374,1294
547762,906.9,93,867.94,114.675,3766,666,3383,864,1370,1293
547764,907.46,93.225,868.42,115.5,3772,668,3388,873,1371,1290
547766,906.42,93.3,867.46,115.875,3762,669,3379,877,1372,1296
547768,906.66,93.675,867.62,115.125,3764,673,3381,869,1372,1292
547770,907.78,92.4,867.94,114.525,3776,660,3384,863,1375,1288
547772,906.5,91.95,868.9,115.725,3764,655,3394,876,1376,1297
547774,906.26,93.15,868.1,115.5,3761,667,3386,873,1372,1302
547776,908.1,92.4,867.86,115.5,3779,660,3384,873,1372,1299
547778,907.54,92.4,867.7,114.45,3774,660,3383,862,1372,1296
547780,907.3,93.45,868.74,114.75,3771,671,3393,866,1371,1300
547782,907.78,91.8,867.86,114.675,3777,654,3385,865,1374,1290
547784,907.38,92.7,868.9,113.475,3773,663,3395,853,1370,1304
547786,907.7,91.5,868.66,114.675,3776,651,3392,865,1373,1299
547788,907.38,90.9,867.54,113.625,3773,645,3383,854,1378,1297
547790,907.62,91.35,868.66,112.125,3776,650,3393,838,1370,1297
547792,907.46,90.6,868.34,114.375,3775,641,3390,862,1376,1306
547794,906.98,90.45,867.86,112.125,3770,639,3386,838,1373,1296
547796,907.7,90.975,868.42,113.25,3777,646,3393,850,1370,1301
547798,908.34,92.175,867.62,114.9,3784,658,3384,867,1373,1303
547800,909.46,93.825,867.7,117.075,3794,676,3385,889,1375,1303
547802,910.5,96.15,868.74,119.1,3804,700,3394,910,1371,1306
547804,913.7,102.15,868.74,125.025,3834,764,3392,971,1363,1303
547806,915.54,107.025,868.98,127.575,3851,814,3394,998,1366,1304
547808,915.46,110.85,868.66,131.7,3849,854,3391,1040,1367,1308
547810,915.7,114.3,868.9,135.525,3851,889,3392,1080,1374,1304
547812,915.54,116.4,868.26,138.3,3849,910,3385,1107,1380,1304
547814,915.62,117.825,867.7,143.625,3849,925,3378,1162,1384,1316
547816,915.94,118.425,867.54,144.6,3852,931,3376,1172,1388,1309
547818,916.42,119.1,868.26,145.65,3857,938,3383,1183,1388,1319
547820,916.66,119.625,869.38,144.825,3859,944,3395,1176,1390,1321
547822,917.14,119.475,868.34,145.575,3864,942,3385,1182,1391,1317
547824,916.74,120.15,869.06,143.775,3860,948,3392,1164,1388,1320
547826,916.58,119.475,869.38,144.825,3859,942,3395,1175,1390,1318
547828,916.9,119.55,868.58,145.05,3862,943,3387,1176,1388,1318
547830,916.1,119.325,868.98,143.625,3855,940,3392,1162,1385,1321
547832,915.14,120.075,868.5,142.875,3846,947,3388,1154,1382,1315
547834,915.14,119.55,869.38,145.425,3845,941,3396,1181,1389,1316
547836,914.66,121.05,868.42,144.45,3841,957,3387,1171,1385,1317
547838,914.42,119.1,868.1,145.125,3839,937,3384,1177,1389,1316
547840,914.82,120.15,869.38,146.25,3843,948,3396,1189,1388,1315
547842,915.3,120.6,868.18,143.4,3847,952,3385,1160,1384,1314
547844,914.42,121.8,868.66,147.15,3839,964,3388,1199,1390,1322
547846,915.06,122.25,868.18,146.175,3844,969,3384,1189,1384,1322
547848,913.7,121.5,868.66,147.225,3831,961,3388,1199,1390,1318
547850,913.7,121.65,868.42,146.625,3832,962,3387,1193,1389,1319
547852,914.58,120.3,868.82,146.775,3840,949,3391,1195,1387,1321
547854,914.98,121.05,868.26,147.3,3844,957,3385,1200,1388,1320
547856,914.02,122.025,869.14,147.3,3835,967,3394,1201,1388,1316
547858,914.82,121.575,869.3,146.175,3843,963,3395,1189,1387,1324
547860,914.26,122.025,869.06,145.2,3838,967,3393,1179,1387,1318
547862,913.94,121.275,869.22,145.8,3834,959,3395,1185,1390,1319
547864,914.42,121.5,869.14,146.1,3840,963,3394,1189,1388,1314
547866,913.78,121.2,869.38,146.325,3833,959,3397,1192,1390,1318
547868,913.22,121.725,868.82,145.125,3828,964,3391,1179,1391,1317
547870,914.26,121.35,868.98,144.45,3838,961,3393,1172,1387,1316
547872,914.26,121.275,869.54,145.125,3838,960,3398,1180,1389,1314
547874,913.7,121.05,869.14,146.7,3833,958,3394,1196,1392,1322
547876,913.54,120.6,869.78,144.975,3831,953,3401,1179,1390,1323
547878,913.3,121.5,869.7,145.35,3829,962,3400,1182,1394,1321
547880,913.54,120.675,869.54,144.975,3831,954,3398,1179,1390,1323
547882,914.34,120.375,868.58,143.55,3839,952,3390,1164,1389,1326
547884,912.98,120.3,868.5,144.075,3826,951,3389,1169,1395,1326
547886,913.62,120.6,869.22,144.975,3833,954,3396,1179,1393,1332
547888,913.7,120.3,869.46,145.425,3833,951,3398,1184,1392,1325
547890,913.3,120.3,869.14,141.975,3829,951,3395,1148,1393,1325
547892,912.9,119.7,869.46,146.25,3826,945,3398,1192,1392,1328
547894,912.9,120.675,868.66,144.75,3826,955,3390,1177,1392,1329
547896,912.5,120.45,869.46,143.85,3821,953,3398,1168,1393,1325
547898,913.14,120.975,868.34,145.95,3827,959,3387,1189,1394,1326
547900,912.74,120.45,869.22,142.725,3823,953,3396,1156,1393,1332
547902,912.5,119.775,868.9,143.025,3821,946,3393,1159,1393,1331
547904,913.06,120.75,868.18,144.375,3827,956,3386,1173,1395,1328
547906,911.94,120,869.14,144.6,3816,948,3395,1176,1393,1333
547908,912.1,120.75,868.42,144.375,3817,956,3387,1174,1392,1325
547910,911.7,120,868.66,142.65,3813,948,3391,1156,1395,1332
547912,912.18,119.85,868.9,144.525,3818,947,3392,1175,1395,1324
547914,912.58,120.375,868.26,143.55,3821,952,3386,1165,1397,1336
547916,912.58,120.375,869.3,144.6,3821,952,3396,1177,1397,1330
547918,912.34,120.975,868.1,144.9,3819,959,3384,1179,1397,1329
547920,912.1,120.6,868.66,145.2,3817,955,3389,1182,1395,1332
547922,912.34,120.15,868.9,144.75,3819,950,3392,1178,1396,1330
547924,912.66,120.45,869.14,145.65,3822,954,3394,1188,1396,1327
547926,911.78,121.2,869.14,144.3,3814,961,3394,1174,1395,1335
547928,911.94,120.975,869.06,146.625,3814,958,3392,1198,1397,1330
547930,911.94,121.275,868.9,146.325,3814,962,3391,1195,1399,1327
547932,912.1,121.5,868.74,145.35,3816,964,3389,1185,1399,1331
547934,911.38,120.45,869.3,145.275,3809,953,3394,1184,1396,1334
547936,913.14,120.225,868.26,145.8,3826,952,3384,1189,1400,1327
547938,912.1,121.2,869.14,144.6,3816,962,3393,1177,1395,1339
547940,912.02,120.975,869.14,144.3,3815,960,3393,1174,1400,1334
547942,912.42,120.525,869.14,145.05,3819,955,3393,1182,1395,1336
547944,910.58,121.95,868.74,145.65,3801,968,3389,1188,1396,1333
547946,905.7,122.4,865.86,144.825,3754,970,3362,1178,1396,1335
547948,898.74,125.025,857.78,143.625,3685,993,3283,1161,1397,1331
547950,884.02,127.35,845.54,139.575,3542,1009,3165,1111,1399,1328
547952,865.38,129.9,829.62,138.825,3361,1023,3010,1094,1400,1335
547954,841.62,130.2,808.5,139.05,3129,1012,2803,1084,1401,1335
547956,815.94,127.425,786.18,138.075,2880,968,2585,1061,1422,1340
547958,789.94,128.325,759.62,134.475,2626,962,2326,1007,1428,1339
547960,763.06,128.625,733.7,133.95,2362,949,2071,986,1428,1343
547962,736.34,126.9,708.74,132.825,2100,915,1826,959,1425,1347
547964,710.5,126.675,681.94,129.9,1846,897,1562,913,1418,1345
547966,685.06,126.15,657.38,129.975,1595,876,1319,899,1412,1343
547968,658.42,126,629.06,125.55,1332,858,1041,835,1411,1348
547970,631.86,123.075,600.9,119.175,1069,812,764,752,1410,1343
547972,603.86,122.925,573.62,119.4,791,793,492,737,1404,1342
547974,576.34,123.45,546.42,117.825,517,782,222,704,1397,1346
547976,550.9,125.175,518.9,119.1,262,784,-53,700,1386,1340
547978,527.06,127.875,492.82,118.95,22,797,-315,682,1385,1333
547980,508.26,130.425,469.86,120.075,-167,812,-547,681,1381,1329
547982,494.26,132.975,450.26,121.8,-309,830,-745,686,1380,1330
547984,484.82,135.6,435.94,124.425,-406,852,-892,705,1379,1332
547986,479.54,136.275,426.18,124.65,-460,856,-991,701,1387,1329
547988,478.1,136.5,420.82,123.3,-475,858,-1044,684,1390,1337
547990,477.94,134.85,418.9,121.575,-476,840,-1063,665,1394,1336
547992,478.02,134.85,420.02,121.05,-475,840,-1051,660,1397,1342
547994,478.5,132.975,419.38,119.1,-469,821,-1056,640,1398,1340
547996,478.58,133.05,420.02,119.25,-468,823,-1050,642,1397,1336
547998,476.9,131.7,418.5,117.45,-484,807,-1064,622,1397,1341
548000,476.82,132.15,418.02,117.6,-485,813,-1069,623,1397,1335
548002,475.38,134.475,415.78,117.225,-501,836,-1091,618,1396,1333
548004,474.98,134.625,414.34,116.85,-506,837,-1106,614,1396,1332
548006,474.9,133.95,414.58,117.3,-506,830,-1104,618,1398,1337
548008,474.9,132.975,413.86,116.25,-505,820,-1110,607,1394,1335
548010,474.9,132,415.3,117.075,-504,810,-1096,616,1397,1336
548012,475.62,131.925,415.54,117.225,-498,810,-1093,618,1397,1332
548014,475.7,129.45,414.98,116.4,-495,784,-1099,609,1394,1336
548016,475.54,128.775,416.02,115.2,-496,778,-1087,598,1399,1339
548018,475.46,128.625,416.42,115.725,-497,776,-1084,603,1394,1336
548020,475.22,128.475,416.82,114.6,-499,774,-1079,592,1393,1342
548022,475.62,128.025,417.3,113.475,-494,770,-1073,580,1400,1343
548024,475.46,128.1,417.3,114.3,-496,771,-1073,589,1396,1338
548026,474.1,127.2,416.66,113.25,-509,760,-1080,578,1397,1344
548028,474.42,127.05,416.42,114,-506,759,-1082,586,1399,1339
548030,474.34,127.5,416.9,113.55,-507,763,-1077,581,1396,1335
548032,473.14,127.5,416.9,114.375,-518,763,-1078,590,1391,1334
548034,472.74,126.375,417.22,113.25,-522,751,-1073,579,1398,1339
548036,471.94,127.05,416.42,114,-530,758,-1081,586,1397,1338
548038,471.86,127.275,416.74,113.325,-531,760,-1078,579,1400,1340
548040,471.46,126.525,417.22,113.625,-535,752,-1074,582,1399,1339
548042,471.7,126.75,416.1,114.9,-533,754,-1086,595,1399,1339
548044,470.34,125.7,416.74,114,-546,742,-1079,587,1398,1342
548046,469.94,127.05,417.3,114.075,-551,756,-1073,588,1401,1338
548048,468.5,127.125,416.98,114.15,-565,756,-1077,588,1398,1340
548050,468.18,126.3,417.3,113.025,-568,748,-1073,576,1401,1338
548052,468.42,126.675,416.98,113.4,-566,752,-1076,581,1401,1339
548054,468.66,126.825,417.54,114,-564,754,-1071,587,1399,1338
548056,468.74,126.75,416.5,113.325,-563,753,-1081,580,1398,1341
548058,468.5,126.975,418.1,113.7,-565,755,-1065,585,1401,1340
548060,468.02,127.65,416.82,113.775,-571,762,-1079,585,1403,1339
548062,467.54,126.675,417.38,113.625,-575,752,-1072,584,1401,1340
548064,467.46,127.575,418.82,113.7,-577,761,-1059,585,1397,1342
548066,467.54,126.225,418.1,113.325,-575,747,-1065,581,1403,1339
548068,467.7,126.15,417.78,112.5,-574,746,-1069,572,1399,1337
548070,467.86,127.125,418.02,111.3,-573,757,-1066,560,1398,1340
548072,467.54,125.625,418.5,112.8,-577,741,-1062,576,1401,1338
548074,466.9,125.55,418.74,111.975,-582,740,-1060,568,1401,1345
548076,466.82,126.45,418.9,110.775,-585,749,-1058,555,1400,1344
548078,466.9,125.175,418.74,110.625,-583,736,-1059,553,1400,1347
548080,467.38,124.275,418.74,110.325,-578,727,-1060,550,1403,1348
548082,466.9,124.875,420.58,110.1,-583,733,-1041,549,1402,1343
548084,466.1,124.95,419.62,109.875,-592,733,-1050,546,1401,1345
548086,466.02,124.125,420.26,109.125,-592,724,-1044,539,1404,1350
548088,465.46,124.05,420.26,109.05,-598,723,-1044,537,1401,1346
548090,466.02,124.5,420.9,107.475,-592,728,-1037,521,1401,1346
548092,466.42,123,419.86,107.4,-588,712,-1047,520,1404,1347
548094,465.54,123.6,420.18,108.15,-598,718,-1045,528,1399,1343
548096,465.38,122.925,420.58,107.325,-599,710,-1041,519,1400,1349
548098,465.78,121.725,419.62,106.95,-594,698,-1050,515,1403,1343
548100,464.74,122.325,419.22,106.35,-606,703,-1054,507,1399,1349
548102,464.66,121.65,419.54,105.975,-606,696,-1051,504,1400,1345
548104,464.9,121.2,419.54,107.25,-604,691,-1052,516,1398,1341
548106,463.86,121.05,420.02,106.5,-614,688,-1047,509,1400,1348
548108,464.02,121.5,419.38,106.575,-613,692,-1054,508,1399,1347
548110,463.62,121.8,419.06,106.875,-618,695,-1057,511,1401,1346
548112,463.7,121.125,419.22,105.525,-617,687,-1055,496,1400,1344
548114,463.22,120.975,418.66,105.9,-622,685,-1061,499,1400,1348
548116,463.62,120.975,418.66,106.35,-618,684,-1061,503,1400,1345
548118,462.5,120.45,418.66,105.075,-629,678,-1061,490,1404,1344
548120,462.98,120.375,418.98,107.1,-624,676,-1059,510,1402,1346
548122,462.5,120.15,419.3,105.9,-629,674,-1055,497,1402,1343
548124,462.5,120.75,418.42,105.9,-630,679,-1064,496,1403,1343
548126,462.34,120.075,418.98,106.35,-631,672,-1060,501,1403,1344
548128,461.54,120.075,418.82,105.675,-639,670,-1061,492,1403,1343
548130,461.78,120.6,419.62,105.225,-638,675,-1052,488,1406,1341
548132,461.94,119.85,418.74,106.5,-636,667,-1063,500,1401,1334
548134,461.86,120.075,418.34,106.5,-637,669,-1067,499,1405,1338
548136,462.02,120,418.58,105.45,-636,667,-1064,487,1405,1335
548138,461.86,120,419.62,105.525,-637,667,-1054,489,1404,1340
548140,461.7,119.4,419.54,105.9,-639,659,-1055,492,1406,1337
548142,461.78,120,418.98,105.3,-638,666,-1060,485,1404,1338
548144,462.26,120,418.34,105.45,-634,665,-1067,485,1402,1341
548146,461.06,119.775,418.74,105.525,-646,662,-1063,486,1403,1333
548148,461.78,120,419.14,105.975,-639,664,-1060,490,1401,1337
548150,461.22,119.625,418.82,105.375,-644,660,-1062,484,1401,1337
548152,461.94,119.7,419.62,105.825,-638,660,-1056,489,1402,1335
548154,461.14,119.475,419.78,105.45,-645,657,-1053,485,1401,1336
548156,461.78,118.875,419.54,104.7,-639,651,-1056,476,1402,1332
548158,462.18,118.95,419.7,104.85,-635,652,-1054,478,1404,1334
548160,461.46,119.475,420.1,106.35,-643,656,-1051,493,1402,1334
548162,461.94,118.8,419.86,105.6,-638,650,-1054,485,1403,1333
548164,462.34,119.775,420.74,105.3,-634,660,-1044,482,1399,1332
548166,461.86,118.425,419.46,105.525,-638,646,-1058,484,1400,1334
548168,461.86,119.1,420.26,106.125,-638,653,-1050,490,1404,1329
548170,461.38,119.1,420.98,104.55,-643,653,-1041,475,1404,1336
548172,461.86,118.8,420.9,105.6,-639,649,-1043,486,1401,1333
548174,461.78,119.4,421.3,104.55,-640,656,-1038,475,1405,1337
548176,461.86,119.175,420.18,105.3,-638,654,-1050,482,1402,1338
548178,462.02,119.25,420.42,105.9,-637,655,-1048,489,1404,1340
548180,461.62,119.4,419.86,105.075,-640,656,-1052,480,1402,1336
548182,462.58,118.8,419.86,106.65,-630,650,-1053,496,1403,1335
548184,461.62,119.175,420.26,105.45,-640,653,-1048,484,1401,1336
548186,461.86,117.975,420.66,106.35,-637,641,-1044,494,1403,1332
548188,462.26,118.95,419.94,106.5,-633,652,-1052,496,1401,1334
548190,461.22,118.725,419.86,106.425,-643,650,-1053,495,1406,1334
548192,460.66,118.8,420.42,106.65,-648,650,-1047,498,1403,1333
548194,460.98,118.575,420.9,107.1,-645,648,-1042,503,1400,1327
548196,461.14,117.975,421.94,106.275,-643,643,-1030,496,1406,1325
548198,460.74,118.5,420.42,106.875,-648,647,-1046,501,1403,1331
548200,461.06,118.35,421.3,107.55,-643,647,-1037,509,1400,1323
548202,461.54,119.175,420.82,106.2,-639,656,-1041,495,1403,1327
548204,461.06,118.95,421.14,106.5,-643,654,-1038,499,1404,1325
548206,460.1,117.9,421.06,107.4,-652,643,-1039,508,1402,1323
548208,460.5,118.425,422.1,106.425,-648,649,-1028,499,1399,1319
548210,461.06,118.05,420.18,106.725,-642,646,-1047,501,1401,1324
548212,460.82,118.575,421.38,108.15,-645,652,-1035,518,1401,1325
548214,461.14,118.8,422.1,107.1,-641,654,-1027,508,1402,1326
548216,461.46,118.125,421.78,107.475,-637,649,-1030,512,1402,1321
548218,461.22,117.975,421.54,107.4,-640,647,-1032,511,1403,1328
548220,461.06,118.5,420.98,106.95,-641,653,-1038,507,1405,1325
548222,461.7,117.525,420.74,106.8,-633,643,-1040,505,1400,1330
548224,461.14,118.2,422.18,107.85,-640,650,-1025,518,1403,1324
548226,461.06,117.975,421.22,106.8,-640,648,-1034,507,1402,1329
548228,461.22,118.05,422.66,107.4,-638,650,-1020,514,1401,1321
548230,461.46,118.125,421.38,108.45,-636,651,-1034,525,1402,1326
548232,460.74,118.05,423.06,106.95,-642,651,-1015,510,1402,1325
548234,461.14,117.6,422.1,107.1,-638,646,-1025,512,1403,1322
548236,461.3,117.3,422.26,107.325,-636,644,-1023,515,1402,1317
548238,460.74,117.9,422.66,108,-642,650,-1020,522,1404,1317
548240,461.22,117.15,421.78,107.325,-636,643,-1028,516,1404,1315
548242,461.62,117.075,422.34,107.025,-632,642,-1022,512,1399,1315
548244,461.14,117.15,422.66,108.075,-636,644,-1019,524,1406,1320
548246,460.9,117.225,422.34,107.175,-639,645,-1022,515,1401,1319
548248,461.78,116.7,422.5,106.35,-629,640,-1018,507,1400,1315
548250,461.22,116.325,422.1,106.725,-635,636,-1023,511,1403,1318
548252,460.9,116.775,422.34,106.95,-638,641,-1020,514,1398,1314
548254,460.5,115.875,422.34,106.275,-641,631,-1020,507,1401,1311
548256,460.9,115.95,422.42,107.475,-637,633,-1019,520,1402,1313
548258,461.06,116.025,421.62,107.325,-636,634,-1028,518,1399,1314
548260,461.46,115.575,421.94,106.575,-631,629,-1023,511,1399,1315
548262,461.62,114.825,422.26,107.175,-629,622,-1020,518,1402,1313
548264,461.3,114.9,422.02,105.825,-631,623,-1021,503,1401,1313
548266,460.74,115.125,422.82,106.05,-638,625,-1014,507,1400,1314
548268,461.38,114.525,421.78,106.5,-631,619,-1024,510,1402,1309
548270,461.38,113.775,422.18,104.925,-630,612,-1019,494,1399,1313
548272,461.62,113.925,422.74,104.775,-627,614,-1013,493,1399,1313
548274,461.22,113.625,422.5,104.85,-631,610,-1016,494,1400,1317
548276,460.58,113.25,422.5,105.525,-637,606,-1015,501,1399,1315
548278,460.98,113.25,421.86,105.225,-632,606,-1022,498,1403,1311
548280,460.5,113.175,422.26,104.325,-636,605,-1016,488,1400,1318
548282,459.7,112.65,422.42,106.275,-645,599,-1016,509,1398,1313
548284,459.22,112.875,421.38,105.675,-648,602,-1025,502,1400,1314
548286,459.78,112.8,421.94,105.45,-643,601,-1019,500,1397,1313
548288,459.54,112.65,422.9,104.925,-645,599,-1009,496,1398,1310
548290,458.98,113.325,422.34,106.5,-651,606,-1016,512,1400,1315
548292,458.58,113.7,422.42,106.275,-655,609,-1014,509,1396,1312
548294,459.3,112.5,422.34,106.2,-647,598,-1015,509,1397,1312
548296,458.66,112.575,420.42,107.025,-653,598,-1035,516,1399,1313
548298,458.9,113.7,422.1,105.825,-651,610,-1017,505,1397,1314
548300,458.9,113.175,421.38,107.7,-651,605,-1026,523,1396,1310
548302,459.38,112.8,421.54,105.825,-645,601,-1022,504,1396,1311
548304,458.98,113.325,421.94,105.525,-650,606,-1018,501,1394,1315
548306,458.9,113.175,421.54,105.825,-651,605,-1022,504,1396,1315
548308,459.54,113.025,424.02,108,-643,603,-998,528,1397,1311
548310,465.3,114,430.02,111.45,-586,617,-940,568,1399,1308
548312,473.7,114.75,437.46,115.425,-502,630,-867,615,1398,1298
548314,487.7,117.15,451.94,120.525,-363,664,-725,677,1399,1306
548316,505.7,119.625,469.38,126.975,-183,701,-553,756,1405,1314
548318,526.82,123.45,489.86,134.625,26,755,-351,848,1407,1321
548320,551.78,131.775,511.94,141.45,271,857,-134,934,1406,1323
548322,578.9,138.3,535.38,145.95,538,942,98,995,1413,1324
548324,604.66,142.35,559.22,153.3,792,1000,332,1087,1416,1333
548326,631.06,142.2,582.58,153.675,1055,1015,566,1105,1422,1333
548328,657.3,144.9,606.74,154.5,1315,1059,807,1129,1431,1327
548330,682.98,144.525,631.06,156.75,1569,1070,1048,1167,1432,1327
548332,712.1,143.1,656.74,159.6,1857,1073,1302,1213,1430,1328
548334,739.14,143.85,682.26,160.95,2124,1097,1555,1242,1423,1311
548336,766.18,144.075,705.3,163.05,2390,1117,1782,1278,1420,1303
548338,792.5,145.95,728.82,169.35,2647,1152,2012,1358,1413,1307
548340,816.5,151.125,751.46,174.6,2880,1220,2233,1426,1420,1297
548342,839.54,153.675,773.62,178.875,3105,1260,2450,1484,1421,1295
548344,860.18,157.2,792.82,183.9,3306,1308,2637,1547,1420,1300
548346,878.66,162.225,807.3,188.85,3484,1371,2778,1607,1415,1294
548348,894.66,164.025,821.94,194.025,3640,1400,2920,1670,1414,1292
548350,905.14,165.675,831.14,200.55,3741,1423,3008,1744,1412,1295
548352,912.9,168.15,836.26,201.375,3816,1452,3059,1755,1416,1295
548354,916.42,167.7,839.62,201.6,3850,1450,3092,1759,1420,1304
548356,916.02,168.15,838.98,202.2,3846,1454,3085,1765,1425,1305
548358,914.5,166.95,840.02,201.225,3831,1441,3096,1755,1425,1306
548360,912.26,165.675,839.7,200.55,3809,1427,3092,1748,1425,1313
548362,910.98,163.95,839.46,199.125,3797,1408,3090,1733,1427,1317
548364,909.86,162.6,841.06,198.45,3786,1393,3106,1726,1425,1314
548366,909.7,161.925,841.38,197.475,3785,1386,3109,1717,1422,1315
548368,910.34,162.75,841.54,197.85,3791,1395,3110,1721,1423,1315
548370,910.58,163.725,843.94,199.5,3793,1405,3133,1739,1418,1323
548372,910.82,165.375,843.22,199.875,3795,1422,3126,1743,1418,1322
548374,910.98,165.9,842.58,200.025,3796,1427,3120,1744,1415,1317
548376,910.5,166.125,842.02,201.75,3791,1429,3113,1761,1410,1319
548378,909.3,166.425,842.26,200.25,3779,1432,3116,1746,1416,1318
548380,908.98,166.05,841.86,200.85,3776,1428,3111,1752,1417,1316
548382,906.9,165,842.18,200.55,3756,1416,3114,1749,1415,1314
548384,906.26,165.075,842.02,199.275,3749,1416,3113,1735,1412,1315
548386,906.66,164.55,841.62,199.05,3753,1411,3109,1733,1414,1320
548388,906.34,164.25,842.18,198.75,3749,1407,3114,1730,1413,1314
548390,905.62,164.625,842.18,199.2,3742,1411,3113,1734,1413,1314
548392,906.1,164.325,842.58,198.975,3746,1408,3117,1732,1413,1319
548394,905.54,164.1,842.58,199.35,3741,1405,3117,1736,1412,1314
548396,905.86,163.95,842.74,198.6,3743,1404,3118,1728,1412,1311
548398,905.7,164.1,843.94,197.25,3741,1405,3130,1715,1417,1317
548400,905.3,163.5,844.74,197.475,3737,1399,3137,1717,1412,1316
548402,905.38,163.5,843.78,197.85,3738,1399,3127,1721,1414,1312
548404,905.14,163.35,846.02,196.95,3735,1397,3149,1712,1412,1316
548406,905.86,163.5,844.74,197.4,3742,1398,3136,1716,1414,1316
548408,905.06,163.575,846.34,196.875,3734,1399,3152,1711,1412,1318
548410,905.22,163.05,846.82,195.825,3736,1393,3157,1700,1413,1318
548412,904.9,163.05,845.94,196.65,3732,1392,3148,1708,1418,1311
548414,905.22,163.95,847.38,196.95,3735,1402,3162,1712,1416,1317
548416,905.38,162.3,847.62,196.2,3737,1384,3164,1704,1411,1318
548418,904.82,163.05,847.3,195.975,3731,1392,3161,1701,1418,1313
548420,905.06,163.05,847.3,196.425,3734,1392,3161,1706,1417,1320
548422,904.9,161.475,848.58,195.15,3732,1376,3174,1693,1415,1317
548424,905.14,162.825,848.58,196.2,3735,1389,3173,1704,1416,1314
548426,904.26,163.2,847.94,195.825,3725,1393,3167,1700,1415,1319
548428,904.9,162.6,848.98,195.975,3732,1386,3177,1702,1416,1316
548430,904.42,163.125,847.7,196.875,3727,1392,3165,1710,1420,1312
548432,903.94,162.975,849.3,195.9,3723,1390,3180,1701,1417,1311
548434,904.18,162.825,848.9,194.7,3725,1388,3177,1688,1419,1312
548436,903.46,162.225,849.38,195.825,3719,1381,3182,1699,1420,1314
548438,903.62,163.05,848.18,195.825,3720,1389,3170,1699,1423,1310
548440,902.5,163.425,848.58,195.675,3709,1392,3174,1697,1421,1311
548442,902.9,163.575,849.3,194.625,3713,1394,3181,1686,1421,1314
548444,903.14,163.875,848.18,195.15,3715,1397,3170,1690,1418,1315
548446,902.42,163.5,848.34,195.45,3708,1393,3172,1694,1421,1310
548448,902.74,163.575,848.98,194.925,3712,1393,3179,1688,1421,1315
548450,902.1,162.9,849.06,194.775,3706,1386,3180,1687,1421,1309
548452,901.94,161.775,850.02,194.1,3705,1374,3190,1680,1423,1313
548454,902.5,162.75,849.94,194.625,3710,1384,3189,1685,1422,1315
548456,902.82,162.075,850.02,193.275,3714,1377,3191,1671,1424,1315
548458,902.74,162.3,850.1,193.875,3713,1380,3192,1678,1423,1316
548460,902.66,162.6,850.02,193.95,3713,1382,3191,1678,1421,1315
548462,902.5,160.95,850.74,192.525,3713,1365,3199,1663,1424,1313
548464,902.66,161.1,849.7,194.25,3714,1367,3189,1681,1427,1315
548466,902.18,162.225,850.42,193.2,3710,1378,3196,1670,1422,1319
548468,902.18,161.25,849.94,192.6,3711,1367,3193,1663,1426,1315
548470,902.58,160.725,851.06,192.825,3715,1362,3203,1666,1430,1320
548472,902.26,162.075,851.7,192.975,3712,1375,3211,1668,1421,1320
548474,902.18,159.15,852.42,192.3,3712,1345,3218,1661,1428,1322
548476,901.94,159.75,851.38,191.475,3711,1350,3209,1651,1427,1321
548478,901.86,160.05,852.58,190.575,3710,1354,3221,1643,1426,1325
548480,902.5,160.05,852.82,190.575,3718,1354,3224,1642,1429,1323
548482,902.82,158.925,852.98,191.85,3721,1342,3226,1656,1433,1324
548484,902.02,159.6,852.1,190.95,3714,1349,3218,1646,1429,1325
548486,901.94,159.15,851.7,191.85,3714,1344,3215,1655,1426,1319
548488,902.34,158.475,852.34,189.75,3719,1337,3223,1633,1428,1325
548490,901.86,158.025,852.1,190.2,3715,1332,3220,1638,1434,1320
548492,901.54,157.05,851.78,190.875,3713,1321,3218,1644,1431,1321
548494,901.7,156.6,852.82,189.975,3714,1316,3228,1635,1432,1322
548496,902.42,156,853.7,189.525,3723,1310,3239,1630,1433,1322
548498,901.7,156.675,852.74,190.65,3716,1317,3229,1642,1431,1319
548500,901.3,156.6,853.54,188.775,3714,1315,3239,1622,1434,1325
548502,900.66,154.725,853.78,187.35,3708,1295,3242,1607,1440,1332
548504,900.98,154.5,852.5,188.775,3712,1292,3230,1620,1436,1326
548506,901.06,155.1,853.38,187.8,3713,1299,3239,1610,1436,1332
548508,900.58,153.9,853.46,187.275,3709,1285,3241,1605,1439,1334
548510,900.66,153.075,854.02,187.575,3711,1277,3247,1608,1438,1336
548512,900.74,154.275,853.62,186.825,3712,1288,3244,1599,1436,1329
548514,900.74,153,853.62,185.55,3713,1275,3244,1586,1439,1334
548516,900.66,153.375,853.54,186.9,3713,1278,3244,1599,1438,1334
548518,900.98,153.975,854.02,186.6,3716,1284,3249,1596,1441,1335
548520,899.78,153.45,854.34,187.2,3706,1278,3254,1602,1439,1337
548522,900.34,152.85,854.98,187.5,3712,1272,3260,1605,1440,1334
548524,900.82,153,853.46,186.15,3718,1272,3247,1590,1439,1336
548526,900.5,153.225,854.5,184.8,3715,1275,3257,1576,1444,1343
548528,900.34,152.85,854.58,185.775,3715,1270,3259,1586,1442,1342
548530,900.26,153.6,853.78,185.925,3714,1278,3251,1586,1445,1332
548532,900.1,152.475,853.86,186.225,3714,1266,3254,1589,1439,1334
548534,900.34,153.225,853.54,187.725,3716,1273,3250,1604,1446,1332
548536,899.86,151.2,853.94,187.05,3713,1251,3255,1597,1442,1336
548538,900.34,152.925,854.34,185.55,3717,1270,3260,1581,1444,1337
548540,900.34,152.475,854.18,186.375,3719,1264,3259,1589,1448,1336
548542,900.1,153.225,854.02,184.5,3715,1272,3258,1570,1447,1339
548544,900.5,152.925,854.5,186.225,3721,1269,3263,1587,1445,1343
548546,900.02,152.25,854.42,188.1,3717,1262,3262,1607,1448,1337
548548,899.38,153.825,854.98,186.825,3711,1277,3268,1594,1450,1341
548550,899.54,153.675,854.98,185.025,3712,1275,3269,1574,1449,1346
548552,899.78,152.4,854.82,187.425,3716,1262,3268,1599,1451,1340
548554,900.18,152.775,854.26,186.525,3720,1266,3263,1590,1454,1345
548556,900.42,153.075,854.74,185.775,3723,1270,3269,1582,1450,1344
548558,899.7,153.675,854.74,186.225,3716,1276,3269,1588,1451,1342
548560,899.94,152.7,854.74,185.85,3720,1266,3270,1584,1456,1346
548562,900.26,152.625,855.22,185.175,3723,1265,3275,1577,1451,1346
548564,899.54,154.275,855.06,186.975,3716,1282,3274,1596,1455,1340
548566,899.86,152.925,855.06,185.625,3720,1269,3274,1582,1454,1347
548568,899.22,153.675,854.66,186.45,3714,1277,3271,1591,1452,1346
548570,899.3,152.4,855.54,185.025,3716,1264,3280,1577,1456,1351
548572,899.62,152.625,855.86,184.2,3720,1267,3284,1569,1456,1353
548574,899.62,153.075,855.46,184.2,3720,1271,3280,1569,1453,1354
548576,899.06,153.9,855.94,183.375,3715,1281,3286,1561,1455,1357
548578,900.02,152.925,855.78,184.5,3724,1271,3284,1572,1458,1356
548580,899.94,153.675,856.66,183.9,3723,1280,3294,1567,1458,1356
548582,898.98,152.475,855.46,184.2,3715,1267,3282,1570,1457,1354
548584,899.46,152.25,856.18,181.8,3720,1265,3290,1546,1459,1359
548586,899.22,153.825,855.46,184.5,3717,1282,3282,1574,1461,1357
548588,899.86,152.25,856.18,183.525,3724,1267,3289,1565,1461,1358
548590,900.02,151.65,856.42,183.9,3726,1261,3292,1570,1459,1361
548592,900.1,153.75,856.5,184.425,3727,1284,3293,1576,1464,1358
548594,900.18,153.375,854.82,183.6,3728,1280,3277,1567,1461,1356
548596,899.62,152.925,855.78,182.55,3723,1277,3287,1558,1459,1363
548598,900.1,153.9,856.1,182.775,3727,1287,3290,1561,1462,1360
548600,899.7,153,855.38,183.375,3724,1279,3283,1568,1461,1360
548602,899.86,153.3,856.66,184.575,3726,1282,3296,1581,1466,1355
548604,899.7,152.7,856.5,183.75,3725,1277,3295,1574,1465,1361
548606,900.02,152.4,856.9,183.525,3727,1274,3299,1571,1467,1363
548608,900.34,154.05,856.18,183.525,3730,1292,3292,1572,1466,1357
548610,900.26,152.325,856.82,182.85,3730,1275,3298,1565,1463,1364
548612,899.22,154.5,857.38,183.6,3720,1298,3304,1575,1463,1364
548614,900.1,153.525,856.18,183.9,3728,1288,3292,1577,1468,1365
548616,899.54,153.6,856.58,184.35,3723,1290,3296,1583,1470,1364
548618,899.62,154.125,855.94,184.95,3724,1295,3289,1589,1470,1362
548620,899.06,153.825,856.98,184.725,3718,1293,3300,1589,1471,1361
548622,899.06,154.725,856.5,182.625,3718,1303,3295,1566,1468,1370
548624,899.06,154.65,856.58,183.825,3718,1303,3296,1580,1472,1367
548626,899.46,154.125,856.82,183.825,3723,1297,3298,1581,1473,1364
548628,898.98,154.125,857.22,184.8,3718,1298,3302,1592,1472,1363
548630,898.82,155.4,858.18,183.9,3716,1311,3312,1583,1471,1373
548632,899.54,153.825,856.58,183.15,3723,1296,3296,1576,1469,1367
548634,899.7,151.35,857.06,181.8,3726,1271,3301,1562,1473,1368
548636,897.86,149.4,855.78,178.2,3709,1251,3290,1524,1472,1368
548638,896.5,145.05,854.82,175.8,3696,1204,3282,1499,1471,1362
548640,894.26,139.8,852.9,164.475,3677,1150,3266,1380,1467,1353
548642,892.98,131.7,851.46,160.275,3666,1066,3254,1336,1463,1353
548644,893.14,126.675,850.5,153.975,3669,1014,3246,1270,1451,1349
548646,893.38,117.675,848.82,146.325,3674,922,3232,1190,1455,1351
548648,895.06,112.2,846.9,143.55,3691,867,3214,1160,1454,1354
548650,896.34,108.525,844.66,137.625,3704,830,3194,1097,1450,1335
548652,897.86,105.825,845.14,135.225,3720,804,3199,1073,1445,1334
548654,898.34,102.975,845.54,134.25,3725,774,3204,1064,1438,1333
548656,898.58,104.475,844.5,135.825,3727,791,3193,1080,1439,1328
548658,898.9,105.225,843.7,136.875,3730,799,3185,1090,1444,1330
548660,899.38,107.625,843.3,137.925,3734,824,3181,1101,1443,1329
548662,899.46,107.55,844.58,137.55,3735,823,3193,1098,1445,1337
548664,899.06,107.775,844.34,138.45,3731,826,3191,1107,1448,1336
548666,899.06,106.8,844.9,139.8,3731,815,3195,1122,1449,1346
548668,898.58,106.575,845.22,136.875,3726,812,3199,1092,1449,1339
548670,897.46,106.575,845.38,136.35,3715,812,3201,1086,1452,1342
548672,897.38,107.1,845.94,136.8,3714,818,3206,1091,1452,1345
548674,897.38,107.55,845.86,136.575,3714,822,3205,1089,1452,1346
548676,896.18,106.95,846.34,137.775,3702,815,3209,1102,1451,1348
548678,895.46,107.475,846.58,137.625,3695,820,3211,1100,1455,1348
548680,896.34,108,847.22,137.175,3702,826,3217,1096,1451,1345
548682,895.06,108.45,847.54,138.6,3690,830,3220,1111,1452,1349
548684,895.38,108.525,847.06,136.725,3693,831,3216,1092,1449,1343
548686,895.3,108.225,847.54,135.075,3692,828,3221,1075,1453,1343
548688,894.58,107.4,846.82,136.65,3685,819,3213,1092,1455,1350
548690,894.9,107.7,848.02,136.35,3688,823,3225,1089,1448,1343
548692,895.14,107.55,849.06,137.1,3690,822,3234,1097,1450,1343
548694,894.18,106.875,848.18,136.575,3681,815,3226,1092,1451,1345
548696,894.34,107.325,848.02,136.5,3682,819,3224,1092,1452,1348
548698,893.3,106.95,849.14,135.75,3672,814,3235,1084,1447,1341
548700,893.54,105.9,847.54,136.35,3674,804,3218,1090,1448,1338
548702,892.98,107.25,847.86,134.1,3668,818,3222,1067,1453,1343
548704,892.98,106.5,847.06,134.4,3668,811,3213,1070,1450,1345
548706,892.66,105.675,849.54,133.875,3664,801,3238,1066,1448,1348
548708,892.74,105.6,847.62,134.4,3665,801,3219,1070,1447,1344
548710,892.18,104.1,848.58,133.575,3660,786,3229,1062,1453,1345
548712,892.1,103.95,849.14,133.2,3660,785,3234,1059,1449,1342
548714,892.42,102.975,849.38,133.425,3663,775,3236,1061,1451,1342
548716,892.26,102.75,849.62,132.675,3661,772,3238,1055,1450,1346
548718,891.7,101.775,850.42,132.225,3656,763,3247,1050,1447,1348
548720,893.14,102,849.06,132.45,3669,766,3233,1052,1451,1345
548722,890.74,101.625,850.26,132.375,3647,760,3245,1052,1441,1345
548724,890.98,102.375,851.46,134.025,3648,768,3256,1071,1444,1347
548726,891.22,102.075,849.7,133.5,3651,766,3239,1064,1443,1342
548728,890.66,101.475,850.18,132.075,3646,760,3244,1050,1444,1347
548730,891.3,102,850.18,132.45,3652,765,3244,1053,1447,1341
548732,890.5,101.025,850.5,133.35,3644,755,3247,1063,1444,1340
548734,890.58,102.6,851.86,133.2,3644,771,3260,1062,1442,1342
548736,889.94,102.6,849.62,134.175,3639,771,3238,1071,1446,1337
548738,888.98,101.7,850.26,134.1,3630,761,3244,1071,1438,1336
548740,889.54,102.825,850.9,133.875,3635,773,3251,1069,1440,1335
548742,889.38,103.275,850.02,133.95,3633,778,3242,1070,1439,1343
548744,889.22,104.025,850.82,134.175,3631,786,3250,1073,1439,1337
548746,889.62,103.65,852.02,133.275,3635,782,3262,1064,1437,1335
548748,889.3,103.875,851.46,133.875,3633,785,3257,1070,1441,1338
548750,889.22,104.25,852.26,134.7,3631,788,3264,1080,1441,1341
548752,889.3,105.45,851.14,133.725,3632,801,3254,1069,1440,1339
548754,889.54,103.875,851.62,134.475,3635,785,3258,1077,1441,1340
548756,889.06,103.275,852.9,133.5,3631,779,3271,1069,1433,1339
548758,889.62,104.7,853.78,133.575,3635,794,3279,1070,1438,1340
548760,889.86,104.025,852.26,133.2,3638,788,3265,1065,1441,1333
548762,889.22,105.075,852.66,133.35,3631,798,3269,1067,1435,1345
548764,889.06,103.65,853.62,133.05,3630,784,3278,1065,1434,1338
548766,888.98,103.05,852.98,133.05,3629,777,3272,1064,1434,1345
548768,888.74,103.65,852.82,131.475,3627,784,3271,1048,1436,1345
548770,889.06,101.7,854.82,131.1,3631,764,3290,1046,1434,1347
548772,889.14,101.85,854.98,130.275,3631,765,3292,1038,1432,1343
548774,889.22,102.3,853.22,131.1,3632,770,3274,1045,1436,1342
548776,889.3,101.475,854.74,130.725,3632,762,3289,1042,1431,1341
548778,888.98,101.325,854.66,130.125,3630,761,3289,1036,1432,1342
548780,889.62,100.8,855.54,130.125,3636,755,3297,1036,1433,1336
548782,889.54,100.8,855.62,129.9,3635,755,3298,1034,1430,1339
548784,888.9,100.725,854.02,129.45,3629,754,3282,1028,1435,1336
548786,888.1,100.2,855.06,127.65,3621,748,3293,1010,1434,1339
548788,888.74,99.6,854.66,128.625,3627,742,3288,1020,1434,1340
548790,888.66,99.225,855.46,126.375,3627,738,3297,997,1437,1343
548792,887.94,99,855.54,127.575,3619,735,3297,1009,1436,1341
548794,888.02,98.175,854.98,125.55,3620,726,3292,988,1431,1342
548796,887.86,98.925,854.02,125.7,3617,733,3282,988,1429,1336
548798,886.66,98.175,853.78,126.3,3606,725,3280,994,1432,1336
548800,884.58,99.6,852.34,125.85,3585,737,3265,988,1429,1341
548802,880.82,100.95,849.22,126.075,3549,749,3235,988,1423,1337
548804,872.9,101.325,844.42,125.85,3471,747,3188,982,1427,1338
548806,862.26,102.45,836.18,125.625,3368,752,3107,975,1432,1336
548808,850.66,105.15,826.18,125.25,3254,772,3010,964,1430,1333
548810,837.06,105.75,812.82,123.525,3122,769,2880,938,1431,1330
548812,819.46,104.925,798.26,120.75,2950,749,2738,900,1428,1326
548814,803.94,103.65,785.62,119.475,2799,726,2615,878,1423,1331
548816,789.22,103.5,770.74,115.2,2655,715,2470,824,1414,1334
548818,776.58,100.5,758.18,110.475,2532,676,2349,767,1420,1331
548820,766.5,99.075,747.62,107.025,2434,654,2246,724,1413,1318
548822,757.3,94.65,741.14,95.625,2345,602,2186,602,1406,1337
548824,751.78,89.625,738.66,88.8,2293,546,2164,530,1397,1350
548826,745.3,84.075,732.5,84.6,2231,485,2106,482,1399,1350
548828,739.46,78.6,722.34,86.475,2175,424,2004,494,1406,1325
548830,734.74,75.225,721.86,88.275,2130,386,1999,513,1411,1315
548832,733.94,79.125,NaN,NaN,2120,425,NaN,NaN,1401,0
548834,732.18,80.55,730.9,85.2,2101,437,2087,485,1395,1346
548836,733.7,80.175,730.9,85.2,2116,435,2087,485,1395,1346
548838,735.22,79.875,NaN,NaN,2131,433,NaN,NaN,1395,0
548840,737.46,80.775,719.38,91.575,2153,443,1971,542,1392,1316
548842,741.38,81,726.74,90.45,2191,448,2044,535,1390,1326
548844,745.3,81.3,734.1,89.325,2230,452,2117,528,1389,1337
548846,749.14,77.925,NaN,NaN,2268,420,NaN,NaN,1399,0
548848,751.14,76.125,731.22,90.675,2287,402,2087,539,1403,1336
548850,755.62,75.9,733.14,90.15,2332,403,2106,535,1401,1338
548852,760.18,75.6,735.06,89.625,2376,403,2125,531,1401,1340
548854,764.74,74.85,739.78,88.65,2420,397,2171,523,1400,1343
548856,770.02,77.025,NaN,NaN,2471,423,NaN,NaN,1395,0
548858,774.74,77.4,748.26,83.85,2516,429,2255,479,1394,1351
548860,778.26,79.125,749.94,84.825,2550,449,2271,490,1383,1345
548862,781.78,80.85,751.62,85.875,2584,469,2287,501,1372,1340
548864,783.3,78.825,757.06,79.65,2598,448,2341,440,1377,1357
548866,783.7,79.2,758.18,78.45,2602,452,2353,428,1376,1359
548868,784.26,75.675,755.14,86.775,2607,416,2319,512,1380,1340
548870,784.5,75.975,754.66,92.325,2609,419,2312,568,1386,1328
548872,784.5,74.55,753.94,96.15,2608,404,2302,607,1388,1319
548874,785.22,73.575,754.18,95.775,2616,395,2305,603,1389,1316
548876,785.54,73.35,754.9,96.975,2618,392,2311,616,1392,1318
548878,786.26,72.45,754.02,97.2,2625,383,2302,617,1390,1318
548880,786.58,72.975,753.54,96.675,2628,389,2296,611,1390,1318
548882,786.18,72.9,754.9,97.95,2624,387,2309,626,1390,1320
548884,785.94,72.375,754.26,97.35,2620,382,2302,618,1391,1320
548886,785.94,73.35,754.98,97.575,2620,392,2309,621,1391,1325
548888,786.58,72.825,755.7,97.2,2625,387,2315,618,1389,1323
548890,785.86,71.85,753.94,97.425,2619,376,2298,619,1395,1326
548892,785.78,72.75,754.82,97.2,2617,385,2306,617,1394,1324
548894,786.5,72.45,754.66,97.5,2624,382,2304,620,1392,1330
548896,785.86,73.05,754.82,98.025,2617,389,2304,625,1393,1327
548898,786.42,73.2,753.78,95.25,2622,390,2295,596,1396,1334
548900,786.74,74.1,754.82,95.7,2624,400,2304,602,1399,1336
548902,786.66,74.25,754.42,95.55,2623,401,2301,600,1396,1334
548904,786.66,74.4,754.58,95.7,2623,403,2302,602,1402,1337
548906,786.98,74.625,754.98,95.925,2625,406,2305,604,1398,1341
548908,786.9,73.8,755.3,95.4,2624,397,2308,599,1399,1338
548910,786.58,74.175,754.26,95.55,2621,401,2298,600,1395,1338
548912,787.3,72.825,755.7,96.075,2628,388,2311,607,1395,1335
548914,787.7,76.35,754.66,95.175,2631,424,2301,597,1401,1344
548916,786.9,74.925,754.98,95.7,2623,409,2304,603,1399,1341
548918,786.18,75.9,755.54,97.575,2615,419,2308,623,1399,1333
548920,786.74,77.325,755.22,97.875,2620,434,2304,625,1400,1340
548922,786.1,76.875,755.3,97.875,2613,429,2306,626,1404,1342
548924,785.94,77.025,754.98,99.6,2612,431,2301,643,1401,1335
548926,786.66,76.725,755.86,97.5,2619,428,2310,622,1404,1347
548928,786.74,77.1,755.22,97.725,2619,432,2304,624,1399,1343
548930,786.02,78.45,755.54,99.225,2612,445,2306,639,1399,1336
548932,786.98,79.05,755.62,98.55,2620,452,2307,633,1400,1345
548934,786.26,79.125,755.06,97.875,2613,452,2302,625,1403,1345
548936,786.26,79.35,755.62,98.85,2613,455,2307,636,1399,1345
548938,786.42,80.025,756.18,97.875,2614,462,2312,627,1399,1344
548940,786.5,80.1,755.14,96.675,2615,463,2303,614,1403,1349
548942,786.98,78.675,756.02,100.275,2620,448,2310,651,1402,1343
548944,787.06,79.725,756.26,98.925,2620,459,2313,638,1402,1346
548946,786.74,79.575,756.18,96.45,2617,458,2313,612,1402,1350
548948,786.58,79.8,756.42,99,2616,459,2314,638,1402,1345
548950,786.5,79.875,756.82,97.65,2615,461,2318,624,1403,1348
548952,787.46,78.75,756.5,97.125,2625,450,2315,619,1405,1350
548954,786.34,78.6,756.26,96.6,2614,447,2314,613,1405,1349
548956,786.9,79.05,755.46,96.375,2619,452,2306,610,1406,1349
548958,787.78,77.475,756.9,96.45,2629,436,2320,612,1406,1351
548960,787.78,77.4,756.42,95.1,2628,435,2315,597,1408,1353
548962,787.06,77.85,756.82,95.625,2621,439,2320,603,1405,1354
548964,788.1,77.625,757.14,96.075,2632,437,2323,608,1409,1353
548966,786.9,77.925,756.74,97.425,2620,439,2318,621,1402,1354
548968,787.62,77.025,756.18,95.925,2628,431,2315,605,1408,1352
548970,787.86,77.325,757.22,94.2,2630,434,2325,588,1410,1357
548972,787.86,77.25,757.62,94.35,2631,433,2329,589,1409,1354
548974,787.86,77.025,758.1,96.675,2631,430,2334,614,1406,1353
548976,788.18,77.775,757.38,96.6,2635,438,2328,613,1409,1350
548978,787.22,77.7,758.66,95.55,2625,437,2340,602,1407,1356
548980,788.02,77.325,757.62,97.35,2634,434,2331,620,1412,1351
548982,787.7,77.4,758.5,94.65,2632,434,2340,593,1415,1360
548984,788.1,77.7,758.34,95.325,2637,438,2339,600,1412,1353
548986,787.86,78.225,758.9,98.325,2634,442,2344,631,1410,1350
548988,787.54,79.35,758.26,96.675,2632,454,2340,614,1410,1357
548990,788.42,79.5,758.5,96.375,2640,456,2342,610,1410,1356
548992,788.26,78.225,758.66,98.775,2640,443,2344,636,1412,1349
548994,788.18,79.35,758.42,96.825,2639,455,2342,615,1414,1359
548996,787.86,78.9,758.66,95.4,2637,450,2346,601,1414,1359
548998,787.62,77.85,757.94,95.55,2635,439,2339,602,1412,1357
549000,788.18,78.9,758.66,95.4,2642,450,2348,601,1415,1364
549002,788.26,79.425,758.66,95.85,2643,455,2347,606,1414,1359
549004,788.42,79.05,758.42,98.85,2645,452,2345,637,1414,1350
549006,788.18,80.025,759.86,97.125,2642,462,2360,620,1413,1358
549008,788.34,78.675,759.62,97.95,2646,449,2359,629,1415,1356
549010,788.26,79.95,760.02,96.9,2645,461,2363,618,1417,1360
549012,788.02,79.875,759.06,96.75,2645,461,2356,616,1414,1358
549014,788.5,80.325,759.14,99,2649,466,2355,639,1417,1352
549016,788.34,79.575,759.38,98.775,2649,458,2359,638,1419,1361
549018,788.58,79.575,760.1,96.9,2652,458,2367,619,1416,1361
549020,789.14,80.175,760.18,96.3,2658,465,2370,613,1417,1362
549022,788.74,79.725,759.46,97.95,2654,461,2362,630,1417,1363
549024,788.34,81.225,759.22,97.575,2651,476,2361,626,1419,1366
549026,788.98,79.65,759.46,96.45,2657,460,2363,614,1417,1359
549028,788.74,81,759.14,97.05,2656,474,2361,621,1417,1363
549030,789.22,80.775,759.54,96.225,2660,472,2365,613,1418,1361
549032,789.22,81.15,760.26,97.5,2661,476,2372,627,1417,1353
549034,788.58,80.7,759.38,97.65,2655,472,2364,628,1421,1366
549036,788.1,80.55,760.9,95.7,2651,470,2381,608,1420,1364
549038,788.5,80.625,759.46,96.9,2655,471,2366,620,1421,1360
549040,787.86,80.025,760.02,96.225,2650,464,2373,614,1424,1371
549042,789.38,81.75,759.46,97.125,2664,483,2367,622,1420,1368
549044,789.3,80.55,760.58,98.25,2664,471,2377,635,1421,1360
549046,789.22,79.875,760.18,96.375,2664,464,2375,616,1424,1369
549048,788.58,81.975,759.22,97.95,2658,486,2365,631,1423,1367
549050,788.58,80.475,761.06,97.5,2658,470,2383,628,1426,1371
549052,787.94,81.9,760.74,99.525,2652,485,2380,649,1425,1363
549054,788.42,81.75,759.94,98.1,2657,483,2373,633,1425,1367
549056,787.86,81.825,759.7,97.8,2652,484,2371,630,1421,1370
549058,788.66,81.6,758.98,96.75,2660,482,2365,619,1425,1365
549060,788.82,81.15,758.74,100.35,2662,478,2361,656,1426,1369
549062,787.78,82.5,759.78,99.525,2651,491,2372,649,1425,1374
549064,788.18,81.975,758.66,97.2,2655,486,2361,624,1422,1364
549066,788.18,78.075,759.38,98.4,2657,445,2368,637,1423,1367
549068,789.94,73.425,759.7,90.225,2675,400,2374,553,1421,1372
549070,791.22,65.625,762.42,83.85,2691,320,2403,489,1417,1374
549072,793.94,59.925,762.74,78.825,2719,263,2408,437,1414,1372
549074,796.18,51.825,763.54,70.275,2744,182,2419,350,1412,1366
549076,798.98,43.575,765.06,61.65,2773,100,2437,263,1406,1351
549078,799.94,35.475,764.02,56.925,2785,18,2428,214,1402,1342
549080,802.5,29.925,762.98,54,2812,-35,2419,184,1391,1341
549082,803.22,27.75,760.42,49.425,2819,-57,2396,135,1390,1345
549084,804.9,28.8,760.9,49.5,2835,-45,2401,136,1384,1341
549086,804.58,28.35,759.3,49.5,2832,-50,2385,135,1383,1332
549088,804.9,28.2,759.3,50.025,2835,-51,2385,140,1387,1339
549090,805.14,29.4,759.14,50.775,2837,-39,2383,148,1386,1344
549092,805.38,29.325,760.18,53.625,2838,-40,2391,177,1384,1340
549094,805.22,29.4,759.62,52.575,2837,-39,2386,166,1386,1338
549096,805.62,28.8,759.94,52.275,2840,-46,2389,163,1390,1347
549098,805.22,29.1,760.5,52.8,2837,-43,2394,169,1391,1345
549100,804.34,28.125,760.02,51.6,2828,-53,2389,156,1394,1346
549102,803.14,28.725,761.06,51.15,2816,-48,2400,152,1394,1351
549104,801.7,28.65,760.58,52.425,2801,-50,2394,164,1399,1346
549106,801.06,27.375,761.54,50.775,2796,-63,2404,148,1400,1351
549108,800.9,27.975,761.62,50.85,2794,-58,2403,149,1397,1353
549110,800.42,29.175,761.46,50.625,2788,-46,2403,147,1400,1349
549112,800.02,29.25,761.54,51.225,2784,-46,2402,152,1400,1353
549114,800.34,30,761.7,51.75,2786,-38,2404,158,1399,1348
549116,800.82,29.1,762.82,51.15,2791,-47,2414,151,1399,1350
549118,800.5,28.875,762.34,51.075,2788,-49,2410,151,1398,1348
549120,800.82,29.1,762.34,51.225,2791,-48,2409,152,1401,1350
549122,800.42,29.025,761.7,51.225,2786,-49,2403,152,1402,1352
549124,800.58,28.95,761.94,50.7,2788,-49,2405,146,1401,1353
549126,800.5,29.175,761.94,51.825,2786,-48,2404,157,1401,1349
549128,800.34,28.575,761.86,50.85,2785,-54,2403,147,1404,1353
549130,799.94,29.325,762.34,50.85,2781,-47,2408,147,1402,1354
549132,800.26,29.4,762.18,51.075,2783,-46,2405,149,1400,1350
549134,799.86,29.025,762.42,50.4,2780,-50,2408,142,1404,1357
549136,799.38,29.025,761.78,49.875,2774,-51,2402,136,1403,1353
549138,799.86,29.25,761.62,50.1,2779,-48,2400,139,1404,1353
549140,800.18,29.325,761.14,50.775,2781,-48,2394,145,1405,1351
549142,799.46,28.95,761.78,50.25,2775,-52,2401,140,1402,1355
549144,798.74,28.875,763.22,50.7,2767,-53,2414,145,1405,1355
549146,799.38,29.175,762.66,50.175,2773,-49,2410,139,1405,1354
549148,799.38,29.625,762.58,50.325,2773,-46,2408,141,1403,1355
549150,798.66,30.375,761.62,51.075,2766,-38,2398,147,1402,1353
549152,799.54,29.85,762.5,49.65,2773,-43,2406,133,1405,1356
549154,798.9,28.95,762.74,50.775,2767,-53,2409,145,1405,1354
549156,798.58,28.8,762.74,50.1,2764,-55,2408,137,1406,1352
549158,798.82,28.875,763.06,49.35,2767,-54,2412,130,1403,1357
549160,798.98,28.425,763.22,48.15,2768,-59,2413,118,1405,1354
549162,799.14,28.725,763.06,49.05,2769,-56,2412,127,1406,1355
549164,799.14,29.1,763.86,49.425,2769,-52,2419,131,1404,1355
549166,799.46,29.175,764.1,48.825,2772,-51,2421,125,1407,1354
549168,798.74,28.2,762.9,49.95,2765,-62,2409,135,1408,1351
549170,798.98,28.8,764.1,48.075,2767,-56,2421,117,1405,1356
549172,799.06,28.725,763.22,48.3,2768,-57,2413,118,1407,1354
549174,798.98,28.875,764.02,49.05,2767,-55,2420,127,1407,1360
549176,798.74,28.875,764.58,47.7,2765,-55,2427,113,1408,1358
549178,797.86,27.975,764.34,47.4,2756,-65,2424,110,1410,1355
549180,798.5,28.05,763.3,48.825,2763,-64,2414,123,1409,1357
549182,798.5,28.65,763.86,48.225,2763,-58,2419,118,1409,1353
549184,798.58,28.05,763.62,47.025,2764,-65,2418,105,1411,1355
549186,798.02,28.65,763.54,47.1,2758,-59,2417,106,1409,1354
549188,799.06,28.275,763.46,47.55,2769,-62,2416,110,1411,1360
549190,798.26,27.6,763.62,46.275,2761,-70,2419,97,1409,1364
549192,798.58,28.275,763.46,47.1,2764,-63,2417,105,1409,1364
549194,798.1,28.65,763.86,46.875,2760,-59,2421,104,1408,1359
549196,798.58,28.275,763.78,47.775,2765,-62,2420,112,1408,1363
549198,798.18,28.2,764.66,48.15,2761,-64,2429,116,1410,1357
549200,798.74,28.05,763.14,48.15,2767,-65,2414,115,1409,1356
549202,798.18,27.975,764.1,48.675,2762,-66,2424,121,1411,1359
549204,798.34,28.125,763.54,47.25,2764,-65,2419,107,1411,1362
549206,798.02,27.75,763.78,47.1,2761,-69,2421,105,1416,1365
549208,798.1,28.2,763.14,48.6,2762,-63,2415,120,1412,1361
549210,797.78,28.2,764.9,47.325,2758,-64,2433,109,1414,1359
549212,798.1,28.125,763.46,46.95,2762,-64,2419,104,1413,1363
549214,797.94,28.125,764.1,47.175,2761,-65,2426,106,1412,1365
549216,797.38,28.5,764.1,46.35,2756,-61,2427,98,1413,1364
549218,798.26,28.5,763.22,47.25,2764,-60,2418,106,1414,1360
549220,797.94,28.725,764.02,45.9,2761,-59,2426,94,1414,1367
549222,798.18,29.175,763.22,48,2764,-53,2418,114,1411,1360
549224,797.86,27.9,763.54,46.2,2762,-67,2422,97,1415,1361
549226,797.86,28.725,763.54,46.35,2762,-58,2422,98,1415,1362
549228,798.18,28.05,763.62,47.925,2765,-64,2423,114,1414,1360
549230,797.78,27.675,763.86,46.35,2762,-69,2426,98,1417,1364
549232,798.18,27.15,765.7,46.425,2767,-74,2444,100,1418,1361
549234,797.46,27.9,763.94,47.1,2759,-67,2427,106,1416,1363
549236,798.26,27.375,763.78,47.775,2768,-71,2426,113,1415,1366
549238,798.18,27.6,763.78,46.35,2767,-69,2426,98,1418,1366
549240,798.5,27.75,763.7,47.175,2771,-67,2426,107,1414,1361
549242,798.18,27.675,764.58,46.125,2768,-68,2434,97,1419,1367
549244,798.66,27.075,763.78,47.775,2773,-74,2427,114,1418,1365
549246,798.74,27.525,764.02,47.1,2774,-69,2430,107,1421,1362
549248,798.18,26.775,764.82,48.675,2769,-77,2438,124,1421,1361
549250,798.58,26.325,764.9,45.45,2773,-81,2439,91,1420,1366
549252,798.98,26.925,763.78,44.85,2777,-74,2430,84,1417,1364
549254,798.66,26.1,764.82,45.6,2775,-83,2440,92,1423,1367
549256,797.94,26.1,764.02,44.625,2769,-83,2432,82,1422,1366
549258,798.74,26.175,764.98,43.95,2776,-82,2442,76,1422,1367
549260,798.98,25.8,764.26,43.8,2780,-85,2437,74,1421,1370
549262,799.22,26.1,764.66,46.2,2782,-82,2439,99,1420,1368
549264,798.66,25.875,764.74,45.525,2777,-85,2441,92,1421,1365
549266,798.42,25.5,764.98,45.075,2775,-89,2443,88,1423,1367
549268,799.14,25.575,763.78,46.425,2783,-87,2432,101,1420,1361
549270,799.38,26.1,765.38,45,2785,-82,2448,88,1421,1364
549272,798.5,25.275,765.14,45.6,2777,-91,2446,94,1424,1360
549274,798.5,25.725,765.78,44.4,2777,-86,2452,82,1423,1367
549276,798.02,24.825,763.86,45.15,2773,-95,2434,88,1422,1369
549278,798.9,26.7,764.34,43.8,2781,-76,2439,75,1422,1372
549280,798.5,25.725,764.74,44.55,2777,-86,2443,83,1424,1367
549282,797.22,25.35,765.38,45,2765,-90,2449,88,1427,1369
549284,798.58,25.05,765.22,44.175,2779,-92,2448,80,1426,1370
549286,797.78,25.35,764.74,44.85,2771,-90,2444,86,1425,1369
549288,798.02,26.25,765.62,45.45,2773,-80,2452,93,1425,1371
549290,797.7,25.425,765.22,44.25,2770,-88,2449,81,1429,1371
549292,797.94,25.8,764.82,44.7,2773,-85,2445,85,1424,1372
549294,797.38,25.95,765.06,44.25,2767,-83,2447,80,1427,1374
549296,798.34,25.725,764.42,45.225,2777,-85,2440,90,1429,1373
549298,797.94,25.2,764.1,45,2773,-91,2438,88,1424,1375
549300,797.3,25.65,764.42,44.325,2767,-87,2441,82,1426,1377
549302,796.74,26.1,764.58,45.375,2761,-82,2443,92,1428,1372
549304,797.3,25.95,764.98,45.45,2767,-83,2446,93,1428,1375
549306,796.9,26.4,764.5,44.625,2763,-79,2441,85,1431,1372
549308,796.66,26.1,763.46,46.2,2760,-82,2431,100,1428,1373
549310,796.82,25.575,764.1,46.125,2762,-87,2438,100,1429,1371
549312,796.66,26.625,764.82,45.825,2760,-76,2444,97,1427,1374
549314,796.02,27,763.86,44.7,2754,-73,2435,85,1435,1379
549316,796.1,28.275,763.46,46.2,2753,-60,2431,100,1431,1375
549318,795.86,27.6,764.42,45.75,2752,-67,2440,97,1428,1378
549320,795.86,27.15,763.86,46.425,2752,-71,2434,103,1428,1376
549322,795.86,26.85,764.58,44.55,2752,-74,2442,85,1433,1381
549324,796.5,25.95,764.98,45.6,2758,-83,2445,96,1431,1378
549326,795.78,26.475,764.58,45,2751,-78,2441,89,1430,1374
549328,796.5,27.6,764.18,45.9,2757,-66,2437,98,1434,1376
549330,796.34,25.95,764.58,44.55,2756,-83,2441,85,1430,1380
549332,796.18,26.4,763.86,46.125,2754,-79,2433,100,1435,1376
549334,796.34,26.325,764.74,44.4,2756,-80,2442,83,1434,1379
549336,797.62,24.375,766.02,43.275,2768,-98,2455,72,1431,1380
549338,801.14,24.3,769.3,44.25,2802,-97,2487,84,1430,1373
549340,805.38,21.15,771.22,42,2843,-126,2505,63,1426,1377
549342,808.82,18.975,774.74,39.75,2878,-146,2540,42,1432,1381
549344,814.5,16.275,777.46,38.025,2933,-170,2567,26,1428,1376
549346,816.42,13.875,778.9,35.55,2952,-193,2582,1,1424,1377
549348,816.02,12.975,779.14,34.275,2948,-203,2583,-11,1420,1374
549350,816.9,12,778.18,32.55,2957,-212,2575,-29,1418,1372
549352,817.38,11.55,777.86,31.875,2961,-217,2572,-37,1419,1368
549354,816.74,11.7,778.34,31.8,2955,-216,2576,-37,1419,1372
549356,816.02,12.075,777.46,31.575,2947,-213,2567,-41,1418,1370
549358,817.06,10.875,777.94,31.275,2957,-224,2572,-43,1421,1370
549360,816.26,10.875,777.54,30.975,2949,-225,2568,-47,1425,1371
549362,816.74,10.5,777.3,31.95,2954,-229,2565,-37,1422,1374
549364,816.1,12.15,776.98,32.025,2946,-213,2561,-37,1422,1370
549366,815.46,11.025,776.82,31.425,2940,-225,2560,-43,1424,1367
549368,815.3,11.625,777.46,32.175,2938,-219,2565,-36,1428,1367
549370,814.34,12.375,776.74,31.8,2928,-212,2558,-40,1424,1369
549372,814.26,12.225,777.46,31.5,2927,-214,2564,-43,1427,1372
549374,814.5,12.45,776.82,32.475,2929,-212,2558,-34,1428,1375
549376,813.78,13.65,776.9,32.325,2921,-200,2558,-35,1424,1373
549378,813.54,13.8,777.3,31.425,2919,-199,2562,-44,1424,1377
549380,813.38,13.575,777.94,33.375,2916,-202,2566,-24,1426,1378
549382,814.66,14.1,777.62,33.3,2929,-196,2563,-26,1423,1377
549384,814.18,12.975,778.1,32.7,2923,-208,2567,-31,1428,1373
549386,814.5,13.275,777.94,32.1,2926,-205,2566,-38,1426,1380
549388,814.58,13.05,777.86,32.175,2926,-207,2564,-37,1430,1381
549390,813.86,13.5,777.86,32.475,2920,-203,2565,-33,1429,1375
549392,814.18,13.05,778.5,30.975,2922,-207,2570,-48,1425,1375
549394,814.66,12.9,778.82,32.025,2927,-208,2573,-38,1430,1376
549396,814.74,12.9,778.58,32.7,2926,-208,2570,-31,1427,1368
549398,814.9,12.75,778.9,30.6,2928,-210,2574,-52,1427,1373
549400,815.38,12.525,778.5,32.625,2932,-212,2569,-32,1427,1370
549402,814.58,12.975,779.54,30.825,2924,-208,2579,-50,1428,1377
549404,814.18,12.975,778.9,31.65,2921,-207,2572,-42,1428,1379
549406,814.98,12.6,779.78,31.875,2928,-211,2581,-39,1429,1382
549408,814.74,12.225,779.3,31.05,2926,-214,2576,-47,1427,1380
549410,815.7,11.475,780.74,30.975,2936,-221,2591,-47,1428,1375
549412,815.38,11.325,779.78,31.425,2932,-223,2581,-42,1431,1378
549414,815.7,10.875,779.62,31.425,2935,-227,2579,-43,1430,1376
549416,815.14,10.575,779.78,30.825,2930,-231,2581,-48,1430,1377
549418,814.9,11.85,780.5,30.6,2927,-218,2588,-50,1428,1383
549420,814.34,11.625,779.86,32.025,2922,-219,2581,-35,1432,1377
549422,814.82,10.575,780.34,30.975,2927,-230,2587,-46,1432,1378
549424,814.42,12.15,780.66,31.575,2923,-214,2590,-39,1430,1383
549426,813.78,11.1,780.58,31.275,2917,-225,2588,-42,1432,1380
549428,813.78,12.15,781.14,31.275,2917,-214,2595,-41,1431,1382
549430,814.34,11.625,781.22,31.725,2923,-219,2595,-36,1432,1382
549432,813.7,13.425,779.46,32.475,2916,-200,2578,-30,1432,1379
549434,813.78,13.125,781.7,32.55,2917,-203,2600,-27,1431,1379
549436,813.46,13.35,780.5,33.375,2914,-201,2588,-19,1431,1378
549438,813.38,13.2,780.5,34.05,2914,-202,2588,-12,1431,1379
549440,812.98,13.8,781.54,32.775,2910,-195,2599,-24,1432,1383
549442,812.58,13.35,780.58,32.25,2907,-200,2590,-30,1434,1386
549444,813.38,13.125,781.22,32.7,2915,-201,2596,-24,1435,1383
549446,813.46,14.1,781.54,33.075,2915,-191,2599,-20,1435,1383
549448,813.94,14.1,781.7,33.225,2920,-190,2602,-18,1436,1379
549450,813.62,13.95,782.42,33.375,2918,-192,2608,-16,1437,1386
549452,813.46,14.325,781.54,32.85,2916,-188,2601,-21,1436,1383
549454,813.38,13.575,781.62,33.15,2916,-195,2602,-18,1436,1381
549456,813.54,13.875,782.98,31.5,2917,-192,2615,-33,1437,1389
549458,813.54,13.8,782.34,32.7,2917,-192,2608,-22,1435,1379
549460,813.3,13.725,782.5,32.325,2915,-193,2611,-25,1436,1385
549462,813.54,13.8,782.74,31.05,2918,-192,2613,-37,1436,1387
549464,814.26,13.725,782.9,31.275,2925,-192,2616,-35,1434,1387
549466,814.18,13.275,783.54,32.625,2925,-197,2621,-21,1434,1379
549468,814.1,13.125,784.1,31.725,2924,-198,2628,-29,1436,1377
549470,814.1,12.525,784.58,30.675,2924,-204,2632,-40,1433,1384
549472,813.62,12.45,784.74,31.2,2920,-205,2635,-35,1436,1386
549474,813.62,12.825,784.1,29.55,2920,-202,2629,-51,1436,1383
549476,814.02,12.75,784.42,29.175,2925,-202,2633,-55,1439,1389
549478,814.1,11.775,784.82,28.95,2926,-212,2637,-57,1437,1388
549480,814.42,11.775,785.62,30.075,2929,-212,2644,-46,1434,1386
549482,814.42,11.475,784.74,29.7,2929,-215,2636,-50,1437,1386
549484,811.54,12.6,782.42,29.175,2902,-206,2614,-58,1436,1389
549486,806.9,13.8,777.3,30.6,2856,-197,2564,-46,1437,1381
549488,797.62,15.15,770.18,30.225,2767,-190,2496,-55,1440,1386
549490,784.18,18.6,758.1,30.75,2635,-164,2378,-58,1442,1385
549492,768.5,20.1,743.14,28.725,2484,-160,2234,-89,1444,1384
549494,751.3,19.65,726.02,27.15,2316,-176,2067,-117,1457,1380
549496,730.66,21.075,706.5,26.175,2116,-176,1878,-140,1458,1389
549498,715.86,20.1,690.74,25.725,1972,-196,1724,-156,1461,1395
549500,702.18,19.275,676.5,24.75,1839,-214,1586,-176,1457,1396
549502,691.7,18.525,667.3,27.6,1737,-229,1494,-153,1452,1392
549504,686.42,19.95,659.62,27.825,1686,-219,1419,-156,1444,1392
549506,681.3,19.425,651.7,28.125,1635,-228,1341,-159,1440,1399
549508,679.14,19.5,647.3,27,1615,-229,1299,-174,1444,1397
549510,677.3,19.05,643.54,25.875,1597,-236,1263,-188,1441,1385
549512,675.7,19.875,640.66,24.6,1581,-229,1236,-204,1441,1389
549514,675.62,19.5,638.26,24,1581,-233,1212,-212,1437,1392
549516,676.26,20.025,639.22,23.4,1587,-229,1222,-219,1437,1388
549518,675.7,18.3,638.26,23.1,1582,-246,1213,-222,1438,1389
549520,677.3,18.75,638.9,22.125,1598,-242,1220,-233,1442,1386
549522,677.22,18.225,639.46,23.175,1597,-248,1224,-222,1440,1386
549524,676.74,18.9,639.38,23.925,1592,-242,1223,-216,1440,1386
549526,677.86,18.375,639.3,22.5,1603,-246,1223,-230,1441,1388
549528,676.5,18.45,640.5,23.325,1590,-248,1234,-222,1440,1384
549530,675.94,17.85,639.78,22.425,1584,-254,1227,-231,1442,1386
549532,676.18,18.225,639.7,22.65,1586,-251,1227,-230,1441,1388
549534,676.34,17.55,640.66,23.55,1588,-258,1235,-220,1444,1385
549536,676.18,18.15,639.7,24,1585,-252,1225,-217,1442,1381
549538,676.02,17.25,640.58,22.65,1584,-261,1234,-231,1442,1384
549540,675.38,17.925,640.82,23.325,1578,-256,1236,-224,1441,1385
549542,674.98,17.175,640.82,23.7,1574,-264,1236,-220,1441,1383
549544,674.26,18.075,640.26,23.475,1566,-255,1230,-223,1441,1383
549546,673.54,17.25,640.5,22.05,1560,-265,1234,-238,1440,1385
549548,674.18,17.925,641.14,23.625,1565,-258,1239,-222,1442,1383
549550,673.78,17.175,640.9,22.35,1562,-265,1237,-235,1440,1385
549552,673.46,17.925,640.66,22.95,1559,-258,1235,-229,1440,1383
549554,674.1,17.325,640.34,22.575,1565,-264,1232,-233,1440,1385
549556,673.86,17.025,640.5,22.425,1563,-267,1233,-234,1441,1387
549558,673.54,16.275,641.78,21.9,1560,-275,1246,-239,1443,1384
549560,673.22,17.325,641.78,22.5,1556,-265,1245,-233,1440,1389
549562,673.14,17.25,640.98,22.35,1555,-266,1237,-235,1441,1385
549564,673.3,17.025,641.22,22.5,1557,-267,1240,-233,1444,1379
549566,672.66,17.475,641.54,23.325,1550,-263,1242,-224,1443,1376
549568,673.22,17.175,641.22,22.575,1555,-265,1239,-232,1439,1384
549570,672.74,17.4,641.38,22.425,1551,-264,1241,-234,1440,1387
549572,672.58,17.025,641.7,23.25,1549,-268,1243,-225,1441,1384
549574,671.62,16.65,640.98,22.2,1539,-272,1237,-235,1446,1385
549576,671.94,16.8,641.06,22.125,1543,-269,1238,-236,1444,1384
549578,670.9,16.725,641.3,22.05,1533,-271,1240,-237,1450,1385
549580,671.46,16.425,641.94,23.175,1538,-273,1246,-224,1447,1382
549582,671.38,17.55,641.78,22.2,1537,-262,1244,-234,1444,1381
549584,671.54,16.425,642.1,22.275,1539,-272,1247,-232,1446,1383
549586,671.86,16.5,642.02,21.525,1542,-271,1247,-240,1444,1385
549588,672.26,16.95,641.46,22.725,1546,-266,1241,-228,1444,1382
549590,671.22,15.825,642.66,22.2,1536,-278,1253,-232,1443,1381
549592,670.74,16.8,641.7,22.125,1531,-268,1244,-233,1445,1381
549594,671.54,16.425,641.62,21.825,1539,-271,1243,-236,1444,1382
549596,671.62,16.575,642.18,22.275,1540,-269,1249,-230,1445,1380
549598,671.06,16.35,642.1,22.05,1534,-271,1248,-233,1446,1378
549600,671.46,16.875,642.42,21.225,1538,-265,1251,-240,1442,1378
549602,670.98,16.5,642.42,20.775,1534,-269,1252,-245,1446,1388
549604,672.34,16.125,642.74,21.15,1547,-271,1255,-240,1442,1384
549606,671.14,16.2,642.74,21.675,1535,-271,1254,-234,1447,1382
549608,670.9,15.9,643.14,22.35,1533,-273,1258,-226,1446,1379
549610,670.9,14.925,642.5,22.95,1534,-284,1252,-221,1447,1380
549612,670.74,15.825,642.58,22.2,1532,-274,1253,-228,1448,1378
549614,670.9,15.6,643.14,21.975,1534,-276,1259,-230,1445,1383
549616,670.74,15.75,644.1,22.2,1533,-273,1268,-226,1446,1379
549618,671.06,15.3,643.94,21.675,1536,-278,1267,-232,1445,1378
549620,671.54,15.525,643.62,21,1541,-275,1264,-238,1445,1377
549622,670.58,16.725,643.3,22.65,1531,-263,1260,-221,1443,1377
549624,670.82,15.825,643.86,21.075,1533,-271,1267,-236,1444,1379
549626,670.66,15.3,643.7,20.925,1532,-277,1266,-238,1447,1378
549628,670.5,16.35,644.02,21.6,1531,-266,1269,-230,1443,1377
549630,671.54,15.9,644.58,20.625,1541,-270,1275,-240,1445,1380
549632,670.66,15.6,643.7,20.475,1533,-273,1267,-242,1446,1378
549634,670.58,15.45,643.22,21.525,1532,-275,1261,-231,1442,1377
549636,670.66,15.45,645.06,21.525,1534,-274,1280,-229,1441,1377
549638,670.5,15.6,644.5,21.15,1532,-272,1275,-234,1448,1373
549640,670.26,16.05,644.9,20.25,1530,-267,1279,-242,1441,1370
549642,670.58,15.45,644.9,19.875,1533,-273,1279,-245,1440,1375
549644,670.1,16.2,644.9,19.575,1528,-266,1279,-248,1444,1377
549646,670.74,15.45,646.34,18.975,1535,-273,1294,-253,1446,1374
549648,669.86,15.375,644.74,19.5,1527,-274,1278,-249,1442,1372
549650,670.02,15.675,644.9,19.5,1527,-270,1280,-249,1440,1374
549652,671.22,14.25,645.22,19.725,1540,-284,1283,-245,1442,1374
549654,670.98,14.325,644.98,19.05,1538,-283,1281,-252,1443,1372
549656,670.9,13.65,645.46,19.2,1538,-290,1285,-251,1441,1374
549658,670.26,14.1,645.54,19.125,1531,-286,1287,-251,1444,1371
549660,669.86,14.475,645.38,18.525,1527,-282,1286,-258,1442,1372
549662,670.02,13.05,645.62,18.9,1529,-297,1288,-254,1442,1372
549664,669.78,13.875,645.54,17.4,1527,-289,1287,-269,1444,1372
549666,670.5,13.5,644.58,18.975,1534,-292,1278,-253,1445,1370
549668,670.1,13.2,644.26,19.05,1530,-295,1275,-252,1438,1365
549670,670.74,12.675,645.46,18.525,1537,-300,1286,-257,1443,1370
549672,670.66,13.725,645.62,18.75,1536,-289,1288,-255,1440,1369
549674,669.54,14.55,645.46,18.45,1524,-281,1286,-258,1442,1369
549676,669.14,14.325,645.14,18.975,1520,-284,1283,-252,1442,1369
549678,666.66,14.025,642.66,19.575,1497,-288,1258,-248,1446,1367
549680,661.38,14.025,637.3,19.275,1445,-292,1206,-255,1445,1368
549682,654.34,15.675,631.46,17.25,1375,-280,1150,-279,1444,1374
549684,646.26,14.475,622.42,16.425,1296,-298,1061,-293,1441,1366
549686,635.54,13.95,612.42,13.95,1192,-310,965,-325,1442,1371
549688,626.26,14.025,602.42,9.59999999999999,1101,-315,869,-377,1444,1368
549690,619.14,11.625,594.1,4.875,1032,-345,789,-430,1437,1362
549692,616.82,11.325,589.62,4.80000000000001,1009,-349,745,-434,1437,1361
549694,615.78,9.52500000000001,587.78,4.5,1000,-368,727,-439,1427,1364
549696,616.98,8.47499999999999,589.22,5.25,1012,-378,741,-429,1425,1361
549698,618.9,8.40000000000001,590.58,5.09999999999999,1032,-378,754,-431,1424,1360
549700,620.34,7.875,589.94,5.25,1046,-382,748,-429,1423,1360
549702,620.26,7.5,590.98,6,1045,-385,758,-421,1424,1357
549704,620.1,9.375,591.06,5.625,1042,-366,758,-425,1425,1359
549706,619.7,9.22499999999999,589.94,4.875,1038,-368,748,-433,1426,1360
549708,618.98,9.75,590.82,4.94999999999999,1031,-363,756,-431,1423,1357
549710,619.78,10.275,589.86,3.82499999999999,1039,-357,748,-443,1426,1359
549712,618.9,9.52500000000001,590.26,3.67500000000001,1030,-365,751,-444,1426,1358
549714,619.78,10.05,590.5,4.19999999999999,1038,-359,753,-439,1430,1356
549716,619.54,9.67500000000001,589.7,5.09999999999999,1036,-363,745,-430,1426,1355
549718,619.3,10.125,591.14,3.75,1034,-359,759,-442,1424,1357
549720,618.74,10.125,590.98,5.625,1028,-359,757,-423,1428,1353
549722,618.66,9.90000000000001,590.42,4.34999999999999,1026,-362,752,-437,1427,1353
549724,618.5,9.59999999999999,591.06,4.875,1025,-364,758,-431,1428,1358
549726,618.58,8.69999999999999,590.9,4.80000000000001,1026,-373,756,-432,1427,1355
549728,618.82,9.67500000000001,590.9,4.27500000000001,1027,-363,756,-437,1425,1354
549730,617.86,8.84999999999999,590.9,5.25,1018,-372,755,-427,1425,1355
549732,618.02,9.67500000000001,590.58,5.47499999999999,1019,-364,751,-425,1427,1353
549734,617.14,9.30000000000001,590.58,4.72499999999999,1011,-368,751,-433,1429,1352
549736,618.26,8.625,590.66,4.94999999999999,1021,-374,751,-431,1425,1354
549738,617.3,9.375,589.54,4.5,1011,-368,741,-435,1426,1351
549740,617.7,8.47499999999999,589.94,3.59999999999999,1015,-376,744,-445,1426,1352
549742,617.62,8.32499999999999,588.5,4.5,1014,-378,730,-436,1424,1351
549744,616.74,9.07499999999999,588.42,3.82499999999999,1005,-371,729,-443,1421,1354
549746,616.74,9,590.02,5.17500000000001,1004,-371,744,-428,1420,1351
549748,615.14,8.77500000000001,587.94,5.25,989,-375,722,-429,1419,1352
549750,614.98,8.84999999999999,588.66,4.34999999999999,986,-374,730,-438,1422,1358
549752,614.98,7.875,588.98,5.09999999999999,987,-384,732,-430,1425,1352
549754,614.58,8.40000000000001,588.66,4.34999999999999,983,-379,729,-438,1425,1351
549756,613.78,6.90000000000001,589.3,3.90000000000001,975,-395,735,-442,1419,1352
549758,614.58,7.875,589.22,4.5,982,-385,734,-436,1421,1348
549760,614.5,8.40000000000001,589.06,4.72499999999999,980,-380,732,-434,1421,1351
549762,613.62,7.875,588.98,3.90000000000001,971,-385,731,-443,1420,1351
549764,613.3,8.25,588.9,4.80000000000001,968,-382,729,-434,1423,1348
549766,613.54,8.02500000000001,588.98,4.27500000000001,970,-384,731,-439,1418,1349
549768,613.54,7.34999999999999,588.5,2.625,970,-391,726,-456,1419,1349
549770,612.34,7.875,588.74,3.97499999999999,958,-387,727,-443,1423,1345
549772,612.98,6.375,589.38,2.77500000000001,964,-402,734,-455,1419,1347
549774,612.9,6.75,588.82,2.92500000000001,964,-399,729,-453,1420,1346
549776,612.5,7.5,588.82,3.30000000000001,958,-391,728,-450,1419,1342
549778,612.26,6.30000000000001,589.54,2.77500000000001,957,-404,735,-455,1421,1348
549780,612.66,7.05000000000001,589.7,4.125,960,-396,736,-441,1418,1341
549782,612.82,6.90000000000001,589.3,2.55000000000001,961,-398,732,-458,1422,1343
549784,612.34,6.44999999999999,589.7,3.22499999999999,957,-403,736,-451,1422,1340
549786,612.82,6.44999999999999,590.1,2.47499999999999,961,-402,740,-458,1422,1344
549788,613.3,6.97499999999999,589.78,2.25,966,-397,737,-461,1417,1344
549790,613.3,5.92500000000001,591.06,1.94999999999999,966,-408,749,-464,1420,1342
549792,613.54,5.84999999999999,591.62,2.625,968,-409,754,-457,1415,1341
549794,613.38,6.30000000000001,591.46,2.92500000000001,967,-404,753,-453,1417,1343
549796,612.9,6.30000000000001,590.5,1.80000000000001,962,-405,744,-466,1420,1342
549798,612.98,5.69999999999999,591.38,2.17500000000001,963,-411,752,-462,1414,1344
549800,613.94,6.15000000000001,590.26,2.77500000000001,972,-406,742,-457,1414,1337
549802,613.94,5.92500000000001,591.06,1.65000000000001,972,-409,750,-468,1415,1341
549804,614.1,5.02500000000001,591.22,1.42500000000001,975,-418,752,-470,1416,1341
549806,613.62,4.125,592.02,1.05000000000001,971,-427,760,-473,1411,1340
549808,613.86,5.17500000000001,592.42,3,972,-417,763,-454,1411,1340
549810,614.02,5.84999999999999,592.42,2.47499999999999,973,-410,763,-459,1408,1342
549812,614.66,4.94999999999999,592.1,2.25,981,-419,761,-462,1411,1341
549814,614.82,4.34999999999999,592.42,2.25,983,-425,764,-462,1406,1339
549816,614.1,5.92500000000001,590.98,3.07499999999999,976,-410,750,-455,1410,1337
549818,614.82,5.09999999999999,591.94,2.32499999999999,983,-418,759,-462,1409,1340
549820,615.54,5.32499999999999,591.86,3,991,-415,758,-455,1407,1336
549822,615.06,4.94999999999999,590.98,1.94999999999999,986,-420,751,-466,1411,1339
549824,613.62,5.17500000000001,591.62,2.09999999999999,972,-419,757,-465,1407,1337
549826,615.14,4.65000000000001,592.34,2.55000000000001,987,-423,764,-460,1405,1340
549828,614.9,5.32499999999999,591.86,1.94999999999999,985,-417,760,-467,1412,1335
549830,614.66,5.17500000000001,591.62,1.125,983,-419,759,-475,1408,1338
549832,615.22,5.25,591.94,2.02500000000001,989,-417,762,-466,1408,1338
549834,614.9,4.42500000000001,591.46,1.94999999999999,986,-426,757,-467,1409,1331
549836,615.22,5.02500000000001,591.22,1.57499999999999,990,-420,756,-472,1406,1330
549838,614.1,4.65000000000001,591.22,2.02500000000001,979,-425,756,-467,1406,1335
549840,613.54,3.44999999999999,591.3,2.02500000000001,976,-438,758,-467,1405,1336
549842,613.54,3.90000000000001,592.74,1.34999999999999,975,-433,772,-473,1406,1335
549844,614.98,5.32499999999999,591.78,0.599999999999994,990,-418,765,-481,1409,1338
549846,613.94,4.65000000000001,591.22,1.80000000000001,980,-425,758,-470,1405,1331
549848,614.42,3.82499999999999,591.22,1.125,986,-433,759,-477,1407,1332
549850,614.02,4.5,591.46,0.824999999999989,982,-427,762,-480,1403,1334
549852,613.94,4.125,591.3,0.974999999999994,982,-431,761,-479,1405,1334
549854,614.66,3.82499999999999,592.66,-0.375,989,-433,775,-491,1409,1340
549856,613.78,3,590.98,0.974999999999994,981,-443,758,-479,1406,1332
549858,614.5,3.375,591.22,1.34999999999999,989,-439,761,-475,1403,1332
549860,614.82,2.32499999999999,591.78,0.675000000000011,993,-449,768,-481,1405,1337
549862,613.94,3.52500000000001,591.06,0.300000000000011,984,-437,761,-486,1406,1329
549864,613.86,2.84999999999999,591.38,1.42500000000001,985,-444,764,-474,1403,1327
549866,613.78,2.32499999999999,591.3,-0.449999999999989,984,-450,764,-494,1410,1335
549868,614.26,3.52500000000001,590.58,0.75,989,-438,758,-482,1408,1331
549870,612.58,2.625,591.22,-0.525000000000006,973,-448,764,-494,1407,1336
549872,612.98,3.15000000000001,590.42,0.300000000000011,977,-443,757,-487,1409,1333
549874,613.22,3.15000000000001,591.46,-0.375,979,-442,767,-494,1408,1338
549876,612.18,3.375,591.62,0.824999999999989,970,-441,770,-481,1404,1334
549878,612.5,2.55000000000001,590.9,0.300000000000011,974,-449,763,-487,1403,1333
549880,611.78,2.69999999999999,590.74,-0.375,968,-449,762,-494,1405,1328
549882,612.9,3.75,591.22,0.525000000000006,978,-437,766,-485,1405,1335
549884,612.58,3.90000000000001,590.58,0.224999999999994,975,-436,760,-488,1404,1330
549886,613.46,2.69999999999999,589.94,0.675000000000011,985,-447,754,-484,1407,1329
549888,612.74,3.67500000000001,591.22,0.75,977,-438,767,-483,1402,1330
549890,612.82,4.19999999999999,589.3,0.300000000000011,978,-433,749,-489,1405,1328
549892,613.14,3.90000000000001,590.98,0.150000000000006,981,-436,765,-489,1404,1330
549894,612.58,3.15000000000001,590.34,0.900000000000006,976,-444,758,-482,1402,1328
549896,612.26,3.52500000000001,589.94,1.125,973,-440,754,-480,1405,1326
549898,613.54,5.17500000000001,590.1,1.42500000000001,985,-422,757,-477,1405,1325
549900,612.98,3.67500000000001,590.34,2.69999999999999,980,-439,758,-463,1403,1322
549902,612.26,4.42500000000001,590.34,1.27500000000001,973,-431,759,-478,1409,1329
549904,612.9,3.67500000000001,589.86,0.449999999999989,980,-438,755,-487,1403,1331
549906,612.42,3.44999999999999,590.1,0.224999999999994,975,-441,757,-489,1406,1331
549908,612.9,3.15000000000001,589.14,1.42500000000001,980,-443,747,-478,1403,1330
549910,612.74,2.69999999999999,589.94,1.05000000000001,979,-448,755,-481,1407,1330
549912,612.26,3.75,589.86,0.824999999999989,973,-438,755,-483,1402,1328
549914,612.82,3.52500000000001,589.94,0.525000000000006,979,-440,756,-486,1407,1332
549916,613.06,3.67500000000001,590.34,0.824999999999989,982,-439,760,-483,1404,1329
549918,612.42,3.30000000000001,590.42,0.974999999999994,975,-442,760,-481,1402,1330
549920,612.26,3.52500000000001,589.54,1.34999999999999,974,-440,751,-478,1407,1330
549922,611.7,2.47499999999999,590.58,1.42500000000001,969,-451,762,-476,1403,1331
549924,612.66,2.77500000000001,589.7,0.0749999999999886,978,-447,754,-491,1404,1329
549926,612.18,2.92500000000001,590.34,0.75,973,-446,759,-483,1404,1329
549928,612.58,2.32499999999999,589.54,0.675000000000011,977,-452,752,-485,1407,1328
549930,611.78,2.25,590.02,0.0749999999999886,969,-453,756,-490,1403,1330
549932,611.86,2.40000000000001,590.02,-0.150000000000006,970,-451,757,-493,1403,1330
549934,612.1,2.32499999999999,589.78,0.0749999999999886,972,-452,754,-491,1404,1333
549936,612.5,2.47499999999999,589.22,0.0749999999999886,976,-450,749,-490,1407,1332
549938,612.18,2.25,589.14,0.375,973,-453,747,-488,1404,1333
549940,612.5,2.32499999999999,590.42,1.05000000000001,976,-452,759,-480,1404,1327
549942,612.5,2.25,589.06,-0.675000000000011,976,-453,747,-498,1406,1332
549944,613.06,2.25,590.5,-0.675000000000011,981,-452,761,-498,1406,1333
549946,613.78,2.02500000000001,589.46,-0.75,989,-454,751,-499,1404,1334
549948,612.58,3,589.86,0,976,-445,754,-491,1404,1330
549950,613.3,1.65000000000001,589.46,0.0749999999999886,984,-459,750,-491,1406,1328
549952,612.58,1.80000000000001,589.7,0.449999999999989,977,-458,752,-487,1407,1326
549954,613.46,1.5,590.18,0.449999999999989,986,-460,757,-487,1408,1328
549956,613.38,2.84999999999999,589.86,0.0749999999999886,984,-446,754,-491,1407,1326
549958,612.5,1.80000000000001,590.74,0,976,-457,763,-491,1406,1328
549960,612.34,1.875,589.62,0.449999999999989,974,-457,751,-487,1406,1330
549962,612.98,1.72499999999999,590.18,0.0749999999999886,980,-458,757,-490,1408,1324
549964,612.74,1.65000000000001,590.02,0.300000000000011,978,-459,755,-488,1403,1327
549966,612.9,2.17500000000001,589.54,-0.75,979,-453,751,-499,1407,1337
549968,613.46,1.80000000000001,591.06,-0.824999999999989,985,-457,766,-499,1410,1333
549970,612.98,2.02500000000001,589.7,-1.05000000000001,980,-455,752,-502,1409,1334
549972,612.82,2.84999999999999,589.78,-0.824999999999989,977,-447,753,-500,1408,1332
549974,612.58,2.77500000000001,590.1,-0.974999999999994,975,-448,756,-501,1409,1333
549976,613.22,1.80000000000001,589.14,0.150000000000006,981,-457,746,-490,1411,1332
549978,612.42,1.80000000000001,590.1,-0.224999999999994,974,-458,755,-493,1408,1332
549980,611.86,2.09999999999999,589.7,-0.824999999999989,968,-455,751,-499,1407,1333
549982,612.74,1.42500000000001,589.7,-0.974999999999994,977,-461,751,-501,1409,1335
549984,612.98,2.625,589.62,-1.34999999999999,978,-448,751,-505,1409,1333
549986,612.98,2.09999999999999,589.38,-1.05000000000001,979,-454,748,-502,1412,1331
549988,613.54,2.40000000000001,589.62,-0.900000000000006,984,-450,751,-500,1410,1336
549990,613.06,1.80000000000001,589.22,-1.05000000000001,980,-457,747,-503,1412,1333
549992,613.06,2.47499999999999,589.86,-0.300000000000011,979,-450,752,-494,1409,1333
549994,613.38,1.80000000000001,590.26,-0.974999999999994,982,-457,756,-501,1410,1331
549996,613.7,1.57499999999999,589.46,-0.974999999999994,985,-459,748,-501,1412,1331
549998,614.42,2.25,589.94,-0.150000000000006,992,-451,752,-492,1410,1333
550000,613.62,1.80000000000001,589.7,-2.02500000000001,984,-456,751,-511,1411,1337
550002,613.46,1.42500000000001,589.46,-0.449999999999989,983,-460,748,-496,1411,1330
550004,614.26,2.02500000000001,590.02,-0.75,990,-454,753,-499,1410,1335
550006,613.94,1.94999999999999,589.86,-1.05000000000001,987,-455,751,-502,1413,1335
550008,614.02,2.40000000000001,588.9,-0.525000000000006,987,-450,742,-497,1410,1334
550010,614.18,2.17500000000001,590.02,-0.75,989,-452,753,-498,1410,1334
550012,614.58,1.72499999999999,590.34,-0.300000000000011,993,-456,756,-493,1413,1335
550014,614.26,1.57499999999999,589.62,0.300000000000011,990,-458,748,-488,1414,1337
550016,614.18,1.65000000000001,590.5,-1.57499999999999,990,-458,758,-506,1411,1336
550018,614.58,1.72499999999999,590.02,-0.900000000000006,993,-456,753,-500,1413,1333
550020,615.14,2.55000000000001,589.78,-0.974999999999994,998,-448,751,-501,1412,1336
550022,614.98,1.875,589.62,-1.5,997,-455,749,-506,1414,1335
550024,614.58,1.72499999999999,590.18,-0.599999999999994,993,-456,755,-497,1413,1334
550026,615.22,1.94999999999999,590.98,-2.02500000000001,999,-454,763,-511,1413,1339
550028,614.26,1.80000000000001,590.58,-1.125,990,-456,758,-502,1412,1334
550030,615.06,1.19999999999999,589.62,-1.19999999999999,998,-462,749,-504,1416,1338
550032,615.3,2.69999999999999,589.22,-0.375,999,-447,745,-496,1416,1335
550034,614.58,2.69999999999999,589.38,-0.824999999999989,992,-447,747,-500,1417,1335
550036,614.82,2.40000000000001,589.7,-0.75,994,-450,749,-500,1411,1338
550038,614.74,2.84999999999999,589.62,0.75,994,-445,748,-484,1411,1335
550040,613.7,3.15000000000001,590.42,-0.525000000000006,984,-443,756,-497,1413,1335
550042,614.5,3.22499999999999,589.14,0.599999999999994,991,-442,743,-486,1416,1337
550044,614.42,2.25,589.62,0.974999999999994,991,-452,748,-482,1414,1333
550046,614.42,4.125,588.9,0.0749999999999886,990,-433,741,-492,1418,1334
550048,614.98,4.80000000000001,588.26,-0.449999999999989,995,-426,735,-498,1419,1338
550050,615.54,3.07499999999999,589.22,0.599999999999994,1002,-443,744,-487,1411,1331
550052,614.82,4.5,588.9,0.525000000000006,993,-430,741,-488,1418,1339
550054,615.3,5.84999999999999,588.5,0.449999999999989,997,-416,737,-488,1425,1337
550056,615.38,4.42500000000001,588.58,0.300000000000011,998,-430,738,-491,1419,1337
550058,615.54,4.34999999999999,589.38,0.0749999999999886,1001,-430,745,-492,1423,1341
550060,615.7,5.25,588.34,1.65000000000001,1002,-421,734,-476,1424,1336
550062,616.9,5.625,588.42,0.300000000000011,1013,-416,736,-491,1417,1337
550064,615.62,4.72499999999999,589.7,1.19999999999999,1001,-427,748,-481,1423,1337
550066,615.86,5.32499999999999,589.94,-0.150000000000006,1003,-420,751,-494,1426,1340
550068,616.18,5.69999999999999,590.18,0.375,1006,-416,754,-489,1426,1340
550070,615.78,5.40000000000001,588.58,-0.224999999999994,1002,-419,738,-496,1428,1334
550072,616.1,5.55000000000001,589.22,-0.150000000000006,1006,-417,744,-494,1424,1337
550074,616.66,4.57499999999999,590.5,-0.150000000000006,1012,-427,757,-493,1426,1341
550076,617.78,5.77500000000001,589.06,-0.0749999999999886,1022,-414,743,-493,1427,1342
550078,616.9,5.02500000000001,590.34,-1.05000000000001,1014,-422,756,-502,1425,1337
550080,617.3,3.375,589.86,-0.300000000000011,1019,-439,751,-494,1422,1340
550082,617.22,4.125,589.86,-0.824999999999989,1018,-431,751,-500,1426,1338
550084,617.46,3,590.74,-1.42500000000001,1021,-442,760,-505,1424,1341
550086,617.38,3.22499999999999,589.94,0.224999999999994,1020,-440,752,-489,1423,1340
550088,616.9,3,589.78,-1.05000000000001,1015,-442,751,-502,1429,1338
550090,617.7,3.59999999999999,590.18,0.0749999999999886,1023,-436,754,-490,1426,1340
550092,618.02,3.07499999999999,589.7,0.224999999999994,1026,-440,750,-489,1420,1338
550094,617.62,4.05000000000001,589.46,-0.599999999999994,1022,-430,747,-497,1425,1343
550096,617.38,4.27500000000001,589.7,0.525000000000006,1020,-428,750,-485,1425,1340
550098,617.7,3.52500000000001,589.06,0.824999999999989,1023,-436,743,-482,1423,1341
550100,616.42,4.34999999999999,588.18,1.27500000000001,1010,-428,734,-478,1428,1337
550102,616.18,5.55000000000001,589.3,1.27500000000001,1008,-415,746,-477,1427,1341
550104,617.06,5.84999999999999,588.02,2.55000000000001,1016,-411,733,-465,1433,1339
550106,616.5,7.5,588.42,1.72499999999999,1010,-395,737,-473,1426,1344
550108,616.42,7.42500000000001,587.38,2.02500000000001,1010,-395,726,-470,1427,1342
550110,616.66,8.09999999999999,587.78,3.44999999999999,1012,-388,730,-455,1427,1340
550112,616.02,8.625,588.26,2.92500000000001,1005,-382,735,-460,1431,1340
550114,616.5,8.84999999999999,589.14,3.59999999999999,1009,-380,743,-452,1431,1344
550116,616.18,8.84999999999999,587.54,4.42500000000001,1006,-379,727,-444,1434,1339
550118,616.02,9.82499999999999,587.38,4.57499999999999,1005,-369,725,-442,1433,1343
550120,616.02,9.44999999999999,587.62,4.80000000000001,1004,-373,728,-439,1432,1342
550122,616.58,10.275,587.94,4.5,1009,-364,731,-442,1435,1341
550124,616.9,9.90000000000001,588.26,3.375,1013,-367,734,-453,1432,1345
550126,617.06,10.275,587.94,4.65000000000001,1014,-363,731,-440,1430,1342
550128,617.3,9.67500000000001,588.42,3.67500000000001,1016,-368,735,-449,1431,1345
550130,616.82,10.2,589.38,3.67500000000001,1012,-363,745,-448,1437,1343
550132,617.54,9.22499999999999,588.26,2.69999999999999,1019,-372,735,-458,1432,1342
550134,617.7,8.55000000000001,589.54,3.375,1021,-379,747,-451,1437,1345
550136,617.14,8.92500000000001,588.82,2.84999999999999,1016,-375,740,-456,1435,1343
550138,617.46,9.44999999999999,589.78,3.15000000000001,1019,-369,749,-453,1433,1342
550140,618.26,9.30000000000001,589.22,1.80000000000001,1026,-370,744,-466,1433,1346
550142,617.94,8.69999999999999,589.06,2.84999999999999,1023,-376,742,-456,1433,1347
550144,618.26,8.69999999999999,588.58,2.55000000000001,1026,-376,737,-459,1435,1343
550146,618.18,8.40000000000001,589.54,2.40000000000001,1025,-380,747,-460,1433,1347
550148,618.82,7.27500000000001,589.7,1.27500000000001,1033,-391,749,-472,1435,1348
550150,618.66,7.125,589.54,0.75,1031,-392,747,-477,1434,1347
550152,619.06,7.5,589.7,2.02500000000001,1034,-389,748,-464,1435,1346
550154,618.74,7.5,589.78,0.900000000000006,1031,-389,749,-476,1435,1339
550156,618.42,6.52500000000001,588.9,1.80000000000001,1028,-400,740,-467,1435,1340
550158,618.1,6.44999999999999,589.46,1.19999999999999,1025,-401,746,-474,1436,1342
550160,618.26,5.69999999999999,589.3,0.224999999999994,1027,-409,745,-484,1438,1340
550162,617.46,5.77500000000001,589.54,0.599999999999994,1019,-408,747,-480,1441,1343
550164,617.62,5.69999999999999,590.18,1.19999999999999,1021,-410,753,-475,1439,1347
550166,618.1,6.22499999999999,588.42,-0.525000000000006,1025,-405,737,-494,1438,1346
550168,614.34,6.82499999999999,587.06,0.525000000000006,988,-402,722,-485,1441,1348
550170,609.06,9.75,583.14,1.27500000000001,934,-376,684,-480,1435,1350
550172,598.9,12.675,573.46,1.94999999999999,833,-355,588,-481,1439,1351
550174,585.38,15.9,560.26,3,698,-331,457,-480,1442,1350
550176,569.7,21.225,543.54,6.375,540,-288,289,-458,1447,1351
550178,549.3,24.375,524.42,6.07499999999999,336,-270,100,-474,1451,1354
550180,528.66,27.9,501.38,8.02500000000001,130,-249,-128,-472,1459,1357
550182,505.94,30.3,480.66,10.125,-97,-240,-336,-464,1462,1357
550184,484.74,34.65,458.74,11.925,-311,-211,-555,-462,1458,1354
550186,463.94,36.225,436.9,13.875,-520,-209,-775,-458,1459,1354
550188,445.3,37.575,415.3,14.85,-707,-209,-992,-464,1451,1356
550190,427.62,38.775,394.66,15.225,-886,-209,-1199,-475,1442,1351
550192,407.78,39.075,374.58,15.6,-1085,-221,-1401,-486,1435,1346
550194,392.98,38.925,357.38,17.625,-1233,-233,-1575,-477,1432,1341
550196,379.06,40.575,339.62,16.65,-1374,-227,-1754,-501,1425,1336
550198,366.9,41.025,323.7,18.075,-1497,-231,-1915,-498,1424,1336
550200,358.58,42,311.3,20.025,-1582,-227,-2042,-487,1422,1337
550202,353.7,42.6,303.38,19.2,-1631,-225,-2122,-501,1418,1341
550204,351.94,41.85,299.14,20.25,-1649,-234,-2165,-494,1423,1339
550206,352.74,42.675,298.58,19.95,-1642,-225,-2171,-498,1419,1343
550208,353.94,41.175,299.46,20.7,-1628,-241,-2162,-491,1425,1340
550210,354.9,40.2,302.42,20.55,-1618,-251,-2132,-490,1426,1344
550212,354.9,39.975,304.5,19.575,-1617,-253,-2110,-499,1425,1341
550214,354.42,40.05,305.38,19.275,-1623,-253,-2102,-502,1426,1345
550216,353.62,40.275,304.5,18.6,-1630,-251,-2109,-510,1428,1348
550218,352.58,39.675,302.98,17.55,-1640,-258,-2124,-522,1425,1338
550220,352.42,40.575,300.5,17.475,-1642,-250,-2149,-525,1425,1338
550222,352.1,42,299.46,18.375,-1647,-235,-2161,-516,1426,1337
550224,352.66,41.775,299.78,18.375,-1641,-237,-2157,-516,1427,1337
550226,352.66,41.4,299.62,18.975,-1641,-242,-2159,-510,1427,1335
550228,353.14,41.775,300.42,19.8,-1636,-237,-2151,-501,1427,1337
550230,353.14,41.775,301.06,19.575,-1636,-237,-2145,-503,1429,1334
550232,352.66,41.625,302.9,19.575,-1640,-239,-2125,-501,1429,1338
550234,351.86,40.725,302.58,18.9,-1647,-249,-2128,-509,1430,1342
550236,352.18,40.95,303.46,18.45,-1644,-246,-2118,-513,1429,1340
550238,352.34,41.4,302.26,17.625,-1643,-242,-2130,-522,1430,1347
550240,351.94,41.475,302.58,16.8,-1646,-241,-2126,-531,1431,1347
550242,351.62,40.95,303.22,16.8,-1649,-247,-2119,-530,1428,1347
550244,350.18,40.5,302.58,17.175,-1664,-252,-2126,-526,1436,1346
550246,350.34,40.35,303.86,17.7,-1662,-253,-2113,-520,1434,1344
550248,350.5,39.9,303.06,16.5,-1659,-258,-2120,-533,1430,1349
550250,349.78,39,303.62,17.175,-1666,-268,-2115,-526,1436,1344
550252,349.94,39.45,305.22,16.275,-1664,-263,-2098,-533,1435,1344
550254,350.02,40.05,304.34,16.5,-1664,-257,-2106,-532,1434,1343
550256,349.54,39.9,304.5,16.95,-1668,-258,-2104,-526,1437,1339
550258,349.7,39.975,304.5,16.275,-1666,-257,-2104,-534,1435,1342
550260,349.62,38.475,304.98,16.725,-1666,-272,-2099,-528,1439,1344
550262,348.98,38.475,304.02,16.2,-1672,-273,-2108,-534,1440,1348
550264,348.58,39.15,303.86,16.95,-1676,-266,-2110,-527,1440,1350
550266,348.74,38.475,302.9,16.875,-1674,-273,-2120,-528,1443,1351
550268,348.26,38.625,303.7,15,-1678,-271,-2110,-546,1442,1350
550270,348.42,37.8,304.26,17.175,-1676,-279,-2106,-524,1435,1353
550272,348.66,37.725,304.1,15.525,-1673,-279,-2105,-540,1438,1354
550274,348.02,38.175,304.42,15.45,-1680,-275,-2103,-540,1439,1352
550276,347.7,38.175,304.74,16.275,-1683,-275,-2099,-531,1439,1349
550278,348.1,38.025,303.54,16.125,-1679,-276,-2111,-534,1440,1351
550280,347.86,38.475,305.3,17.7,-1681,-271,-2095,-516,1440,1345
550282,348.26,38.7,304.5,15.975,-1677,-268,-2101,-534,1442,1354
550284,348.18,37.425,303.94,16.125,-1676,-281,-2106,-533,1440,1351
550286,347.54,38.7,304.34,15.45,-1684,-268,-2101,-539,1441,1351
550288,347.7,38.55,305.06,16.8,-1682,-269,-2095,-524,1439,1342
550290,347.54,37.8,304.98,15.975,-1683,-277,-2095,-533,1443,1350
550292,347.62,38.325,305.06,16.725,-1682,-271,-2094,-524,1443,1349
550294,346.98,37.725,304.5,16.875,-1687,-278,-2100,-523,1444,1352
550296,347.7,38.925,304.82,17.1,-1681,-264,-2097,-520,1441,1351
550298,347.38,38.025,305.62,16.575,-1683,-274,-2089,-525,1440,1353
550300,347.54,38.475,304.82,16.05,-1682,-269,-2096,-530,1440,1352
550302,346.74,38.4,305.46,16.65,-1690,-270,-2090,-523,1440,1351
550304,345.94,38.25,305.22,17.025,-1698,-271,-2092,-519,1444,1350
550306,346.9,38.775,305.86,16.2,-1689,-266,-2085,-527,1444,1350
550308,347.06,38.325,306.34,16.05,-1686,-270,-2081,-528,1440,1351
550310,346.9,38.1,305.38,16.125,-1688,-272,-2090,-528,1442,1354
550312,346.74,37.65,305.86,16.125,-1689,-276,-2085,-527,1443,1349
550314,345.78,37.425,305.38,15.225,-1699,-279,-2089,-536,1444,1350
550316,345.78,38.025,305.78,15.225,-1699,-273,-2085,-536,1446,1350
550318,345.7,36.45,305.06,14.55,-1699,-289,-2092,-544,1445,1351
550320,345.78,37.425,304.98,13.725,-1698,-278,-2092,-552,1442,1354
550322,345.54,36.75,303.86,12.675,-1700,-286,-2102,-564,1444,1357
550324,345.38,35.775,304.42,13.05,-1701,-296,-2096,-559,1444,1355
550326,345.38,36.3,305.3,11.475,-1702,-290,-2087,-575,1444,1357
550328,346.42,36.15,304.02,10.725,-1691,-291,-2099,-583,1444,1361
550330,345.38,35.775,304.02,12.3,-1701,-296,-2100,-567,1444,1356
550332,345.7,35.325,304.18,12.075,-1698,-300,-2099,-569,1447,1357
550334,345.38,35.625,303.54,12.825,-1701,-297,-2106,-562,1446,1353
550336,345.54,36.075,304.18,10.725,-1700,-292,-2097,-583,1443,1355
550338,345.38,35.775,303.14,12.9,-1701,-296,-2109,-562,1444,1355
550340,345.38,35.7,303.86,13.425,-1701,-296,-2103,-556,1442,1356
550342,345.06,35.625,302.66,14.25,-1704,-298,-2116,-548,1445,1359
550344,344.82,35.85,303.14,12.525,-1707,-296,-2110,-565,1444,1362
550346,344.42,35.55,303.94,12.525,-1711,-299,-2102,-565,1446,1359
550348,344.34,35.925,303.54,13.2,-1713,-295,-2106,-558,1447,1357
550350,344.34,35.25,303.06,13.275,-1712,-302,-2112,-558,1446,1359
550352,344.58,35.625,303.94,11.925,-1710,-298,-2102,-571,1445,1361
550354,344.02,34.5,302.26,12.15,-1715,-310,-2119,-570,1448,1363
550356,344.42,35.25,303.22,12.6,-1711,-302,-2110,-565,1445,1359
550358,343.38,34.95,302.98,13.275,-1722,-306,-2112,-558,1449,1357
550360,344.42,34.65,302.74,13.125,-1712,-308,-2115,-560,1449,1357
550362,344.98,35.025,303.22,10.875,-1706,-304,-2108,-583,1446,1371
550364,343.46,34.425,303.54,10.65,-1722,-312,-2106,-585,1449,1370
550366,344.02,34.65,303.38,11.325,-1716,-309,-2108,-578,1452,1371
550368,344.9,35.325,302.82,10.35,-1708,-302,-2113,-589,1450,1372
550370,343.7,34.275,303.62,11.25,-1719,-313,-2106,-579,1453,1368
550372,344.1,34.95,303.14,12.675,-1716,-305,-2112,-564,1450,1365
550374,344.18,35.025,303.06,9,-1715,-305,-2109,-602,1449,1374
550376,344.42,34.8,304.18,9.44999999999999,-1713,-307,-2099,-597,1452,1373
550378,344.74,34.725,305.14,10.425,-1710,-308,-2090,-586,1450,1373
550380,344.5,34.275,305.46,11.4,-1712,-312,-2088,-576,1451,1371
550382,343.62,34.65,304.82,11.55,-1721,-309,-2095,-574,1450,1368
550384,343.78,35.4,303.62,10.65,-1721,-301,-2107,-584,1453,1368
550386,340.58,35.85,300.74,9.67500000000001,-1753,-298,-2134,-597,1453,1366
550388,333.86,36.375,293.46,10.2,-1822,-297,-2209,-596,1450,1363
550390,325.94,36.825,284.18,9.52500000000001,-1902,-298,-2302,-610,1451,1369
550392,314.02,39.225,272.82,10.275,-2026,-281,-2419,-609,1450,1365
550394,302.66,39.225,257.78,8.02500000000001,-2141,-289,-2569,-643,1450,1371
550396,290.34,39.075,245.86,8.55000000000001,-2266,-299,-2691,-646,1446,1369
550398,279.94,36.75,234.26,9.67500000000001,-2370,-330,-2810,-643,1451,1366
550400,272.58,36.375,225.14,9.52500000000001,-2445,-339,-2904,-651,1438,1364
550402,267.3,34.8,216.98,8.55000000000001,-2497,-360,-2986,-666,1433,1365
550404,262.66,34.575,211.54,7.72499999999999,-2544,-364,-3041,-679,1433,1362
550406,260.98,33,209.86,7.125,-2560,-382,-3058,-686,1427,1365
550408,261.54,32.55,209.54,6.82499999999999,-2554,-386,-3061,-689,1427,1365
550410,262.82,33.15,209.78,6.82499999999999,-2542,-379,-3058,-689,1424,1361
550412,263.22,33.45,210.1,6.375,-2539,-375,-3056,-693,1424,1362
550414,262.9,33.45,210.66,6.15000000000001,-2542,-376,-3050,-695,1423,1365
550416,263.22,33.45,210.82,5.25,-2539,-375,-3047,-704,1426,1364
550418,262.1,34.425,211.62,5.47499999999999,-2552,-366,-3040,-701,1430,1362
550420,261.7,33.6,211.62,6,-2556,-374,-3041,-695,1433,1365
550422,260.82,33.225,210.58,6.30000000000001,-2564,-379,-3052,-693,1428,1363
550424,260.74,33.675,210.1,5.47499999999999,-2566,-374,-3056,-701,1431,1363
550426,259.62,33.525,210.34,5.17500000000001,-2577,-376,-3054,-704,1429,1361
550428,260.1,34.275,209.22,6.59999999999999,-2573,-367,-3067,-690,1432,1365
550430,260.74,33.525,209.38,5.55000000000001,-2566,-375,-3064,-701,1433,1364
550432,259.62,33.225,209.22,6.97499999999999,-2577,-379,-3067,-686,1432,1364
550434,259.46,32.85,209.78,6.97499999999999,-2578,-383,-3062,-686,1431,1365
550436,259.14,32.775,208.9,7.65000000000001,-2582,-384,-3071,-679,1433,1359
550438,259.3,32.1,208.98,5.32499999999999,-2580,-390,-3069,-703,1435,1370
550440,258.9,31.575,209.14,4.65000000000001,-2584,-396,-3067,-710,1433,1369
550442,258.26,32.25,209.3,5.25,-2591,-390,-3066,-704,1431,1368
550444,258.18,31.35,208.98,4.27500000000001,-2592,-399,-3069,-714,1435,1367
550446,258.34,31.8,208.66,3.52500000000001,-2591,-395,-3071,-723,1433,1369
550448,258.1,31.5,208.98,4.875,-2594,-398,-3069,-708,1433,1369
550450,257.86,30.675,209.3,4.125,-2595,-406,-3066,-716,1430,1373
550452,258.26,30.675,208.5,3.82499999999999,-2592,-406,-3074,-720,1432,1369
550454,257.78,30.675,208.66,4.57499999999999,-2596,-407,-3073,-712,1434,1367
550456,257.62,30.6,208.98,2.77500000000001,-2598,-408,-3069,-730,1434,1375
550458,258.18,30.075,209.22,2.02500000000001,-2592,-413,-3065,-738,1438,1371
550460,258.5,30,209.38,3.44999999999999,-2589,-414,-3065,-723,1441,1368
550462,258.42,29.7,210.42,4.05000000000001,-2590,-417,-3055,-716,1437,1368
550464,258.1,28.725,209.62,2.25,-2592,-428,-3062,-736,1439,1370
550466,258.18,29.1,210.34,0.824999999999989,-2592,-424,-3054,-750,1440,1370
550468,258.26,29.025,210.02,1.875,-2591,-425,-3058,-740,1441,1373
550470,258.34,28.5,209.7,1.27500000000001,-2590,-430,-3061,-747,1439,1375
550472,258.02,28.35,210.02,0.675000000000011,-2594,-433,-3057,-753,1441,1370
550474,257.78,27.975,210.1,0.974999999999994,-2595,-437,-3056,-750,1440,1374
550476,257.62,29.1,209.7,2.25,-2598,-426,-3062,-738,1435,1368
550478,258.02,27.9,209.78,0.150000000000006,-2592,-438,-3059,-759,1439,1373
550480,257.14,29.4,209.78,1.57499999999999,-2603,-424,-3060,-745,1435,1368
550482,257.38,28.2,209.78,-0.449999999999989,-2600,-436,-3059,-766,1439,1373
550484,256.98,29.025,209.94,0.150000000000006,-2605,-428,-3057,-760,1436,1372
550486,258.1,28.425,210.26,0.675000000000011,-2592,-434,-3055,-755,1436,1368
550488,257.22,28.5,209.3,0.150000000000006,-2601,-434,-3063,-761,1436,1374
550490,258.18,28.275,210.5,0.150000000000006,-2592,-435,-3052,-760,1440,1370
550492,257.46,28.95,209.86,1.34999999999999,-2599,-430,-3058,-749,1439,1373
550494,257.46,28.725,209.94,0.599999999999994,-2599,-432,-3057,-756,1441,1371
550496,257.14,29.025,210.02,0.974999999999994,-2602,-429,-3056,-753,1436,1372
550498,257.7,28.875,209.3,0,-2596,-430,-3063,-763,1440,1378
550500,257.14,28.875,210.02,1.125,-2601,-431,-3056,-751,1440,1372
550502,257.54,28.65,209.86,0.449999999999989,-2597,-433,-3057,-759,1438,1370
550504,257.38,28.725,210.58,1.5,-2599,-433,-3050,-748,1441,1370
550506,257.46,28.875,210.26,0.824999999999989,-2598,-431,-3053,-754,1439,1370
550508,257.94,28.5,210.02,0.150000000000006,-2592,-435,-3054,-762,1440,1374
550510,257.46,29.25,210.18,1.72499999999999,-2598,-428,-3055,-746,1437,1373
550512,256.74,28.8,210.34,0.974999999999994,-2605,-433,-3052,-754,1440,1369
550514,257.14,29.25,210.74,0.675000000000011,-2601,-428,-3048,-757,1438,1369
550516,256.98,29.55,211.22,0.0749999999999886,-2603,-426,-3042,-763,1439,1374
550518,256.5,29.025,210.42,0.675000000000011,-2607,-431,-3051,-757,1437,1372
550520,257.06,28.35,210.02,0.675000000000011,-2601,-438,-3055,-757,1441,1371
550522,257.14,28.425,210.42,0.224999999999994,-2601,-438,-3050,-762,1442,1373
550524,257.7,27.975,210.74,0.375,-2594,-442,-3047,-760,1438,1372
550526,256.98,28.05,210.98,-0.0749999999999886,-2602,-441,-3044,-765,1439,1373
550528,257.38,28.95,210.82,0.224999999999994,-2599,-431,-3047,-762,1439,1377
550530,254.66,29.1,208.98,-0.150000000000006,-2626,-432,-3065,-767,1444,1374
550532,250.82,28.725,206.74,-0.675000000000011,-2664,-438,-3087,-774,1441,1378
550534,244.42,29.175,199.7,-2.09999999999999,-2730,-438,-3157,-794,1442,1376
550536,236.18,32.4,190.42,-2.25,-2817,-411,-3252,-803,1440,1382
550538,224.02,33.375,177.94,-2.47499999999999,-2942,-409,-3379,-813,1444,1374
550540,211.54,34.275,164.58,-3,-3071,-409,-3515,-829,1447,1373
550542,199.14,34.5,149.7,-5.55,-3197,-415,-3665,-866,1446,1375
550544,188.1,32.325,136.9,-4.57499999999999,-3308,-446,-3797,-865,1442,1369
550546,179.54,29.85,128.18,-4.5,-3393,-478,-3887,-871,1438,1371
550548,174.58,27.15,121.46,-4.42500000000001,-3442,-509,-3956,-875,1432,1363
550550,173.94,26.325,120.1,-4.05000000000001,-3448,-518,-3970,-872,1423,1366
550552,174.02,26.55,120.58,-1.80000000000001,-3447,-516,-3967,-849,1420,1355
550554,176.5,27.075,122.82,-3,-3422,-509,-3943,-859,1419,1364
550556,177.38,27.225,125.3,-3.52500000000001,-3413,-507,-3917,-863,1417,1360
550558,178.5,27.75,125.62,-3.30000000000001,-3402,-500,-3913,-860,1422,1365
550560,179.22,27.6,126.74,-4.80000000000001,-3394,-501,-3900,-875,1424,1368
550562,178.74,27.3,125.54,-6.90000000000001,-3399,-505,-3910,-898,1425,1366
550564,177.22,28.125,125.06,-7.2,-3414,-497,-3915,-901,1428,1362
550566,176.1,27.75,124.82,-7.95,-3425,-502,-3917,-909,1426,1365
550568,175.46,27.675,124.18,-5.925,-3432,-504,-3925,-889,1424,1361
550570,175.3,28.125,122.9,-5.40000000000001,-3435,-499,-3939,-884,1432,1363
550572,175.22,28.5,122.98,-5.625,-3436,-495,-3938,-886,1425,1362
550574,175.14,27.3,123.7,-5.55,-3435,-508,-3930,-885,1422,1361
550576,175.38,27.3,124.26,-5.09999999999999,-3432,-508,-3925,-880,1425,1366
550578,175.14,25.65,123.22,-4.875,-3433,-525,-3936,-878,1432,1364
550580,174.34,25.425,123.22,-5.175,-3442,-527,-3935,-881,1427,1365
550582,174.26,25.65,123.3,-4.27500000000001,-3442,-525,-3935,-873,1429,1364
550584,174.34,26.175,124.02,-6.15000000000001,-3442,-520,-3926,-891,1423,1369
550586,174.5,25.875,123.54,-6.375,-3440,-523,-3931,-893,1423,1363
550588,173.7,26.85,123.94,-5.55,-3449,-513,-3928,-885,1422,1361
550590,173.7,26.175,123.38,-7.65000000000001,-3448,-519,-3931,-907,1424,1366
550592,172.9,27.075,123.38,-6.675,-3458,-511,-3933,-896,1424,1363
550594,172.74,26.175,124.26,-6.59999999999999,-3458,-521,-3923,-895,1426,1364
550596,172.74,28.05,123.62,-6,-3460,-501,-3931,-890,1424,1365
550598,172.34,26.85,123.62,-6.45,-3463,-514,-3930,-894,1423,1364
550600,173.22,26.775,123.78,-6.52500000000001,-3454,-514,-3928,-894,1423,1361
550602,172.66,26.475,124.5,-5.625,-3460,-517,-3922,-884,1421,1365
550604,172.5,25.65,123.3,-6.075,-3461,-525,-3934,-890,1425,1364
550606,172.26,24.15,123.78,-6.075,-3462,-541,-3929,-889,1425,1362
550608,172.26,24.6,124.02,-6.675,-3462,-536,-3926,-895,1421,1367
550610,173.46,25.5,124.1,-6.90000000000001,-3451,-525,-3925,-897,1427,1366
550612,172.18,25.125,124.26,-6.375,-3463,-530,-3923,-891,1423,1362
550614,172.26,24.825,123.94,-7.5,-3462,-533,-3926,-903,1422,1368
550616,172.18,24.975,124.18,-7.95,-3463,-531,-3923,-907,1423,1363
550618,172.1,25.35,124.74,-6.75,-3465,-528,-3919,-894,1424,1361
550620,172.02,24.675,123.94,-9.22499999999999,-3464,-534,-3924,-920,1424,1366
550622,170.82,25.725,124.34,-7.27500000000001,-3478,-524,-3922,-900,1423,1369
550624,171.22,24.525,124.1,-6.375,-3472,-536,-3925,-890,1424,1364
550626,171.62,25.5,123.46,-8.09999999999999,-3469,-525,-3930,-909,1425,1368
550628,171.38,23.85,123.78,-7.95,-3470,-543,-3927,-907,1425,1367
550630,170.82,24.15,124.1,-8.77500000000001,-3476,-539,-3923,-915,1425,1371
550632,171.86,24.9,124.42,-7.34999999999999,-3466,-531,-3921,-900,1426,1374
550634,171.22,24,124.9,-8.55,-3472,-541,-3914,-912,1424,1372
550636,171.06,24.3,124.26,-8.55,-3474,-538,-3921,-912,1425,1373
550638,170.9,22.8,124.34,-8.02500000000001,-3474,-554,-3921,-906,1423,1372
550640,171.7,23.475,125.06,-8.40000000000001,-3467,-545,-3913,-910,1423,1374
550642,171.06,25.05,124.42,-8.175,-3475,-529,-3920,-908,1424,1367
550644,171.54,22.95,124.58,-7.8,-3467,-551,-3918,-904,1423,1367
550646,170.26,23.775,124.1,-8.55,-3481,-543,-3922,-912,1428,1368
550648,170.82,23.1,123.54,-8.625,-3474,-550,-3928,-913,1426,1367
550650,171.38,23.925,124.42,-7.2,-3469,-541,-3920,-898,1428,1364
550652,170.66,23.7,124.1,-8.7,-3476,-544,-3922,-913,1428,1371
550654,171.22,23.175,123.3,-8.7,-3470,-549,-3930,-914,1426,1370
550656,171.06,23.025,124.58,-8.55,-3471,-551,-3917,-912,1426,1364
550658,170.58,22.5,124.58,-8.325,-3476,-556,-3917,-909,1428,1363
550660,171.54,22.2,125.3,-8.7,-3465,-558,-3909,-913,1436,1369
550662,170.5,21.45,124.42,-10.575,-3476,-567,-3916,-933,1432,1372
550664,170.18,21.825,124.18,-10.35,-3479,-564,-3919,-930,1430,1371
550666,170.66,22.05,124.02,-10.875,-3474,-561,-3920,-936,1428,1374
550668,170.66,21.6,124.82,-10.35,-3473,-566,-3912,-930,1426,1376
550670,170.82,21.9,124.42,-10.875,-3473,-563,-3915,-936,1427,1373
550672,170.18,20.925,125.7,-10.125,-3478,-573,-3903,-927,1426,1375
550674,169.3,21.075,124.74,-10.575,-3487,-573,-3912,-933,1426,1373
550676,170.18,21,125.22,-10.875,-3477,-572,-3907,-935,1428,1369
550678,169.46,20.7,125.06,-10.575,-3484,-576,-3909,-933,1433,1366
550680,169.3,20.25,124.66,-10.95,-3485,-581,-3913,-937,1427,1372
550682,169.78,19.95,124.26,-11.175,-3481,-584,-3916,-939,1426,1370
550684,170.26,20.85,124.98,-11.1,-3476,-574,-3909,-938,1430,1368
550686,169.54,19.875,124.34,-12.3,-3483,-585,-3914,-951,1431,1369
550688,169.14,19.95,125.06,-12.225,-3486,-584,-3907,-950,1427,1366
550690,168.82,19.05,124.58,-12.075,-3490,-594,-3912,-949,1432,1374
550692,169.54,19.35,124.98,-10.65,-3482,-591,-3909,-934,1427,1376
550694,168.98,18.525,124.02,-11.175,-3487,-600,-3919,-940,1428,1378
550696,169.46,19.425,124.74,-11.1,-3483,-590,-3912,-939,1429,1373
550698,169.06,19.575,124.42,-11.175,-3488,-589,-3914,-940,1429,1375
550700,168.9,19.425,124.1,-11.85,-3489,-590,-3918,-947,1430,1379
550702,168.1,19.575,123.3,-11.175,-3498,-590,-3926,-940,1429,1377
550704,167.62,20.925,124.66,-9.825,-3504,-576,-3914,-926,1432,1378
550706,167.94,20.325,124.5,-10.5,-3500,-582,-3915,-933,1433,1379
550708,168.26,19.275,123.78,-11.175,-3496,-593,-3922,-940,1432,1379
550710,168.58,18.9,124.02,-10.5,-3493,-596,-3920,-933,1431,1379
550712,167.54,19.8,123.3,-10.725,-3505,-588,-3928,-936,1437,1379
550714,167.62,19.5,123.86,-10.35,-3503,-591,-3922,-932,1433,1377
550716,167.38,19.65,123.62,-11.175,-3506,-589,-3924,-941,1434,1382
550718,167.46,19.725,123.22,-11.325,-3505,-589,-3928,-942,1432,1379
550720,167.38,20.625,122.42,-10.8,-3508,-579,-3937,-938,1432,1381
550722,166.34,20.175,122.74,-13.125,-3518,-585,-3932,-961,1434,1381
550724,166.58,22.425,120.34,-12.6,-3518,-561,-3957,-957,1437,1379
550726,162.66,20.175,117.38,-12.825,-3556,-587,-3988,-962,1432,1383
550728,158.02,21.15,110.9,-14.025,-3605,-581,-4053,-979,1434,1379
550730,154.1,21.9,107.06,-14.925,-3646,-576,-4092,-991,1435,1378
550732,152.5,20.925,103.54,-15.375,-3662,-587,-4128,-999,1433,1371
550734,151.38,18.675,102.42,-16.05,-3671,-611,-4139,-1006,1432,1366
550736,151.22,19.35,102.34,-14.475,-3674,-604,-4141,-990,1427,1370
550738,151.78,16.8,103.22,-15,-3666,-630,-4132,-994,1430,1370
550740,153.62,18.225,106.1,-14.85,-3648,-614,-4103,-991,1423,1377
550742,153.54,17.4,108.18,-14.55,-3648,-622,-4082,-986,1429,1373
550744,154.26,16.95,109.3,-15.225,-3641,-626,-4070,-992,1433,1377
550746,154.9,17.775,109.62,-15.375,-3635,-617,-4066,-993,1428,1380
550748,155.14,17.25,109.7,-15.9,-3632,-622,-4066,-999,1435,1378
550750,154.1,17.025,108.9,-16.8,-3643,-625,-4073,-1008,1430,1374
550752,153.54,17.175,107.54,-17.25,-3649,-624,-4087,-1014,1432,1374
550754,154.1,17.7,108.74,-17.925,-3644,-618,-4074,-1020,1433,1374
550756,154.02,16.65,108.5,-16.875,-3643,-628,-4078,-1009,1432,1377
550758,153.62,16.575,108.74,-15.375,-3648,-629,-4076,-993,1437,1378
550760,152.98,16.5,108.74,-15.675,-3655,-630,-4076,-996,1433,1381
550762,153.54,15.9,108.9,-15.45,-3648,-637,-4075,-993,1428,1377
550764,153.06,16.725,108.9,-15.225,-3654,-628,-4075,-991,1432,1376
550766,153.22,17.25,109.06,-13.95,-3653,-622,-4075,-978,1435,1379
550768,152.42,17.55,108.98,-15.075,-3661,-619,-4075,-989,1433,1380
550770,152.34,17.7,109.22,-14.4,-3663,-618,-4073,-982,1437,1382
550772,152.26,18.825,108.02,-13.425,-3665,-606,-4087,-972,1435,1381
550774,153.22,18.675,109.94,-13.65,-3655,-607,-4067,-973,1438,1384
550776,152.82,20.325,108.66,-13.275,-3661,-590,-4080,-970,1437,1382
550778,152.1,19.05,108.42,-11.925,-3667,-604,-4084,-956,1437,1381
550780,152.42,19.575,108.74,-13.2,-3664,-597,-4080,-968,1439,1382
550782,152.58,19.725,109.62,-13.05,-3663,-595,-4071,-966,1438,1385
550784,152.74,19.65,108.82,-13.725,-3661,-596,-4079,-973,1438,1385
550786,152.98,20.1,109.3,-13.275,-3659,-591,-4074,-968,1438,1383
550788,152.98,19.875,109.22,-13.425,-3659,-593,-4075,-970,1435,1380
550790,152.66,19.875,109.54,-13.65,-3662,-593,-4071,-971,1443,1381
550792,152.82,19.875,109.86,-14.25,-3660,-592,-4067,-977,1441,1382
550794,152.74,20.55,109.3,-13.5,-3662,-585,-4074,-969,1441,1383
550796,152.82,19.425,109.54,-14.25,-3661,-596,-4071,-976,1438,1383
550798,153.3,19.8,108.58,-13.05,-3656,-592,-4082,-964,1442,1382
550800,153.06,20.025,110.26,-13.5,-3658,-589,-4065,-968,1442,1384
550802,153.06,20.025,109.54,-15.525,-3658,-589,-4070,-989,1442,1388
550804,152.74,19.275,108.34,-14.625,-3661,-597,-4083,-980,1439,1382
550806,152.58,20.4,108.82,-14.775,-3665,-585,-4078,-981,1441,1383
550808,152.26,20.25,109.86,-16.275,-3667,-587,-4067,-996,1440,1388
550810,153.14,18.9,108.82,-16.35,-3657,-600,-4077,-997,1442,1386
550812,153.38,17.925,109.7,-17.325,-3654,-610,-4067,-1007,1443,1384
550814,151.62,17.175,109.22,-16.65,-3671,-619,-4073,-1000,1437,1384
550816,152.18,17.25,109.54,-16.8,-3666,-618,-4070,-1002,1438,1383
550818,152.58,17.925,109.94,-17.025,-3663,-611,-4065,-1004,1443,1382
550820,152.34,17.1,108.74,-17.55,-3664,-620,-4077,-1011,1440,1388
550822,151.54,15.45,109.38,-18.375,-3671,-638,-4070,-1018,1439,1389
550824,151.38,15.6,109.3,-17.775,-3673,-637,-4072,-1013,1442,1385
550826,150.98,15,108.98,-17.4,-3677,-643,-4075,-1010,1438,1389
550828,150.9,14.625,109.14,-16.725,-3677,-648,-4074,-1003,1443,1384
550830,150.58,13.875,109.3,-17.55,-3680,-656,-4072,-1012,1440,1387
550832,151.3,13.95,108.9,-17.55,-3673,-656,-4077,-1013,1442,1387
550834,150.82,14.85,109.54,-18.6,-3678,-647,-4068,-1023,1440,1387
550836,151.06,13.875,108.82,-16.95,-3675,-658,-4078,-1007,1440,1386
550838,149.62,12.75,108.74,-18.75,-3689,-670,-4077,-1026,1445,1381
550840,150.18,13.875,108.82,-18.6,-3685,-660,-4077,-1026,1441,1386
550842,149.86,13.65,108.26,-18.6,-3688,-662,-4083,-1026,1442,1388
550844,148.66,13.35,108.26,-17.4,-3700,-667,-4084,-1015,1445,1385
550846,149.14,13.425,108.82,-17.85,-3696,-666,-4078,-1019,1448,1390
550848,149.22,13.125,108.74,-16.2,-3695,-671,-4081,-1004,1443,1387
550850,149.38,13.5,108.5,-17.7,-3694,-667,-4082,-1019,1445,1385
550852,148.34,12.675,107.7,-17.55,-3703,-677,-4091,-1019,1450,1388
550854,148.26,12.6,108.58,-17.7,-3705,-678,-4081,-1021,1450,1390
550856,148.42,13.05,108.26,-17.85,-3703,-675,-4084,-1024,1450,1385
550858,148.34,13.125,107.7,-18.15,-3704,-673,-4090,-1027,1450,1385
550860,148.18,13.05,108.02,-18.375,-3706,-676,-4087,-1030,1452,1386
550862,148.66,12.225,106.9,-18.15,-3700,-684,-4098,-1029,1450,1388
550864,148.1,13.5,109.14,-17.475,-3707,-672,-4076,-1022,1451,1394
550866,148.26,13.05,108.9,-18.375,-3705,-677,-4077,-1031,1452,1390
550868,148.34,12.075,107.86,-17.7,-3704,-688,-4089,-1026,1453,1387
550870,148.34,13.425,108.74,-17.775,-3705,-674,-4080,-1026,1451,1392
550872,148.02,13.125,108.1,-18.15,-3708,-679,-4087,-1031,1456,1387
550874,148.02,12.375,108.34,-18.525,-3707,-686,-4084,-1035,1454,1390
550876,148.02,12.975,108.98,-18.6,-3708,-680,-4078,-1036,1452,1391
550878,148.1,12.075,108.5,-19.65,-3707,-690,-4081,-1047,1456,1395
550880,148.66,12.525,107.94,-18.525,-3702,-686,-4089,-1036,1452,1388
550882,147.94,12.75,109.06,-17.925,-3709,-683,-4077,-1030,1455,1386
550884,147.7,13.275,108.1,-19.65,-3712,-679,-4085,-1048,1456,1391
550886,148.42,12.825,108.66,-19.275,-3704,-683,-4080,-1044,1455,1394
550888,148.02,12.375,109.62,-18.075,-3707,-688,-4071,-1031,1458,1390
550890,147.86,12.15,108.1,-18.75,-3709,-691,-4086,-1040,1454,1395
550892,147.86,12.525,109.38,-19.05,-3709,-687,-4073,-1042,1457,1390
550894,148.02,12.225,109.06,-18.525,-3708,-690,-4077,-1037,1456,1395
550896,147.78,12.075,109.62,-18.45,-3710,-692,-4071,-1036,1459,1390
550898,147.94,13.125,108.74,-18.525,-3710,-681,-4080,-1038,1454,1394
550900,147.3,12.825,108.74,-17.55,-3716,-685,-4081,-1027,1460,1395
550902,147.86,12.225,109.46,-18.975,-3710,-691,-4072,-1041,1459,1396
550904,147.14,12.525,109.54,-18.225,-3717,-688,-4072,-1034,1457,1396
550906,147.62,12.525,109.62,-18.15,-3712,-688,-4071,-1033,1459,1395
550908,147.7,13.2,109.3,-17.7,-3712,-680,-4075,-1028,1459,1391
550910,148.26,13.275,108.58,-18.525,-3706,-679,-4082,-1038,1460,1396
550912,148.1,12.9,108.5,-18.15,-3707,-683,-4083,-1034,1459,1398
550914,147.46,12.975,109.86,-17.25,-3714,-683,-4070,-1023,1460,1394
550916,147.62,14.025,109.38,-17.175,-3713,-672,-4074,-1022,1458,1397
550918,147.46,13.05,109.14,-17.1,-3715,-681,-4077,-1022,1461,1400
550920,147.78,12.45,109.54,-17.55,-3711,-687,-4072,-1026,1463,1399
550922,147.7,12.675,109.46,-17.175,-3712,-685,-4074,-1022,1462,1399
550924,147.46,13.575,109.86,-16.5,-3715,-675,-4070,-1014,1461,1399
550926,148.02,14.25,110.1,-16.725,-3709,-667,-4067,-1016,1467,1397
550928,148.02,14.1,109.46,-18.15,-3709,-669,-4073,-1031,1464,1404
550930,147.14,13.35,109.54,-17.625,-3717,-677,-4072,-1025,1463,1398
550932,147.3,12.975,110.02,-17.175,-3715,-680,-4067,-1019,1464,1399
550934,148.42,13.5,110.18,-16.35,-3705,-674,-4067,-1011,1466,1402
550936,148.1,13.125,110.66,-17.1,-3707,-677,-4062,-1018,1461,1398
550938,148.1,12.675,110.34,-17.775,-3707,-682,-4064,-1025,1465,1402
550940,148.9,12.75,110.74,-17.325,-3699,-680,-4061,-1019,1468,1398
550942,147.62,13.95,109.86,-18.225,-3713,-668,-4068,-1029,1469,1398
550944,147.38,13.2,109.3,-17.55,-3714,-675,-4074,-1021,1463,1403
550946,148.42,13.2,110.18,-17.025,-3704,-675,-4066,-1015,1469,1402
550948,148.74,13.575,109.54,-17.7,-3701,-669,-4072,-1022,1470,1402
550950,147.86,13.05,109.54,-17.925,-3709,-676,-4071,-1025,1466,1404
550952,148.34,13.65,109.7,-16.95,-3704,-668,-4070,-1013,1471,1403
550954,148.58,13.125,110.1,-17.4,-3702,-673,-4066,-1018,1470,1402
550956,147.7,12.975,109.54,-16.8,-3710,-675,-4072,-1011,1468,1402
550958,147.06,12.825,110.34,-17.7,-3716,-677,-4063,-1020,1464,1409
550960,148.1,13.05,109.78,-17.475,-3705,-673,-4068,-1017,1470,1409
550962,148.9,13.05,109.94,-18.225,-3697,-672,-4066,-1024,1471,1401
550964,147.46,13.65,110.82,-18.225,-3712,-666,-4056,-1023,1472,1406
550966,148.58,12.9,110.34,-17.025,-3700,-673,-4063,-1011,1475,1406
550968,148.66,13.5,110.58,-17.7,-3700,-666,-4059,-1017,1473,1405
550970,148.5,13.65,111.06,-15.825,-3701,-664,-4056,-997,1474,1412
550972,148.82,13.65,111.78,-16.275,-3698,-664,-4048,-1001,1474,1409
550974,149.14,13.05,111.62,-18.3,-3694,-669,-4047,-1022,1472,1409
550976,149.3,14.175,112.26,-16.875,-3693,-657,-4042,-1005,1478,1410
550978,148.5,12.825,111.54,-17.325,-3700,-672,-4049,-1011,1477,1411
550980,149.54,13.05,111.38,-17.775,-3689,-668,-4049,-1015,1475,1409
550982,149.14,13.35,111.94,-17.175,-3693,-665,-4044,-1008,1476,1410
550984,149.54,12.225,111.7,-16.725,-3687,-676,-4046,-1003,1479,1406
550986,149.06,12.975,111.54,-18.525,-3692,-669,-4046,-1022,1476,1406
550988,148.66,12.15,111.38,-18.45,-3695,-677,-4048,-1021,1475,1409
550990,148.74,12.225,110.66,-19.05,-3695,-676,-4054,-1027,1478,1408
550992,149.46,11.475,111.54,-16.95,-3686,-683,-4047,-1004,1480,1407
550994,149.06,11.025,110.5,-19.275,-3690,-688,-4055,-1030,1478,1411
550996,149.7,10.425,110.74,-18.6,-3683,-693,-4053,-1022,1479,1407
550998,149.22,11.1,110.58,-19.65,-3688,-687,-4054,-1033,1482,1411
551000,149.62,11.475,110.74,-20.1,-3684,-682,-4052,-1038,1480,1413
551002,148.82,10.425,111.22,-19.2,-3692,-694,-4047,-1028,1478,1411
551004,148.5,10.125,110.74,-19.125,-3694,-697,-4052,-1027,1480,1413
551006,149.06,10.5,110.9,-18.9,-3689,-693,-4051,-1025,1478,1411
551008,148.9,10.125,111.7,-18.225,-3690,-697,-4043,-1018,1482,1412
551010,149.38,10.35,110.02,-19.275,-3685,-694,-4059,-1030,1485,1411
551012,148.1,9.22499999999999,110.58,-18.525,-3697,-707,-4054,-1022,1479,1411
551014,148.18,9.67500000000001,110.5,-19.95,-3696,-702,-4054,-1036,1482,1414
551016,147.7,9.97499999999999,110.42,-18.75,-3701,-700,-4055,-1024,1486,1412
551018,147.78,9.75,111.22,-18.45,-3701,-702,-4047,-1020,1480,1413
551020,146.98,8.92500000000001,110.98,-18.75,-3708,-711,-4049,-1024,1480,1415
551022,147.38,9.59999999999999,111.86,-18.6,-3704,-704,-4041,-1021,1482,1413
551024,147.38,9.82499999999999,110.9,-16.575,-3705,-702,-4052,-1001,1481,1411
551026,147.14,8.77500000000001,111.14,-18.075,-3706,-712,-4049,-1017,1482,1415
551028,147.94,10.2,111.14,-18.75,-3700,-697,-4048,-1024,1482,1415
551030,147.22,9.75,110.58,-17.55,-3706,-703,-4055,-1012,1483,1416
551032,147.46,9.67500000000001,111.46,-17.4,-3704,-704,-4046,-1010,1483,1414
551034,148.02,9.52500000000001,111.22,-18.6,-3699,-704,-4048,-1023,1485,1417
551036,147.94,10.575,111.38,-18.3,-3701,-694,-4047,-1020,1485,1414
551038,147.54,10.2,110.74,-18.75,-3704,-699,-4053,-1025,1487,1419
551040,148.1,9.82499999999999,111.7,-16.8,-3699,-702,-4045,-1004,1485,1419
551042,147.38,10.2,111.46,-17.475,-3706,-699,-4047,-1011,1488,1421
551044,147.86,10.425,112.1,-16.875,-3702,-695,-4042,-1004,1487,1420
551046,148.1,10.425,112.1,-16.95,-3699,-695,-4041,-1005,1488,1421
551048,148.42,10.425,112.18,-17.25,-3697,-695,-4041,-1008,1490,1416
551050,148.18,11.025,112.02,-18.45,-3700,-689,-4042,-1020,1489,1421
551052,148.66,10.875,112.26,-16.425,-3696,-690,-4042,-999,1490,1418
551054,148.02,9.97499999999999,110.98,-17.925,-3701,-700,-4053,-1016,1490,1424
551056,148.66,10.95,111.7,-17.925,-3696,-689,-4046,-1014,1490,1420
551058,148.58,10.8,112.18,-16.875,-3697,-691,-4042,-1003,1491,1423
551060,148.74,10.8,112.1,-17.325,-3696,-690,-4043,-1007,1490,1419
551062,148.5,10.425,112.1,-17.325,-3697,-694,-4043,-1008,1489,1420
551064,149.06,10.425,112.42,-18.375,-3692,-693,-4040,-1017,1492,1418
551066,148.66,10.425,112.26,-18.525,-3696,-693,-4041,-1020,1491,1422
551068,148.58,10.575,111.3,-18.075,-3698,-692,-4052,-1015,1489,1414
551070,147.94,9.97499999999999,112.5,-18,-3704,-698,-4040,-1013,1492,1420
551072,147.46,9.30000000000001,112.34,-18.075,-3709,-705,-4042,-1014,1489,1417
551074,148.1,9.15000000000001,112.02,-17.925,-3702,-706,-4045,-1013,1485,1418
551076,147.06,9,112.34,-17.175,-3714,-708,-4044,-1004,1486,1419
551078,145.3,9.82499999999999,112.02,-18.9,-3733,-701,-4045,-1022,1484,1426
551080,146.18,10.725,112.42,-16.8,-3725,-690,-4044,-1000,1488,1419
551082,146.34,10.2,111.3,-16.275,-3723,-696,-4056,-995,1487,1418
551084,144.58,12.3,111.62,-15.675,-3744,-675,-4054,-988,1490,1421
551086,144.82,12.75,111.7,-14.925,-3742,-670,-4054,-981,1487,1424
551088,144.98,14.7,110.98,-14.85,-3743,-649,-4062,-980,1488,1419
551090,143.94,15.075,111.14,-12.225,-3754,-646,-4064,-953,1489,1416
551092,145.54,16.95,110.98,-11.625,-3740,-625,-4066,-947,1485,1416
551094,147.46,18.375,114.5,-8.7,-3722,-609,-4033,-914,1485,1415
551096,151.46,20.4,122.02,-6.75,-3684,-585,-3959,-888,1479,1420
551098,160.74,23.925,132.5,-5.25,-3592,-542,-3853,-865,1482,1419
551100,173.86,25.35,149.14,1.19999999999999,-3459,-518,-3689,-786,1477,1412
551102,192.58,25.95,168.02,5.47499999999999,-3269,-498,-3500,-728,1487,1407
551104,212.74,18.15,191.78,0.525000000000006,-3056,-565,-3254,-762,1516,1434
551106,234.18,27.225,214.34,11.55,-2846,-456,-3034,-632,1500,1407
551108,257.78,45.525,237.94,31.05,-2623,-249,-2812,-414,1443,1361
551110,279.22,70.35,263.38,52.05,-2425,23,-2571,-177,1372,1304
551112,305.06,98.625,288.26,80.625,-2187,337,-2343,136,1284,1218
551114,330.18,122.55,313.38,105.45,-1951,604,-2108,414,1199,1128
551116,360.18,149.325,340.9,133.275,-1667,907,-1851,724,1105,1033
551118,386.26,166.8,366.26,157.05,-1414,1108,-1611,992,1029,941
551120,414.42,184.575,392.98,179.4,-1142,1315,-1356,1246,944,859
551122,442.66,204.525,416.26,195.675,-868,1544,-1131,1433,864,797
551124,471.06,215.925,442.18,210.825,-588,1682,-879,1610,806,728
551126,497.62,228.075,469.86,228.225,-327,1828,-609,1813,756,666
551128,524.02,237.525,488.58,233.325,-66,1944,-422,1878,713,641
551130,547.06,244.875,519.54,238.8,162,2036,-112,1956,688,623
551132,566.42,245.1,537.86,240.45,357,2050,71,1984,683,626
551134,584.5,245.925,559.3,238.65,539,2070,289,1977,684,633
551136,599.78,243.825,566.18,231.525,694,2056,363,1905,695,664
551138,615.06,246.225,575.46,226.425,846,2091,459,1856,705,684
551140,627.22,243.9,593.94,217.65,969,2073,649,1774,724,713
551142,630.34,230.7,603.78,206.7,1008,1935,754,1664,773,751
551144,641.3,225.075,611.62,202.275,1120,1881,834,1621,804,779
551146,650.34,213.225,611.54,189.15,1216,1761,841,1483,853,836
551148,656.9,200.475,NaN,NaN,1288,1630,NaN,NaN,899,0
551150,659.22,193.35,NaN,NaN,1314,1556,NaN,NaN,936,0
551152,659.3,182.55,621.86,144.75,1321,1443,967,1023,976,1019
551154,659.38,171.75,621.86,144.75,1327,1329,967,1023,1018,1019
551156,656.74,160.125,620.34,133.725,1306,1205,958,907,1065,1053
551158,654.02,148.425,618.74,122.625,1285,1081,948,791,1112,1088
551160,651.7,136.875,619.14,113.325,1268,959,957,693,1156,1125
551162,650.18,124.65,619.46,96.825,1258,831,968,523,1208,1174
551164,649.94,112.35,619.62,82.125,1262,703,977,371,1248,1226
551166,649.78,99.975,619.06,73.95,1267,574,976,286,1288,1249
551168,651.46,92.85,616.42,61.725,1287,502,956,158,1319,1293
551170,649.94,81.525,621.3,51.075,1277,384,1010,52,1358,1321
551172,651.62,72.975,616.58,41.4,1298,297,969,-50,1385,1356
551174,648.9,62.4,615.78,34.5,1277,186,965,-121,1418,1379
551176,648.74,53.4,615.14,22.8,1279,94,965,-241,1450,1413
551178,648.74,47.4,614.58,17.625,1282,32,961,-295,1469,1425
551180,650.1,37.65,614.18,9.59999999999999,1301,-66,962,-377,1496,1448
551182,648.02,28.425,612.82,7.72499999999999,1285,-161,949,-396,1521,1457
551184,649.86,23.475,611.38,11.175,1306,-211,934,-363,1543,1446
551186,650.26,18.975,610.42,16.05,1312,-257,922,-313,1557,1433
551188,651.7,19.725,610.74,17.25,1327,-248,925,-301,1553,1432
551190,651.06,26.55,609.86,20.4,1317,-179,915,-269,1538,1425
551192,652.1,28.8,609.7,21.225,1326,-155,913,-261,1537,1425
551194,651.62,29.775,610.1,21.375,1321,-146,917,-260,1535,1429
551196,651.46,29.475,609.62,20.25,1319,-149,913,-271,1535,1434
551198,652.26,28.2,608.34,19.35,1328,-161,901,-281,1541,1437
551200,651.62,28.425,609.7,17.625,1321,-159,915,-298,1545,1441
551202,652.34,27.825,610.66,17.55,1329,-165,924,-298,1546,1445
551204,652.18,27.975,610.42,16.35,1328,-163,923,-310,1549,1448
551206,652.58,27.225,610.58,15.6,1332,-170,925,-318,1544,1450
551208,653.78,26.925,610.58,16.725,1344,-173,925,-307,1551,1447
551210,653.62,26.175,610.66,15.45,1343,-180,926,-319,1551,1454
551212,653.94,26.475,610.74,17.1,1346,-177,927,-302,1553,1450
551214,654.58,26.775,612.02,17.55,1353,-174,939,-297,1550,1450
551216,655.14,27.75,610.98,16.65,1358,-164,929,-307,1552,1451
551218,654.82,27.075,611.3,17.025,1355,-171,933,-303,1553,1454
551220,654.66,25.725,611.78,17.475,1355,-185,937,-298,1554,1453
551222,654.98,26.325,611.46,16.725,1357,-178,935,-306,1551,1458
551224,655.06,26.175,612.1,17.25,1358,-180,941,-300,1556,1452
551226,656.02,26.025,612.1,16.95,1368,-181,941,-304,1557,1451
551228,654.74,25.425,612.02,17.4,1356,-188,940,-299,1560,1459
551230,655.22,26.025,612.74,18,1360,-182,947,-293,1554,1461
551232,655.62,25.8,612.42,19.35,1365,-183,943,-279,1558,1457
551234,655.38,25.95,612.9,18.675,1362,-182,948,-285,1561,1461
551236,655.94,25.95,612.98,18.675,1368,-182,949,-286,1554,1462
551238,655.46,25.275,613.54,21.075,1363,-189,953,-261,1563,1460
551240,655.54,25.725,613.46,20.775,1364,-184,953,-263,1560,1456
551242,654.42,26.025,614.74,19.35,1353,-182,966,-277,1564,1466
551244,655.22,26.475,613.7,19.725,1360,-178,956,-274,1559,1469
551246,655.38,26.7,614.74,22.2,1361,-175,965,-249,1562,1463
551248,654.82,26.475,614.34,21.075,1356,-178,961,-260,1563,1464
551250,655.54,26.4,613.7,19.5,1363,-178,956,-277,1561,1466
551252,655.38,26.475,614.02,22.2,1362,-178,957,-250,1562,1461
551254,654.66,26.1,614.82,21.525,1355,-182,965,-256,1563,1465
551256,654.5,26.55,614.5,21,1353,-178,962,-262,1564,1473
551258,654.98,25.875,615.3,21,1358,-184,971,-261,1568,1470
551260,654.58,26.925,615.46,22.65,1354,-174,971,-244,1561,1469
551262,655.14,26.475,615.22,24.075,1359,-178,968,-229,1565,1463
551264,654.58,26.25,614.42,22.2,1353,-180,961,-250,1563,1469
551266,654.42,27.225,615.54,22.05,1351,-170,972,-250,1569,1470
551268,654.66,26.1,614.98,22.125,1354,-182,966,-249,1567,1469
551270,654.18,27,615.22,22.125,1349,-173,969,-249,1569,1471
551272,654.26,26.1,616.26,21.975,1350,-182,979,-250,1569,1475
551274,654.66,25.65,614.66,22.125,1354,-186,963,-249,1565,1468
551276,654.9,26.175,615.78,22.575,1356,-181,974,-244,1564,1472
551278,654.34,25.8,616.02,21.3,1351,-185,977,-257,1566,1476
551280,654.58,26.1,615.22,22.5,1353,-182,968,-245,1566,1472
551282,654.98,25.2,616.26,23.1,1358,-190,978,-238,1567,1468
551284,654.34,26.325,616.74,22.875,1350,-179,983,-240,1567,1469
551286,654.74,25.5,615.54,20.775,1354,-187,972,-262,1563,1474
551288,655.62,24.6,614.82,23.025,1364,-196,963,-240,1564,1473
551290,655.06,26.25,614.66,21.375,1357,-179,963,-257,1567,1474
551292,655.3,25.95,616.58,21.825,1360,-182,981,-251,1565,1474
551294,654.74,24.825,615.7,22.275,1354,-194,972,-246,1568,1471
551296,655.22,24.6,615.78,22.275,1360,-195,973,-246,1564,1478
551298,655.06,25.275,615.78,22.425,1358,-189,973,-244,1568,1474
551300,654.74,25.2,616.18,21.15,1354,-189,978,-257,1566,1480
551302,654.74,24.45,615.22,21.375,1355,-197,968,-256,1568,1475
551304,654.82,24.9,615.46,21.975,1356,-192,970,-249,1566,1478
551306,654.5,24.3,615.54,22.05,1353,-198,971,-248,1564,1472
551308,655.54,24.15,616.74,20.55,1363,-199,984,-263,1562,1474
551310,656.02,24.375,615.7,20.55,1368,-196,973,-263,1565,1474
551312,655.62,24.525,616.66,21.525,1364,-195,982,-252,1565,1477
551314,655.78,24.6,616.02,20.925,1365,-194,977,-259,1564,1475
551316,656.1,25.05,616.42,21.75,1368,-190,980,-250,1566,1477
551318,655.3,24.75,616.5,21.975,1360,-193,980,-248,1568,1479
551320,655.54,24.75,615.7,21.45,1363,-193,973,-253,1564,1478
551322,655.78,24.825,616.26,20.85,1365,-192,979,-259,1564,1480
551324,655.38,24.45,616.26,21.75,1362,-196,979,-250,1566,1476
551326,655.38,24.375,616.1,21.6,1362,-196,977,-251,1566,1480
551328,655.54,24.825,616.98,21.6,1363,-192,986,-250,1566,1478
551330,655.54,24.45,616.42,20.85,1363,-196,981,-258,1564,1478
551332,655.62,24.45,615.46,20.625,1365,-195,972,-262,1565,1478
551334,655.86,24.3,615.22,20.925,1367,-196,969,-259,1566,1482
551336,655.62,24.6,617.22,22.575,1365,-193,988,-241,1565,1478
551338,655.86,26.1,615.22,24.075,1366,-178,968,-226,1568,1478
551340,655.54,25.125,616.1,23.325,1364,-188,977,-233,1568,1477
551342,655.7,25.65,615.14,21.75,1365,-182,969,-250,1566,1478
551344,655.3,25.5,615.94,23.25,1362,-184,976,-234,1570,1478
551346,655.22,25.5,614.98,22.95,1361,-184,967,-237,1567,1479
551348,653.54,25.8,613.38,22.05,1344,-182,952,-247,1567,1476
551350,649.78,27.225,610.1,20.1,1307,-170,921,-269,1567,1481
551352,643.62,27,604.1,17.1,1247,-176,863,-304,1566,1479
551354,637.94,27.45,596.9,16.425,1190,-176,792,-316,1567,1472
551356,631.54,29.1,591.78,15.9,1126,-163,742,-324,1566,1472
551358,627.46,28.35,586.82,16.275,1087,-173,693,-324,1564,1469
551360,626.66,29.4,582.98,19.275,1079,-163,654,-296,1566,1468
551362,626.9,28.425,582.1,17.325,1082,-173,646,-317,1566,1476
551364,628.02,27.675,583.06,18.75,1093,-180,655,-301,1560,1476
551366,629.46,26.925,584.98,19.275,1108,-186,673,-295,1564,1475
551368,631.46,28.425,586.26,20.325,1127,-170,686,-283,1566,1472
551370,632.34,29.1,586.98,18.75,1135,-161,694,-299,1562,1478
551372,631.22,29.025,586.98,18.075,1124,-163,694,-306,1563,1469
551374,629.38,29.325,586.58,17.25,1106,-162,691,-314,1565,1473
551376,628.9,29.4,585.22,16.05,1101,-161,678,-327,1563,1471
551378,629.3,29.025,585.94,18.15,1105,-164,683,-305,1565,1466
551380,629.78,28.425,585.46,18,1110,-170,679,-306,1564,1468
551382,629.06,27.825,585.7,17.025,1104,-176,682,-317,1563,1471
551384,629.86,28.35,585.46,17.4,1111,-171,679,-313,1565,1471
551386,629.78,28.65,585.78,17.25,1110,-168,683,-314,1562,1472
551388,628.74,28.2,586.74,18.45,1100,-173,692,-301,1564,1470
551390,628.82,29.4,585.94,18.45,1101,-160,684,-301,1563,1474
551392,628.42,29.025,585.3,17.925,1097,-165,678,-308,1562,1470
551394,628.82,29.1,585.54,18.675,1101,-163,680,-300,1562,1474
551396,629.62,29.4,585.46,19.2,1109,-160,679,-295,1565,1471
551398,628.02,29.1,586.58,17.625,1093,-165,691,-310,1564,1473
551400,628.9,29.325,585.7,17.7,1102,-162,682,-310,1563,1471
551402,628.82,29.4,584.5,17.4,1101,-160,671,-313,1563,1472
551404,628.26,29.025,584.42,17.475,1096,-165,670,-313,1562,1470
551406,628.58,28.725,584.58,16.575,1099,-168,672,-322,1564,1471
551408,628.5,29.475,583.54,17.55,1098,-160,662,-313,1562,1473
551410,628.02,29.25,584.58,16.125,1093,-162,672,-326,1562,1473
551412,628.26,28.95,584.5,17.1,1096,-166,671,-317,1564,1472
551414,628.34,29.025,583.86,18.15,1096,-165,664,-306,1560,1469
551416,627.62,28.725,582.98,17.475,1089,-169,656,-314,1561,1474
551418,628.58,28.95,583.7,17.625,1099,-166,663,-312,1563,1478
551420,627.86,29.175,582.26,17.175,1092,-164,649,-318,1561,1473
551422,627.86,28.575,584.9,16.425,1092,-171,675,-323,1562,1480
551424,627.54,29.1,584.02,17.1,1089,-165,666,-317,1561,1472
551426,627.46,29.325,582.82,16.125,1088,-163,655,-328,1564,1478
551428,627.46,28.8,583.22,16.875,1088,-169,658,-320,1561,1473
551430,627.46,28.8,582.66,16.275,1087,-169,653,-327,1564,1477
551432,627.78,29.025,583.86,17.175,1091,-166,664,-317,1562,1477
551434,627.54,29.1,583.06,16.35,1088,-166,657,-326,1563,1473
551436,628.1,28.875,583.46,18.3,1093,-168,659,-306,1563,1475
551438,627.78,29.625,582.58,17.175,1090,-161,651,-318,1563,1476
551440,627.62,29.175,582.82,16.125,1088,-165,654,-329,1564,1477
551442,627.22,28.275,583.14,16.35,1084,-175,657,-327,1560,1473
551444,627.7,29.1,582.66,17.55,1088,-166,650,-315,1565,1468
551446,627.3,27.75,582.98,15,1085,-181,655,-341,1562,1476
551448,627.38,28.575,583.94,15.6,1085,-172,664,-334,1559,1469
551450,627.14,29.1,583.54,16.05,1082,-167,660,-329,1565,1471
551452,627.06,28.425,583.46,15.6,1081,-174,658,-334,1563,1473
551454,627.3,27.975,583.38,15.375,1084,-178,658,-337,1559,1474
551456,627.46,27.6,583.14,15.225,1085,-182,655,-338,1559,1476
551458,627.54,27.675,583.38,15.225,1086,-181,657,-338,1561,1475
551460,626.98,27.3,583.14,14.775,1080,-185,655,-343,1560,1474
551462,627.94,27.15,584.18,14.475,1090,-186,666,-345,1562,1477
551464,627.7,27.375,583.7,14.475,1087,-184,660,-346,1564,1480
551466,627.06,27.3,582.82,14.325,1081,-185,652,-348,1562,1477
551468,627.62,27.375,583.22,16.65,1086,-184,654,-324,1564,1474
551470,627.62,27.375,583.46,15.225,1086,-184,657,-338,1562,1475
551472,627.46,27.15,582.66,15.75,1085,-186,649,-333,1565,1475
551474,626.34,28.425,582.58,15.825,1073,-173,649,-332,1563,1473
551476,627.06,28.875,583.54,16.35,1080,-168,658,-326,1564,1473
551478,626.9,28.425,582.66,15.3,1079,-172,650,-337,1563,1477
551480,626.9,28.725,583.62,16.5,1078,-169,658,-323,1566,1466
551482,626.34,28.65,582.42,17.55,1073,-170,646,-314,1563,1472
551484,626.5,28.65,583.94,16.275,1075,-169,662,-325,1561,1475
551486,627.38,29.55,582.26,17.475,1083,-159,644,-314,1562,1474
551488,627.06,29.325,583.14,17.925,1079,-161,653,-307,1563,1469
551490,626.98,29.55,582.9,16.8,1079,-159,651,-320,1563,1472
551492,626.82,29.7,583.22,16.65,1077,-157,655,-320,1564,1471
551494,626.66,29.925,582.58,17.25,1075,-155,648,-314,1566,1474
551496,626.9,29.775,583.3,18.3,1078,-155,654,-302,1562,1467
551498,626.66,29.55,583.38,17.85,1076,-158,656,-307,1565,1472
551500,626.58,29.475,583.86,16.125,1076,-158,662,-324,1565,1470
551502,626.98,30.3,583.22,17.475,1078,-149,654,-310,1568,1470
551504,626.66,30,584.26,17.925,1076,-151,664,-304,1565,1463
551506,627.06,29.1,584.74,17.475,1081,-160,670,-308,1565,1469
551508,626.9,29.625,584.82,16.425,1079,-154,672,-318,1564,1466
551510,627.3,29.775,584.98,15.9,1083,-153,673,-323,1564,1467
551512,627.14,30,585.38,16.5,1081,-150,677,-316,1561,1466
551514,627.3,29.55,585.38,16.95,1083,-154,677,-312,1564,1464
551516,627.46,29.325,585.62,15.6,1085,-156,680,-325,1562,1466
551518,627.3,28.425,585.46,15.3,1085,-165,679,-328,1562,1468
551520,627.38,29.4,586.02,15.075,1085,-155,685,-330,1562,1464
551522,627.78,28.575,586.26,14.625,1089,-163,688,-334,1563,1465
551524,626.74,28.725,586.1,14.85,1079,-162,686,-332,1562,1467
551526,627.62,28.575,585.62,14.85,1088,-163,682,-332,1563,1466
551528,627.06,28.575,586.26,14.1,1083,-164,688,-339,1564,1464
551530,627.38,28.125,585.7,15,1086,-168,683,-331,1560,1465
551532,627.78,28.65,585.7,15,1090,-163,683,-330,1563,1464
551534,627.78,28.35,585.7,13.425,1090,-166,684,-346,1562,1467
551536,627.06,28.2,585.78,15.375,1084,-168,684,-327,1561,1461
551538,626.74,28.05,585.86,14.475,1080,-169,685,-336,1562,1464
551540,627.38,27.75,586.1,13.875,1088,-173,688,-342,1561,1466
551542,626.58,26.85,585.54,13.725,1080,-182,683,-344,1562,1467
551544,627.22,27.75,585.38,14.25,1086,-174,681,-340,1558,1465
551546,627.62,27.975,585.06,14.85,1090,-171,678,-333,1560,1457
551548,626.66,27.3,585.86,14.4,1081,-179,686,-339,1560,1462
551550,626.26,27,585.14,14.025,1078,-182,679,-342,1558,1462
551552,626.82,26.4,585.22,15.075,1084,-188,679,-332,1561,1460
551554,626.42,26.7,585.3,14.325,1080,-186,681,-340,1558,1465
551556,626.26,26.7,585.38,14.625,1078,-187,681,-338,1558,1463
551558,626.18,27.375,584.9,14.7,1077,-180,677,-337,1560,1461
551560,626.26,27.525,585.46,14.55,1078,-179,683,-339,1558,1459
551562,626.34,25.95,585.22,15.075,1080,-195,680,-334,1557,1459
551564,626.18,26.925,584.58,14.475,1078,-186,674,-341,1558,1457
551566,626.02,27.225,585.94,14.475,1076,-183,688,-341,1560,1464
551568,625.94,27.975,586.1,15.45,1075,-176,689,-331,1560,1460
551570,626.74,27.225,585.62,14.625,1083,-183,685,-340,1563,1459
551572,626.02,27.075,585.38,14.475,1077,-185,683,-342,1559,1461
551574,626.26,26.55,585.14,15.375,1080,-191,680,-333,1558,1459
551576,625.22,26.775,585.38,14.025,1069,-190,683,-348,1561,1459
551578,626.5,26.85,585.14,13.35,1082,-188,681,-354,1559,1462
551580,625.94,26.625,584.58,14.475,1077,-192,676,-344,1556,1459
551582,626.74,26.7,585.7,15.375,1084,-190,686,-334,1555,1454
551584,625.94,26.7,585.86,13.725,1077,-192,689,-351,1558,1458
551586,626.74,25.95,585.14,13.275,1085,-198,682,-357,1553,1457
551588,626.26,25.65,584.58,13.8,1081,-202,677,-352,1556,1454
551590,626.5,26.175,586.02,13.125,1083,-197,691,-358,1554,1457
551592,626.34,25.575,585.46,13.875,1082,-204,685,-351,1553,1454
551594,626.26,26.1,586.26,11.775,1081,-198,694,-372,1556,1460
551596,626.98,26.325,585.3,12.825,1088,-196,685,-362,1553,1458
551598,625.78,25.275,585.86,12.675,1077,-208,690,-364,1558,1460
551600,625.86,25.275,585.86,13.65,1078,-208,690,-354,1555,1458
551602,626.26,25.725,585.7,12.825,1082,-203,689,-363,1552,1460
551604,626.42,25.125,586.1,12.525,1084,-210,693,-366,1552,1454
551606,625.86,25.05,586.26,12.525,1078,-211,695,-365,1555,1459
551608,626.26,25.05,585.62,13.65,1082,-211,687,-355,1552,1452
551610,625.86,24.525,585.86,12.3,1079,-217,691,-369,1556,1456
551612,626.02,24.975,585.86,13.725,1080,-212,690,-354,1554,1456
551614,626.42,24.45,585.46,13.275,1084,-217,686,-359,1552,1455
551616,626.42,23.925,585.54,12.525,1084,-223,688,-367,1550,1457
551618,624.9,25.65,584.66,13.125,1068,-206,678,-362,1554,1454
551620,623.14,24.6,583.78,12.375,1051,-218,670,-370,1548,1458
551622,620.66,26.025,580.66,13.575,1026,-205,639,-360,1551,1451
551624,617.94,27.375,579.22,13.95,999,-193,625,-356,1549,1454
551626,617.06,26.7,577.54,16.05,990,-200,607,-337,1550,1456
551628,617.7,27.45,576.58,16.95,997,-192,597,-328,1550,1455
551630,618.18,28.05,577.78,17.55,1001,-186,608,-321,1550,1453
551632,620.26,27.075,578.5,15.9,1022,-194,616,-337,1548,1456
551634,621.38,27.45,579.3,16.5,1033,-190,623,-330,1552,1458
551636,622.42,27.75,579.22,16.425,1042,-186,623,-331,1548,1455
551638,621.22,27.3,580.18,16.125,1031,-191,633,-333,1556,1455
551640,621.38,26.775,580.02,16.275,1033,-196,631,-331,1550,1459
551642,620.98,28.35,580.34,15.3,1028,-180,634,-341,1552,1456
551644,620.1,28.05,579.86,15.975,1020,-183,629,-334,1547,1451
551646,619.86,27.975,580.82,15.75,1017,-184,639,-336,1547,1455
551648,620.02,27.9,580.34,16.5,1019,-184,634,-327,1555,1458
551650,620.74,29.175,580.5,15.75,1025,-170,636,-335,1549,1457
551652,620.58,28.875,580.5,17.7,1023,-173,635,-314,1549,1451
551654,620.82,28.875,580.42,16.5,1026,-172,634,-327,1552,1451
551656,620.9,28.8,580.26,16.125,1027,-173,632,-330,1555,1451
551658,620.34,28.425,580.1,17.175,1021,-177,631,-320,1549,1449
551660,620.42,29.7,580.02,16.575,1021,-163,630,-325,1552,1454
551662,620.74,30.225,580.42,16.725,1024,-157,634,-323,1551,1445
551664,620.9,29.4,580.9,15.6,1026,-165,639,-333,1552,1447
551666,620.18,30.975,580.66,16.5,1018,-149,636,-324,1555,1451
551668,619.7,30.45,580.1,15.675,1014,-154,631,-332,1553,1450
551670,620.26,30.375,580.58,16.05,1019,-154,636,-328,1553,1450
551672,620.26,30.3,580.58,16.35,1019,-155,635,-324,1553,1451
551674,620.18,30.675,581.38,15.9,1018,-151,644,-328,1552,1453
551676,620.34,30.075,581.62,15.825,1020,-156,646,-328,1553,1452
551678,620.42,30.375,580.5,15.975,1021,-152,635,-327,1550,1453
551680,620.58,30.6,581.46,16.5,1022,-150,644,-320,1549,1446
551682,621.54,30.15,581.06,15.9,1032,-154,640,-327,1546,1452
551684,620.98,30.375,580.26,15.6,1026,-151,633,-330,1552,1449
551686,620.82,29.85,581.22,16.35,1025,-156,642,-321,1551,1449
551688,621.22,30.75,581.06,17.1,1029,-146,640,-314,1550,1450
551690,620.9,30.3,581.14,18.075,1026,-152,641,-303,1552,1445
551692,620.5,29.7,582.1,15.3,1022,-157,651,-330,1553,1450
551694,621.22,29.1,581.46,15.9,1030,-163,645,-325,1546,1447
551696,621.3,29.4,581.22,15.375,1030,-159,643,-330,1549,1449
551698,620.66,29.1,581.86,14.7,1024,-163,649,-336,1551,1451
551700,619.86,29.1,581.78,13.95,1016,-163,650,-344,1553,1450
551702,621.14,28.125,581.62,14.025,1029,-172,648,-343,1546,1449
551704,621.06,27.3,582.02,13.5,1029,-181,652,-349,1544,1450
551706,621.22,27.3,582.02,13.575,1031,-180,652,-347,1548,1451
551708,620.74,28.2,582.1,13.425,1026,-172,653,-350,1545,1446
551710,621.54,27.3,582.74,14.025,1034,-181,659,-343,1546,1450
551712,621.06,26.85,581.86,13.425,1030,-186,651,-350,1547,1452
551714,621.3,26.175,582.98,12.6,1033,-193,662,-358,1549,1450
551716,621.54,26.85,581.38,14.1,1035,-186,646,-343,1550,1450
551718,620.58,26.4,581.94,12.825,1026,-191,652,-356,1547,1450
551720,620.42,25.875,582.26,13.65,1024,-197,655,-348,1548,1449
551722,620.18,25.5,582.9,13.425,1022,-201,661,-350,1547,1451
551724,620.34,26.85,582.1,12.75,1023,-188,654,-358,1549,1448
551726,619.94,26.7,581.06,13.05,1019,-189,643,-356,1546,1453
551728,620.1,25.8,581.22,12.825,1021,-199,645,-358,1549,1450
551730,620.5,26.175,580.9,13.8,1025,-195,641,-348,1553,1447
551732,620.74,25.875,581.14,13.5,1027,-198,644,-351,1549,1453
551734,621.06,26.1,580.1,14.025,1030,-196,633,-347,1551,1451
551736,620.34,26.175,580.98,15.75,1023,-196,641,-329,1548,1450
551738,620.1,26.7,581.22,13.575,1020,-191,644,-351,1549,1452
551740,620.34,27.225,580.9,14.25,1022,-186,640,-345,1545,1449
551742,620.18,25.725,581.78,12.675,1021,-201,650,-361,1551,1455
551744,619.46,26.925,581.78,14.025,1013,-189,648,-347,1550,1451
551746,620.82,27.375,581.14,14.175,1026,-184,642,-346,1556,1451
551748,620.82,27.6,581.54,14.4,1026,-182,645,-343,1545,1450
551750,620.34,27.15,581.3,14.925,1021,-187,643,-338,1549,1451
551752,620.18,27.675,581.38,12.975,1018,-181,644,-358,1546,1452
551754,619.86,26.4,581.14,14.175,1016,-195,641,-346,1547,1447
551756,620.18,27,580.26,15.375,1018,-188,631,-334,1547,1442
551758,620.1,27.075,580.98,13.725,1017,-187,639,-351,1549,1448
551760,619.7,27.375,581.3,14.625,1012,-184,641,-341,1544,1445
551762,620.34,26.85,581.54,13.35,1019,-189,644,-354,1549,1453
551764,620.5,27.825,581.54,13.5,1020,-179,644,-352,1551,1449
551766,620.98,27.6,582.02,12.75,1024,-180,648,-359,1550,1452
551768,620.42,27.9,581.94,13.425,1018,-178,647,-352,1553,1453
551770,620.66,27.6,582.26,13.125,1021,-181,650,-355,1556,1452
551772,620.66,27.375,582.74,12.375,1020,-182,655,-361,1553,1453
551774,619.94,27.45,581.62,12.375,1014,-182,644,-362,1553,1456
551776,620.5,27.9,581.94,12.45,1018,-176,647,-360,1555,1449
551778,620.66,27.525,582.26,12.45,1020,-180,650,-360,1551,1454
551780,620.98,27.3,582.02,13.35,1023,-181,646,-351,1548,1455
551782,620.82,27.075,582.26,13.65,1021,-184,649,-347,1551,1452
551784,620.26,27.45,582.98,13.275,1015,-180,655,-350,1546,1453
551786,621.06,27.675,582.58,13.575,1023,-177,651,-348,1552,1453
551788,620.74,27.45,582.34,12.375,1019,-179,649,-359,1555,1452
551790,620.82,27.3,583.22,12.675,1020,-181,657,-355,1549,1455
551792,620.02,28.65,582.82,13.725,1011,-167,652,-345,1549,1450
551794,617.62,29.85,581.38,13.575,987,-157,638,-347,1554,1455
551796,612.66,31.35,575.86,14.7,937,-144,583,-339,1554,1450
551798,602.26,34.575,567.7,14.175,832,-118,502,-350,1558,1455
551800,587.7,38.4,553.86,14.325,686,-88,365,-357,1557,1455
551802,568.9,42.825,536.26,16.275,498,-55,190,-349,1562,1456
551804,546.18,45.975,515.38,18,270,-37,-17,-345,1565,1457
551806,523.3,49.275,492.58,18.675,41,-19,-245,-355,1564,1459
551808,499.94,51.525,467.3,17.85,-192,-12,-496,-380,1567,1455
551810,475.86,54.375,443.78,19.95,-435,1,-732,-375,1567,1451
551812,452.34,55.5,418.74,21.75,-672,-2,-984,-373,1564,1453
551814,428.34,56.475,392.42,19.425,-913,-8,-1247,-416,1555,1454
551816,402.66,55.65,364.1,17.4,-1171,-34,-1531,-456,1549,1449
551818,377.14,54.75,338.02,16.35,-1428,-61,-1793,-486,1539,1448
551820,352.02,53.55,311.62,12.825,-1681,-91,-2057,-540,1533,1446
551822,327.22,54.9,282.1,10.35,-1934,-93,-2354,-587,1527,1446
551824,301.06,55.65,256.34,12.375,-2200,-104,-2618,-584,1515,1438
551826,277.94,57.225,230.26,14.4,-2437,-104,-2885,-582,1506,1433
551828,256.58,60.45,205.46,18.3,-2658,-85,-3142,-559,1495,1431
551830,234.34,61.5,182.42,22.5,-2886,-89,-3381,-532,1490,1426
551832,217.22,62.625,161.78,24.975,-3063,-90,-3596,-521,1493,1430
551834,202.18,63.3,144.1,27.15,-3218,-93,-3780,-510,1496,1428
551836,189.14,61.95,131.3,26.625,-3351,-116,-3912,-525,1497,1427
551838,180.58,61.575,121.14,26.25,-3438,-127,-4015,-537,1493,1428
551840,176.34,59.25,115.06,25.95,-3480,-154,-4078,-545,1498,1422
551842,173.38,57.825,111.06,23.925,-3509,-171,-4117,-569,1493,1424
551844,174.1,56.775,112.18,22.875,-3501,-182,-4105,-580,1495,1426
551846,174.1,54.675,114.02,20.4,-3499,-204,-4084,-604,1499,1428
551848,175.46,53.025,116.5,19.95,-3484,-221,-4058,-607,1504,1426
551850,175.62,53.175,117.78,18.375,-3482,-220,-4043,-623,1502,1429
551852,174.66,53.025,117.86,21.375,-3493,-222,-4046,-593,1502,1420
551854,175.78,54.45,117.78,20.925,-3482,-207,-4046,-597,1502,1419
551856,175.14,54.975,116.34,22.8,-3489,-202,-4063,-579,1499,1417
551858,175.46,56.175,114.82,22.125,-3488,-189,-4078,-587,1503,1419
551860,175.38,56.55,114.58,22.5,-3489,-186,-4081,-584,1501,1418
551862,175.94,56.775,114.58,21.975,-3484,-183,-4080,-590,1503,1417
551864,176.42,56.175,115.62,22.8,-3478,-190,-4070,-581,1501,1418
551866,175.7,56.625,115.3,21.225,-3486,-186,-4072,-598,1501,1423
551868,175.54,55.8,116.58,22.2,-3486,-195,-4060,-587,1502,1422
551870,175.38,55.875,116.9,22.05,-3488,-194,-4056,-588,1500,1423
551872,175.7,55.725,116.66,20.7,-3484,-196,-4058,-603,1502,1426
551874,174.82,55.275,117.14,21,-3493,-202,-4053,-600,1503,1421
551876,174.9,55.575,116.66,21.825,-3492,-198,-4058,-592,1502,1422
551878,174.58,56.175,116.58,22.05,-3496,-192,-4059,-589,1499,1424
551880,174.74,56.1,115.78,21.225,-3494,-194,-4067,-599,1503,1422
551882,174.42,55.875,116.34,20.7,-3498,-196,-4061,-604,1505,1419
551884,173.78,55.875,116.66,21.45,-3504,-197,-4058,-596,1499,1418
551886,173.86,55.725,117.7,20.775,-3503,-199,-4046,-603,1499,1421
551888,173.7,56.175,117.46,20.775,-3505,-194,-4049,-603,1498,1422
551890,173.7,54.975,118.1,20.325,-3504,-207,-4042,-607,1502,1424
551892,173.38,55.125,118.9,19.125,-3508,-206,-4032,-620,1499,1429
551894,172.58,54.15,117.3,19.05,-3515,-216,-4049,-622,1501,1428
551896,172.26,54.3,117.38,18.9,-3518,-216,-4048,-623,1498,1425
551898,172.42,54.975,117.46,20.1,-3517,-209,-4048,-610,1499,1426
551900,171.3,54.15,117.7,19.575,-3528,-218,-4045,-616,1503,1423
551902,171.54,53.55,117.7,18.525,-3524,-224,-4044,-627,1502,1428
551904,172.02,54.9,118.18,19.275,-3521,-210,-4040,-619,1501,1424
551906,171.7,53.1,117.14,18.75,-3522,-229,-4050,-625,1500,1423
551908,170.98,53.55,117.78,16.5,-3530,-225,-4041,-649,1502,1430
551910,170.74,52.95,117.94,18.975,-3532,-231,-4042,-622,1499,1425
551912,169.86,52.8,117.06,15.825,-3541,-233,-4048,-656,1497,1429
551914,170.26,52.8,116.82,16.05,-3537,-233,-4051,-654,1500,1429
551916,168.98,52.95,117.06,16.8,-3550,-233,-4049,-646,1497,1427
551918,168.34,52.425,117.38,16.575,-3556,-238,-4045,-648,1495,1431
551920,168.9,53.1,116.58,14.775,-3551,-231,-4052,-668,1499,1432
551922,169.54,52.5,117.46,16.425,-3544,-237,-4044,-650,1498,1431
551924,168.58,53.175,117.22,17.175,-3555,-230,-4048,-642,1497,1424
551926,167.86,51.9,117.14,13.875,-3562,-245,-4046,-677,1496,1436
551928,167.94,52.35,117.54,14.775,-3561,-240,-4042,-667,1496,1431
551930,167.06,51.675,117.14,14.475,-3570,-247,-4046,-671,1496,1432
551932,167.06,51.45,116.82,14.55,-3570,-250,-4050,-670,1497,1430
551934,166.74,51.825,116.26,12.6,-3573,-246,-4053,-691,1500,1437
551936,166.82,51.45,116.1,12.825,-3572,-250,-4055,-688,1498,1434
551938,165.86,51.525,116.74,14.175,-3582,-250,-4050,-674,1496,1432
551940,166.58,51.3,116.66,13.05,-3575,-252,-4051,-686,1497,1434
551942,166.66,51.6,116.26,14.325,-3574,-248,-4056,-673,1494,1430
551944,165.46,51.3,117.14,14.1,-3586,-253,-4047,-674,1496,1436
551946,166.1,51.975,116.58,12.45,-3580,-245,-4051,-692,1497,1438
551948,165.78,51.375,116.18,11.925,-3584,-251,-4055,-697,1498,1439
551950,165.78,51.6,116.9,12.75,-3584,-249,-4048,-688,1495,1435
551952,165.94,51,115.22,11.55,-3581,-255,-4064,-702,1499,1437
551954,166.34,51.15,116.34,12.3,-3578,-254,-4054,-694,1497,1437
551956,166.26,51.6,117.14,13.35,-3580,-249,-4047,-682,1493,1435
551958,165.54,50.925,116.98,11.7,-3586,-257,-4047,-699,1498,1435
551960,165.3,51,117.38,13.65,-3589,-255,-4045,-679,1498,1437
551962,165.62,51.225,116.66,11.925,-3586,-253,-4050,-697,1496,1438
551964,165.78,51.225,115.78,12.375,-3585,-252,-4060,-693,1497,1432
551966,166.02,50.625,117.46,11.775,-3581,-259,-4043,-698,1497,1438
551968,165.54,50.85,116.66,10.8,-3587,-257,-4050,-709,1498,1443
551970,165.7,50.475,116.34,13.35,-3584,-260,-4056,-683,1496,1435
551972,165.7,50.4,117.06,11.925,-3584,-261,-4047,-696,1496,1436
551974,165.3,50.175,117.78,11.625,-3588,-264,-4038,-699,1497,1441
551976,165.22,51,116.58,12.3,-3590,-255,-4051,-692,1497,1435
551978,165.46,50.325,116.58,11.025,-3587,-262,-4050,-705,1493,1437
551980,165.78,50.175,117.14,11.4,-3583,-263,-4045,-701,1495,1443
551982,165.86,50.55,117.3,12.975,-3583,-259,-4045,-685,1496,1438
551984,166.1,50.325,117.46,10.8,-3580,-260,-4041,-707,1492,1439
551986,165.86,49.575,117.3,10.275,-3581,-269,-4042,-712,1493,1445
551988,165.94,51,117.38,11.775,-3581,-253,-4042,-696,1493,1438
551990,166.1,50.85,118.34,11.7,-3580,-255,-4032,-697,1496,1444
551992,166.02,49.35,117.86,10.8,-3579,-270,-4036,-706,1492,1444
551994,166.02,49.65,118.58,12.375,-3579,-267,-4030,-689,1499,1434
551996,166.02,50.175,118.82,10.95,-3579,-262,-4026,-703,1492,1442
551998,166.18,50.7,118.1,11.325,-3578,-255,-4034,-700,1496,1441
552000,165.62,50.7,117.62,12.3,-3584,-256,-4039,-690,1497,1438
552002,165.78,51,118.02,11.025,-3582,-253,-4034,-703,1493,1436
552004,166.34,49.5,117.86,11.85,-3575,-268,-4036,-694,1493,1437
552006,165.94,50.475,119.06,13.425,-3580,-258,-4025,-677,1491,1433
552008,165.78,50.7,118.74,11.025,-3581,-255,-4025,-702,1492,1438
552010,165.78,49.95,118.34,9.22499999999999,-3580,-263,-4028,-721,1494,1442
552012,166.26,50.475,118.5,14.025,-3575,-257,-4030,-671,1492,1435
552014,166.1,50.55,118.74,10.575,-3576,-256,-4024,-706,1491,1441
552016,166.1,50.325,118.42,11.7,-3576,-259,-4028,-695,1494,1441
552018,166.5,50.175,119.54,12.75,-3571,-260,-4018,-683,1496,1437
552020,166.1,50.325,119.62,10.05,-3575,-258,-4013,-711,1492,1444
552022,166.58,49.65,119.3,7.80000000000001,-3570,-265,-4014,-734,1492,1446
552024,166.5,46.575,118.18,5.625,-3567,-297,-4023,-757,1492,1439
552026,165.78,40.8,117.3,2.40000000000001,-3568,-358,-4029,-792,1494,1437
552028,163.78,34.8,115.7,-4.875,-3583,-422,-4038,-868,1489,1432
552030,163.54,32.1,114.26,-7.95,-3583,-450,-4049,-901,1490,1430
552032,163.3,29.925,114.18,-8.7,-3583,-472,-4049,-909,1486,1431
552034,164.5,28.275,114.02,-10.05,-3569,-489,-4049,-923,1482,1427
552036,165.78,27.9,114.18,-9.52500000000001,-3554,-492,-4047,-917,1478,1421
552038,166.74,29.175,114.74,-8.925,-3546,-478,-4042,-910,1477,1423
552040,168.34,30.525,114.58,-5.625,-3530,-463,-4047,-876,1476,1424
552042,167.3,31.425,114.18,-6.52500000000001,-3542,-454,-4050,-886,1478,1427
552044,167.22,31.65,114.66,-4.80000000000001,-3543,-452,-4046,-868,1481,1423
552046,167.3,31.5,114.42,-6.075,-3542,-453,-4047,-882,1482,1426
552048,166.34,31.05,113.54,-6.675,-3551,-459,-4056,-888,1483,1426
552050,166.1,30,115.62,-6.90000000000001,-3553,-470,-4034,-890,1484,1422
552052,165.3,30.675,115.06,-6.90000000000001,-3561,-464,-4040,-890,1481,1427
552054,165.46,30.45,114.74,-8.7,-3559,-466,-4041,-909,1480,1430
552056,165.86,29.7,115.38,-7.875,-3554,-474,-4035,-900,1482,1430
552058,164.98,30,114.9,-7.72499999999999,-3563,-472,-4040,-899,1482,1426
552060,164.9,30.6,114.02,-7.72499999999999,-3564,-465,-4049,-900,1479,1430
552062,164.5,31.05,114.9,-8.40000000000001,-3569,-461,-4039,-906,1479,1428
552064,163.94,29.925,114.34,-7.5,-3574,-473,-4046,-898,1483,1428
552066,163.78,29.175,113.46,-7.72499999999999,-3574,-481,-4054,-900,1483,1427
552068,163.38,29.55,114.18,-8.47499999999999,-3579,-478,-4046,-907,1481,1431
552070,164.34,28.875,114.42,-7.95,-3569,-484,-4044,-902,1481,1426
552072,163.22,29.25,113.94,-9.52500000000001,-3580,-481,-4048,-919,1483,1428
552074,163.54,29.625,114.5,-8.925,-3578,-477,-4043,-912,1480,1426
552076,163.46,29.4,113.54,-7.425,-3579,-479,-4054,-897,1480,1427
552078,163.46,28.725,112.9,-8.09999999999999,-3578,-486,-4060,-905,1485,1428
552080,163.46,28.65,113.7,-8.02500000000001,-3578,-488,-4053,-904,1479,1426
552082,163.14,28.725,113.54,-7.875,-3582,-487,-4054,-902,1480,1422
552084,162.98,29.7,112.9,-7.65000000000001,-3584,-477,-4061,-901,1483,1423
552086,163.86,29.025,113.06,-8.25,-3574,-483,-4059,-907,1480,1427
552088,163.3,28.8,113.22,-9.075,-3580,-487,-4057,-916,1480,1425
552090,162.58,28.5,113.22,-7.575,-3588,-490,-4058,-900,1483,1430
552092,162.98,29.025,112.9,-8.175,-3584,-484,-4061,-906,1479,1429
552094,162.18,28.425,113.62,-9.675,-3592,-491,-4052,-922,1481,1435
552096,161.94,28.575,113.3,-9.75,-3594,-490,-4056,-923,1483,1433
552098,162.1,28.65,112.74,-8.02500000000001,-3593,-489,-4063,-905,1478,1431
552100,162.34,28.575,113.38,-9.22499999999999,-3590,-490,-4055,-917,1481,1423
552102,161.38,27.525,114.1,-9.3,-3599,-502,-4048,-918,1477,1426
552104,162.34,28.05,112.18,-9.375,-3590,-495,-4068,-920,1473,1425
552106,162.5,28.35,113.22,-9.75,-3589,-492,-4057,-923,1478,1425
552108,161.86,27.375,113.78,-9.825,-3595,-503,-4052,-924,1475,1426
552110,162.5,27.3,114.1,-10.8,-3588,-503,-4047,-934,1472,1426
552112,161.3,26.7,114.42,-9.3,-3600,-511,-4046,-918,1477,1422
552114,161.94,26.775,114.02,-9.59999999999999,-3594,-509,-4050,-921,1474,1420
552116,162.02,26.175,113.54,-10.575,-3593,-516,-4054,-932,1473,1423
552118,162.34,26.85,114.1,-10.65,-3591,-509,-4048,-933,1468,1426
552120,161.14,25.575,113.62,-11.925,-3602,-523,-4052,-946,1475,1420
552122,162.02,27.75,112.98,-11.175,-3595,-500,-4059,-939,1470,1418
552124,162.18,26.625,112.9,-11.1,-3592,-512,-4061,-938,1470,1417
552126,161.38,25.8,113.14,-11.175,-3600,-521,-4058,-939,1470,1419
552128,162.1,26.1,113.54,-10.35,-3593,-517,-4055,-930,1471,1417
552130,161.22,25.05,113.46,-11.25,-3601,-529,-4055,-940,1473,1418
552132,162.1,25.8,113.94,-9.90000000000001,-3593,-521,-4052,-925,1471,1417
552134,160.9,25.05,113.46,-10.2,-3604,-529,-4056,-929,1471,1417
552136,161.54,24.825,113.14,-10.95,-3598,-531,-4060,-937,1467,1411
552138,161.54,25.875,113.3,-10.725,-3599,-521,-4058,-935,1469,1416
552140,161.06,24.75,113.78,-10.95,-3604,-532,-4053,-937,1467,1417
552142,161.22,24.375,113.3,-10.875,-3602,-537,-4059,-937,1466,1416
552144,160.74,23.925,113.7,-9.375,-3606,-542,-4056,-921,1467,1413
552146,161.14,24.75,112.58,-11.775,-3603,-533,-4065,-947,1465,1416
552148,161.14,24.6,113.7,-10.725,-3603,-534,-4055,-935,1466,1413
552150,161.46,24.45,113.06,-10.275,-3599,-536,-4062,-931,1466,1413
552152,160.82,24.825,111.86,-9.90000000000001,-3606,-533,-4075,-928,1467,1405
552154,161.38,25.275,112.58,-10.575,-3601,-527,-4066,-935,1469,1409
552156,160.9,25.5,112.82,-10.2,-3606,-526,-4064,-930,1464,1407
552158,161.46,26.025,113.06,-10.05,-3601,-520,-4062,-929,1464,1410
552160,161.22,25.275,113.3,-9.22499999999999,-3603,-527,-4060,-920,1463,1410
552162,160.9,26.025,112.82,-10.05,-3606,-520,-4065,-929,1463,1407
552164,161.14,26.7,113.06,-10.2,-3604,-513,-4061,-931,1458,1409
552166,160.98,25.725,113.06,-12.075,-3605,-523,-4060,-950,1463,1409
552168,161.38,26.25,114.02,-10.65,-3601,-517,-4051,-934,1463,1404
552170,161.62,25.725,113.54,-10.95,-3598,-523,-4055,-938,1461,1404
552172,161.14,25.575,113.38,-11.625,-3603,-524,-4056,-944,1457,1399
552174,161.62,24.9,113.14,-12.225,-3597,-531,-4058,-951,1460,1400
552176,160.74,25.125,113.86,-12.75,-3606,-528,-4049,-955,1457,1400
552178,161.22,24.15,113.78,-12.75,-3600,-538,-4050,-955,1457,1399
552180,161.78,24.675,113.62,-12.375,-3595,-532,-4052,-951,1456,1398
552182,161.14,23.625,113.06,-12.225,-3600,-544,-4058,-950,1458,1397
552184,161.46,24.6,112.34,-12.075,-3596,-533,-4064,-949,1456,1396
552186,160.18,23.775,112.58,-12.825,-3609,-542,-4061,-956,1454,1396
552188,160.98,23.4,113.3,-11.1,-3599,-545,-4055,-937,1454,1393
552190,160.82,23.325,113.38,-12.075,-3602,-546,-4053,-947,1453,1392
552192,160.74,23.175,113.38,-11.4,-3601,-547,-4053,-940,1455,1390
552194,160.66,23.475,112.74,-13.05,-3602,-544,-4058,-957,1453,1397
552196,160.26,22.725,112.74,-12.6,-3606,-552,-4057,-952,1456,1398
552198,159.62,21.45,113.22,-12.225,-3611,-565,-4053,-948,1457,1394
552200,159.14,23.475,113.3,-11.325,-3617,-544,-4053,-938,1448,1389
552202,158.9,23.25,112.82,-11.025,-3619,-546,-4058,-936,1447,1388
552204,158.18,23.7,113.54,-10.725,-3626,-542,-4050,-931,1448,1385
552206,158.58,24.825,112.42,-9.59999999999999,-3624,-530,-4063,-920,1446,1385
552208,157.86,24.225,113.14,-8.84999999999999,-3630,-536,-4056,-911,1448,1385
552210,157.86,24.675,112.66,-10.125,-3630,-531,-4060,-925,1444,1384
552212,158.18,24.225,112.66,-8.09999999999999,-3626,-535,-4061,-904,1445,1377
552214,157.86,25.125,112.66,-8.84999999999999,-3630,-526,-4060,-911,1442,1382
552216,158.34,24.15,113.06,-7.27500000000001,-3624,-535,-4057,-893,1444,1380
552218,158.02,25.2,113.86,-7.875,-3628,-525,-4049,-899,1442,1377
552220,157.7,25.425,113.54,-8.25,-3631,-522,-4051,-903,1442,1379
552222,157.14,25.275,112.66,-7.875,-3636,-524,-4060,-900,1443,1377
552224,157.7,24.975,113.38,-7.05,-3630,-526,-4053,-890,1441,1377
552226,156.9,24.9,112.58,-8.09999999999999,-3638,-527,-4060,-902,1444,1376
552228,157.62,26.025,112.42,-6.52500000000001,-3631,-515,-4063,-884,1441,1371
552230,157.94,24.75,112.98,-7.575,-3627,-527,-4056,-895,1441,1374
552232,157.62,24.75,113.94,-6.75,-3630,-527,-4047,-885,1440,1371
552234,156.98,25.95,113.38,-9.3,-3637,-515,-4050,-912,1437,1372
552236,158.1,24.075,113.7,-6.375,-3624,-533,-4049,-881,1440,1367
552238,157.94,24.525,114.26,-7.65000000000001,-3626,-528,-4043,-894,1438,1368
552240,158.5,24.975,114.18,-8.40000000000001,-3620,-523,-4042,-902,1437,1363
552242,158.42,24.15,114.18,-10.5,-3621,-532,-4040,-923,1434,1366
552244,158.42,24.525,114.34,-9.52500000000001,-3621,-528,-4039,-913,1436,1365
552246,158.1,22.125,114.74,-10.275,-3621,-553,-4034,-920,1437,1361
552248,157.38,22.425,114.34,-11.55,-3628,-550,-4037,-934,1437,1367
552250,157.86,21.375,115.3,-11.55,-3623,-561,-4027,-933,1432,1355
552252,158.02,20.625,115.46,-10.575,-3620,-568,-4026,-923,1431,1357
552254,158.34,20.85,116.42,-10.65,-3617,-566,-4016,-923,1434,1355
552256,158.34,21.3,114.82,-11.4,-3617,-562,-4031,-932,1432,1353
552258,158.5,18.75,116.42,-11.55,-3613,-588,-4015,-932,1427,1356
552260,158.66,18.75,115.86,-12.75,-3611,-589,-4018,-946,1426,1354
552262,157.46,17.775,115.38,-12.6,-3622,-600,-4024,-945,1430,1351
552264,158.18,16.5,115.14,-14.625,-3613,-613,-4024,-967,1426,1352
552266,158.02,17.325,114.9,-13.125,-3615,-604,-4027,-951,1427,1351
552268,157.46,18.225,114.9,-14.175,-3621,-597,-4026,-963,1424,1350
552270,157.54,16.65,114.98,-14.025,-3619,-613,-4025,-962,1431,1352
552272,157.46,16.125,115.06,-13.575,-3619,-620,-4024,-958,1429,1352
552274,156.82,16.125,114.5,-12.15,-3626,-620,-4032,-944,1428,1345
552276,156.5,16.95,114.26,-14.175,-3629,-613,-4032,-966,1429,1347
552278,157.06,16.35,114.58,-13.725,-3623,-619,-4029,-962,1429,1348
552280,155.62,16.65,114.82,-13.125,-3638,-618,-4027,-956,1424,1345
552282,156.82,17.25,114.26,-13.2,-3626,-611,-4033,-957,1426,1348
552284,155.78,16.2,113.54,-12.525,-3636,-624,-4040,-952,1427,1345
552286,155.46,16.575,114.1,-14.55,-3640,-620,-4033,-973,1424,1345
552288,155.22,17.925,113.7,-13.95,-3643,-608,-4037,-968,1425,1344
552290,155.94,17.625,113.62,-13.5,-3635,-610,-4038,-963,1424,1341
552292,156.02,17.25,114.34,-12.45,-3634,-615,-4032,-953,1422,1342
552294,155.94,15.975,113.94,-13.5,-3634,-629,-4035,-965,1423,1340
552296,155.14,17.7,113.14,-13.2,-3643,-612,-4043,-963,1423,1339
552298,155.14,16.95,114.18,-12.75,-3643,-620,-4034,-957,1424,1341
552300,155.3,18.225,113.7,-13.8,-3642,-607,-4037,-970,1422,1341
552302,155.3,16.875,113.14,-14.85,-3641,-621,-4041,-981,1419,1335
552304,156.02,16.575,113.22,-11.175,-3633,-625,-4044,-944,1420,1339
552306,155.14,17.625,114.58,-13.65,-3643,-615,-4028,-968,1423,1338
552308,155.54,17.85,113.06,-13.725,-3639,-613,-4043,-970,1421,1338
552310,155.3,17.475,113.7,-13.275,-3641,-616,-4037,-965,1426,1339
552312,156.02,17.55,114.58,-12.45,-3634,-616,-4029,-956,1422,1334
552314,156.1,17.1,113.86,-13.8,-3632,-620,-4035,-971,1419,1335
552316,154.9,18.225,113.38,-13.275,-3646,-609,-4040,-966,1418,1334
552318,155.22,18.3,113.94,-13.5,-3643,-608,-4035,-968,1418,1336
552320,155.3,19.575,113.46,-13.65,-3643,-595,-4039,-970,1419,1334
552322,155.46,18.6,114.1,-12.75,-3641,-605,-4033,-960,1415,1328
552324,155.62,18.075,114.26,-14.325,-3638,-611,-4030,-976,1420,1336
552326,155.86,18.6,113.94,-13.725,-3637,-605,-4034,-970,1418,1337
552328,155.86,18.375,114.26,-14.475,-3635,-606,-4030,-977,1417,1335
552330,155.7,17.1,114.66,-13.425,-3636,-620,-4027,-966,1415,1329
552332,155.7,17.925,113.46,-11.4,-3637,-611,-4041,-946,1419,1324
552334,155.86,18.225,114.1,-14.7,-3636,-608,-4031,-979,1418,1328
552336,155.86,17.025,114.18,-13.95,-3634,-620,-4031,-971,1416,1321
552338,155.38,17.4,113.78,-15.15,-3639,-616,-4034,-984,1417,1324
552340,155.46,16.725,113.78,-15.075,-3637,-623,-4034,-983,1419,1327
552342,154.42,16.5,113.62,-15.45,-3648,-626,-4035,-987,1420,1325
552344,155.46,17.025,113.38,-16.35,-3637,-619,-4036,-995,1420,1327
552346,155.7,17.175,113.54,-15.675,-3635,-618,-4035,-989,1419,1334
552348,155.54,16.65,114.74,-14.925,-3636,-623,-4023,-979,1417,1325
552350,154.98,16.125,114.58,-14.925,-3641,-628,-4025,-979,1418,1329
552352,154.58,16.05,113.62,-15.6,-3645,-629,-4033,-987,1418,1326
552354,155.14,16.575,114.9,-13.65,-3639,-623,-4022,-966,1413,1321
552356,155.54,16.2,114.74,-16.05,-3635,-626,-4021,-989,1417,1322
552358,156.26,17.475,114.34,-14.625,-3629,-612,-4027,-975,1416,1328
552360,155.3,16.875,114.58,-13.875,-3638,-618,-4025,-967,1414,1324
552362,155.14,15.825,114.34,-14.4,-3638,-630,-4026,-972,1413,1326
552364,154.74,15.15,113.86,-13.275,-3641,-636,-4032,-960,1416,1320
552366,155.06,16.05,115.06,-15.975,-3638,-627,-4016,-987,1415,1318
552368,155.54,16.575,114.5,-13.5,-3633,-620,-4024,-961,1413,1323
552370,155.46,14.7,114.98,-16.425,-3632,-639,-4017,-991,1415,1320
552372,155.62,17.175,115.22,-13.95,-3633,-613,-4016,-965,1416,1323
552374,155.38,15.15,115.46,-14.475,-3633,-634,-4013,-970,1411,1320
552376,155.46,15.3,115.78,-15.075,-3632,-632,-4008,-975,1416,1314
552378,155.22,15.675,115.94,-15.675,-3635,-628,-4006,-982,1416,1316
552380,154.74,15.6,115.38,-14.1,-3639,-629,-4012,-965,1414,1319
552382,155.22,15.3,114.9,-13.35,-3634,-632,-4018,-958,1414,1320
552384,155.38,16.425,115.86,-17.1,-3632,-619,-4004,-995,1412,1317
552386,154.98,15.225,115.38,-14.55,-3635,-632,-4011,-969,1413,1319
552388,155.38,16.125,114.42,-15.45,-3632,-622,-4020,-979,1412,1315
552390,154.74,16.125,115.7,-15.375,-3638,-622,-4006,-977,1419,1318
552392,154.26,16.35,115.38,-15.75,-3642,-619,-4008,-980,1415,1313
552394,154.18,15.9,115.06,-12.6,-3642,-624,-4015,-947,1416,1317
552396,155.14,15.6,116.5,-13.425,-3632,-626,-3999,-954,1413,1312
552398,155.06,16.575,116.02,-15.45,-3634,-616,-4002,-976,1409,1316
552400,154.74,15.75,116.5,-12.9,-3635,-624,-3999,-949,1413,1318
552402,154.9,15.525,116.42,-16.5,-3634,-626,-3996,-986,1413,1314
552404,154.18,17.1,116.74,-13.725,-3642,-610,-3995,-957,1409,1313
552406,154.82,15.6,116.02,-14.925,-3633,-625,-4001,-969,1411,1318
552408,154.1,15.975,115.86,-14.925,-3641,-621,-4002,-969,1410,1321
552410,154.9,17.025,115.62,-14.925,-3634,-610,-4004,-969,1409,1313
552412,155.06,16.575,116.26,-14.925,-3631,-614,-3997,-968,1408,1311
552414,154.98,15.6,117.46,-15.15,-3631,-624,-3985,-970,1413,1315
552416,155.3,17.4,116.9,-15.45,-3629,-604,-3990,-973,1411,1314
552418,154.66,16.35,115.94,-14.55,-3634,-616,-4000,-964,1412,1316
552420,154.5,15.9,116.42,-15,-3635,-620,-3995,-968,1414,1313
552422,154.74,15.9,117.62,-15.9,-3632,-620,-3981,-977,1406,1314
552424,154.82,14.25,116.26,-16.125,-3630,-637,-3995,-980,1407,1312
552426,154.58,15.15,116.5,-16.2,-3633,-628,-3992,-980,1414,1313
552428,154.26,13.8,116.74,-16.725,-3635,-642,-3989,-985,1410,1310
552430,153.54,14.025,116.34,-17.625,-3643,-640,-3992,-994,1407,1314
552432,154.98,13.65,116.74,-15.225,-3627,-642,-3990,-969,1410,1306
552434,154.1,13.725,116.9,-17.7,-3636,-642,-3987,-995,1408,1315
552436,154.66,12.675,116.9,-15.675,-3630,-653,-3989,-974,1409,1309
552438,155.06,13.95,116.98,-17.025,-3627,-640,-3986,-988,1408,1314
552440,154.18,13.275,117.06,-16.125,-3635,-647,-3986,-978,1406,1310
552442,154.1,12.675,116.18,-18.375,-3635,-653,-3993,-1002,1406,1314
552444,154.34,12.825,116.58,-16.575,-3633,-652,-3990,-983,1405,1311
552446,154.5,13.275,116.1,-15.825,-3632,-647,-3996,-976,1406,1310
552448,153.46,13.05,116.02,-17.7,-3642,-650,-3995,-995,1403,1313
552450,154.02,13.35,116.42,-17.4,-3637,-646,-3992,-992,1406,1312
552452,152.98,12.75,116.74,-16.65,-3647,-654,-3989,-985,1405,1312
552454,153.22,13.35,115.86,-16.875,-3645,-647,-3998,-988,1402,1312
552456,153.54,12.75,116.98,-15,-3641,-654,-3988,-967,1404,1308
552458,152.26,12,116.26,-17.325,-3654,-662,-3993,-992,1403,1316
552460,152.5,12.225,115.78,-17.325,-3651,-660,-3999,-992,1405,1312
552462,152.18,12.225,115.54,-18.075,-3655,-660,-4000,-1000,1400,1315
552464,153.22,12.15,115.46,-17.7,-3644,-660,-4001,-997,1406,1316
552466,152.9,12.15,115.94,-17.7,-3648,-660,-3996,-996,1407,1314
552468,151.7,12.3,115.54,-16.725,-3660,-659,-4001,-987,1404,1312
552470,153.22,12.3,116.1,-16.425,-3644,-659,-3996,-983,1406,1318
552472,152.34,12.975,116.82,-15.6,-3654,-653,-3989,-974,1403,1313
552474,151.78,12.825,115.62,-18.45,-3660,-654,-3999,-1004,1403,1316
552476,152.58,11.7,115.94,-17.175,-3650,-666,-3997,-991,1401,1314
552478,152.98,12.825,116.02,-18.225,-3648,-653,-3996,-1002,1404,1311
552480,151.54,12.3,116.1,-17.1,-3662,-660,-3996,-990,1404,1313
552482,152.58,12.675,116.9,-16.875,-3652,-655,-3988,-987,1402,1313
552484,152.18,12.3,116.82,-16.575,-3656,-659,-3990,-984,1402,1313
552486,152.58,13.875,116.98,-16.95,-3653,-642,-3987,-988,1402,1317
552488,152.58,13.125,116.98,-15.375,-3653,-650,-3989,-971,1402,1314
552490,152.26,13.725,116.98,-15.825,-3657,-644,-3989,-976,1407,1318
552492,152.74,13.65,117.62,-16.725,-3653,-644,-3983,-984,1405,1317
552494,152.26,14.025,118.66,-17.25,-3658,-640,-3971,-989,1403,1320
552496,152.9,13.275,117.46,-15.6,-3651,-647,-3985,-972,1404,1315
552498,152.34,13.125,117.38,-17.175,-3657,-649,-3985,-989,1403,1320
552500,151.78,13.05,117.62,-18.9,-3663,-650,-3982,-1006,1403,1318
552502,152.74,12.675,117.62,-17.1,-3653,-653,-3983,-987,1405,1317
552504,152.42,12.375,118.82,-17.7,-3657,-656,-3971,-992,1402,1321
552506,152.26,13.725,117.22,-18.075,-3659,-642,-3987,-997,1400,1314
552508,151.62,12.6,117.7,-16.95,-3666,-654,-3984,-984,1404,1314
552510,151.94,12.675,116.5,-16.875,-3663,-653,-3997,-985,1403,1318
552512,152.18,13.35,118.5,-18.75,-3662,-646,-3975,-1003,1403,1319
552514,151.78,13.125,117.22,-14.775,-3666,-648,-3992,-963,1399,1318
552516,151.94,12,118.58,-15.675,-3664,-659,-3979,-971,1402,1317
552518,150.66,12,117.86,-17.475,-3677,-661,-3984,-990,1399,1321
552520,151.38,13.2,116.42,-17.55,-3672,-647,-4000,-991,1400,1322
552522,150.5,11.7,116.74,-16.2,-3679,-663,-3997,-977,1404,1321
552524,150.18,12.525,117.54,-16.275,-3685,-655,-3990,-977,1402,1317
552526,150.98,12.75,115.62,-14.1,-3677,-652,-4012,-956,1401,1325
552528,150.26,12,116.58,-14.625,-3684,-661,-4003,-961,1401,1330
552530,150.66,11.925,117.3,-15.675,-3680,-661,-3994,-971,1403,1322
552532,150.74,12.075,116.02,-15.825,-3681,-659,-4008,-973,1404,1323
552534,150.34,11.7,116.98,-15.15,-3685,-663,-3999,-965,1402,1328
552536,149.94,11.25,117.14,-14.475,-3689,-669,-3999,-959,1402,1330
552538,150.82,12.075,116.42,-16.5,-3681,-659,-4005,-980,1403,1329
552540,151.38,11.475,115.54,-13.125,-3676,-665,-4018,-946,1398,1324
552542,150.34,11.325,115.94,-17.85,-3686,-667,-4010,-995,1401,1325
552544,150.66,11.25,116.1,-15.375,-3683,-668,-4011,-969,1400,1330
552546,150.5,12,116.58,-14.925,-3686,-661,-4006,-964,1401,1334
552548,150.66,12,116.74,-15.825,-3685,-661,-4006,-973,1399,1328
552550,150.34,10.275,116.82,-16.125,-3686,-679,-4004,-976,1403,1332
552552,149.86,10.8,115.94,-16.35,-3693,-674,-4014,-980,1403,1329
552554,150.42,10.575,116.34,-16.725,-3687,-676,-4010,-983,1402,1329
552556,150.5,11.475,117.3,-17.4,-3688,-667,-4000,-990,1402,1331
552558,150.42,11.625,117.14,-16.8,-3689,-665,-4002,-984,1401,1328
552560,150.34,10.8,116.58,-17.7,-3690,-675,-4007,-994,1399,1332
552562,150.5,10.95,117.78,-18.75,-3689,-673,-3994,-1004,1400,1329
552564,150.9,10.8,117.7,-17.475,-3684,-674,-3997,-991,1400,1332
552566,150.02,9.90000000000001,117.7,-16.35,-3692,-685,-3998,-980,1404,1332
552568,150.42,9.90000000000001,116.66,-18.225,-3689,-684,-4007,-1000,1403,1329
552570,150.18,9.90000000000001,116.98,-18.15,-3691,-684,-4004,-999,1405,1334
552572,150.58,10.875,117.38,-16.35,-3689,-674,-4002,-980,1402,1330
552574,150.02,10.275,117.22,-17.4,-3694,-681,-4002,-991,1404,1330
552576,150.18,10.05,118.5,-16.35,-3693,-684,-3991,-980,1403,1325
552578,150.18,10.05,117.3,-15.825,-3692,-684,-4004,-976,1406,1331
552580,150.74,10.35,117.78,-17.7,-3687,-681,-3997,-995,1402,1327
552582,150.82,10.125,118.34,-17.25,-3686,-683,-3992,-990,1402,1337
552584,150.5,10.125,117.62,-16.725,-3690,-684,-3999,-985,1403,1333
552586,150.58,10.725,119.06,-16.575,-3690,-678,-3985,-983,1403,1336
552588,150.66,10.5,119.14,-18.075,-3688,-680,-3983,-999,1403,1332
552590,150.26,10.725,118.26,-15.525,-3692,-678,-3995,-973,1404,1335
552592,150.1,9.67500000000001,118.58,-14.7,-3693,-690,-3992,-965,1407,1335
552594,150.5,10.275,120.18,-15.525,-3690,-683,-3975,-972,1405,1331
552596,151.3,11.85,119.14,-15.975,-3682,-666,-3985,-978,1403,1335
552598,150.98,11.4,117.94,-15.3,-3686,-671,-3997,-971,1403,1338
552600,150.74,10.725,118.98,-16.2,-3687,-678,-3986,-981,1402,1335
552602,150.74,11.475,118.18,-15,-3688,-671,-3995,-969,1402,1340
552604,150.5,11.025,118.98,-15.075,-3690,-676,-3987,-969,1406,1336
552606,150.82,11.7,119.54,-14.85,-3687,-669,-3982,-967,1405,1336
552608,150.5,12.15,118.58,-14.85,-3691,-664,-3991,-967,1404,1341
552610,150.9,11.925,118.58,-15.75,-3687,-667,-3990,-977,1403,1336
552612,150.66,11.325,119.3,-14.625,-3688,-673,-3983,-964,1404,1336
552614,150.74,11.025,118.82,-15.15,-3687,-676,-3988,-970,1407,1339
552616,150.74,11.925,118.58,-14.025,-3688,-667,-3992,-959,1401,1341
552618,150.98,11.55,119.7,-14.7,-3685,-671,-3979,-965,1404,1337
552620,151.38,11.85,119.3,-14.4,-3680,-667,-3983,-962,1400,1336
552622,150.82,11.55,117.78,-14.55,-3686,-670,-3999,-965,1405,1338
552624,150.9,11.7,118.5,-14.175,-3685,-669,-3991,-961,1402,1338
552626,150.9,11.7,118.42,-15,-3685,-669,-3992,-969,1402,1339
552628,150.82,11.85,119.62,-14.85,-3686,-667,-3979,-966,1402,1336
552630,150.74,11.775,118.66,-14.85,-3686,-668,-3988,-967,1400,1335
552632,150.58,11.025,119.3,-13.5,-3687,-677,-3983,-953,1404,1332
552634,150.5,11.475,119.78,-14.325,-3688,-672,-3977,-961,1403,1338
552636,150.82,10.95,118.9,-14.1,-3684,-677,-3986,-960,1404,1335
552638,150.66,10.65,118.98,-14.25,-3685,-680,-3985,-961,1406,1336
552640,151.14,11.7,119.46,-15.075,-3681,-669,-3979,-969,1403,1333
552642,150.66,11.25,118.98,-14.1,-3685,-674,-3985,-959,1404,1338
552644,151.38,11.175,119.3,-16.35,-3677,-675,-3979,-982,1401,1336
552646,150.02,10.425,118.74,-15.825,-3690,-683,-3985,-977,1403,1340
552648,150.74,10.425,119.3,-14.475,-3683,-682,-3980,-963,1402,1340
552650,150.9,11.475,120.5,-14.775,-3682,-672,-3968,-965,1401,1335
552652,150.74,10.725,119.06,-15.675,-3683,-680,-3982,-976,1401,1337
552654,150.5,10.725,120.58,-13.125,-3685,-679,-3968,-948,1403,1338
552656,151.06,11.025,119.7,-14.55,-3679,-676,-3976,-963,1402,1336
552658,150.9,11.25,119.94,-14.4,-3681,-673,-3973,-961,1401,1337
552660,150.9,12.075,118.98,-14.175,-3682,-665,-3983,-960,1406,1341
552662,151.06,12.225,118.66,-14.7,-3681,-664,-3986,-965,1401,1342
552664,150.9,12.375,119.54,-15.45,-3682,-662,-3976,-973,1401,1338
552666,150.74,11.625,119.3,-15.3,-3683,-670,-3978,-972,1402,1335
552668,150.26,12.45,119.14,-15.75,-3688,-662,-3979,-976,1402,1342
552670,150.82,11.625,119.94,-14.625,-3682,-670,-3972,-964,1399,1340
552672,150.9,11.7,118.66,-15.225,-3681,-669,-3984,-971,1402,1339
552674,150.74,12.075,119.7,-14.625,-3683,-665,-3974,-964,1401,1338
552676,150.66,11.625,118.82,-14.475,-3683,-670,-3983,-963,1402,1336
552678,150.34,11.4,118.98,-13.95,-3685,-672,-3982,-957,1401,1341
552680,150.74,11.175,120.42,-13.65,-3681,-674,-3967,-953,1400,1335
552682,150.26,11.4,119.94,-14.775,-3686,-672,-3971,-965,1400,1341
552684,150.26,11.85,119.7,-14.25,-3686,-667,-3974,-960,1401,1337
552686,150.74,11.85,118.9,-12.9,-3682,-667,-3983,-946,1403,1340
552688,150.58,11.85,119.62,-11.775,-3683,-667,-3977,-934,1398,1339
552690,150.66,12.15,119.38,-13.575,-3682,-664,-3977,-953,1404,1342
552692,150.1,12.825,119.86,-13.05,-3689,-657,-3974,-947,1404,1338
552694,151.06,12.525,119.78,-12.525,-3679,-659,-3974,-941,1399,1341
552696,150.58,11.4,119.46,-13.875,-3683,-671,-3976,-955,1403,1339
552698,150.02,12.825,119.54,-13.875,-3690,-656,-3976,-955,1399,1338
552700,150.5,12.375,118.98,-11.775,-3684,-660,-3983,-933,1398,1339
552702,150.42,11.625,119.38,-12.075,-3684,-668,-3979,-936,1399,1341
552704,150.66,12.15,118.98,-13.8,-3682,-662,-3981,-954,1402,1342
552706,150.66,12.3,119.06,-12.9,-3682,-661,-3981,-944,1400,1341
552708,150.5,12.15,119.54,-12.45,-3684,-662,-3976,-940,1399,1339
552710,150.02,11.625,119.94,-13.425,-3688,-668,-3972,-949,1402,1336
552712,150.02,12,118.02,-12.525,-3689,-664,-3992,-941,1399,1342
552714,150.66,12.375,119.14,-12.375,-3682,-659,-3981,-939,1398,1340
552716,150.34,12.075,120.26,-13.05,-3686,-663,-3969,-944,1397,1338
552718,150.74,11.625,119.38,-11.55,-3682,-667,-3980,-930,1398,1340
552720,150.34,12.3,120.02,-12.375,-3686,-660,-3972,-938,1400,1337
552722,150.5,12,119.22,-12.975,-3684,-663,-3980,-945,1399,1338
552724,150.66,11.25,120.42,-12.525,-3682,-671,-3968,-939,1399,1337
552726,150.18,11.775,119.62,-13.5,-3687,-665,-3976,-949,1398,1337
552728,150.58,11.325,119.54,-13.425,-3683,-669,-3976,-948,1399,1337
552730,150.66,11.4,120.5,-14.175,-3682,-669,-3966,-956,1398,1337
552732,150.42,11.925,120.9,-13.2,-3686,-664,-3963,-945,1396,1336
552734,150.58,12.225,119.46,-14.85,-3684,-660,-3976,-963,1398,1338
552736,150.42,11.775,120.1,-14.55,-3685,-665,-3970,-959,1396,1332
552738,150.74,11.7,119.94,-13.575,-3681,-666,-3972,-950,1396,1329
552740,150.82,11.625,119.94,-14.85,-3680,-667,-3970,-963,1399,1336
552742,150.58,11.55,120.26,-14.775,-3683,-668,-3968,-962,1398,1337
552744,150.58,11.175,119.94,-14.25,-3683,-671,-3971,-957,1398,1340
552746,150.74,11.1,120.26,-14.775,-3681,-672,-3967,-962,1400,1338
552748,150.66,11.175,120.18,-14.475,-3682,-671,-3969,-959,1399,1339
552750,150.5,10.65,121.46,-15.15,-3683,-677,-3955,-965,1399,1338
552752,150.9,11.55,120.5,-13.575,-3680,-667,-3966,-950,1398,1336
552754,150.02,11.025,119.86,-15.6,-3688,-673,-3970,-971,1397,1338
552756,150.66,11.625,120.74,-13.725,-3682,-667,-3963,-951,1398,1336
552758,150.1,11.4,120.58,-14.55,-3687,-669,-3964,-959,1396,1336
552760,150.58,12,120.5,-15.825,-3682,-663,-3963,-973,1395,1337
552762,150.18,11.55,120.18,-14.4,-3686,-668,-3968,-958,1397,1339
552764,150.98,11.625,120.9,-12.75,-3678,-667,-3962,-940,1395,1335
552766,150.5,11.7,122.02,-14.775,-3683,-666,-3949,-961,1396,1336
552768,150.82,12.15,120.82,-13.125,-3680,-661,-3962,-945,1396,1331
552770,150.58,12.15,121.3,-12.6,-3683,-661,-3958,-939,1395,1338
552772,150.42,11.7,122.02,-14.475,-3683,-665,-3948,-958,1395,1338
552774,149.62,10.95,120.5,-15.3,-3691,-674,-3963,-967,1396,1334
552776,150.66,11.55,121.54,-12.45,-3681,-667,-3955,-937,1396,1338
552778,150.42,11.7,120.26,-13.2,-3683,-666,-3967,-945,1396,1335
552780,150.42,11.7,121.38,-12.825,-3683,-666,-3956,-941,1396,1335
552782,151.38,11.475,121.86,-11.625,-3673,-667,-3953,-928,1395,1334
552784,150.9,11.4,122.1,-12.225,-3678,-668,-3950,-934,1397,1338
552786,150.82,12.075,121.06,-13.275,-3680,-661,-3959,-945,1396,1338
552788,151.38,11.625,122.26,-12.75,-3673,-665,-3947,-939,1395,1333
552790,151.38,11.625,122.34,-13.95,-3673,-665,-3945,-951,1393,1337
552792,151.62,11.55,120.98,-12.675,-3670,-665,-3961,-938,1396,1336
552794,150.58,10.575,121.62,-13.425,-3680,-676,-3953,-946,1396,1336
552796,150.74,10.425,122.02,-13.2,-3678,-677,-3948,-943,1395,1338
552798,150.98,11.475,121.78,-14.625,-3676,-667,-3949,-958,1396,1337
552800,150.66,11.625,122.58,-13.5,-3680,-665,-3943,-946,1396,1335
552802,151.3,11.55,122.34,-12.375,-3673,-665,-3947,-934,1393,1334
552804,151.46,10.875,121.78,-13.95,-3672,-672,-3951,-951,1391,1339
552806,151.22,11.25,122.66,-14.1,-3674,-669,-3942,-952,1394,1333
552808,151.14,10.05,122.58,-13.425,-3674,-681,-3944,-945,1394,1337
552810,151.62,10.875,123.46,-14.7,-3670,-672,-3933,-957,1393,1337
552812,151.22,10.575,122.58,-15.225,-3675,-675,-3942,-963,1394,1334
552814,151.22,10.575,123.38,-15.3,-3674,-676,-3933,-964,1391,1338
552816,151.22,10.125,122.26,-14.7,-3674,-680,-3945,-958,1390,1330
552818,151.14,10.65,123.38,-14.775,-3675,-674,-3934,-958,1394,1338
552820,151.38,11.175,123.14,-14.7,-3673,-669,-3937,-958,1392,1338
552822,150.9,8.84999999999999,123.54,-15,-3676,-694,-3933,-960,1395,1339
552824,151.3,11.175,123.46,-15.675,-3674,-669,-3933,-968,1394,1338
552826,152.1,10.425,123.46,-14.025,-3665,-676,-3934,-950,1391,1335
552828,151.62,10.425,123.38,-15.75,-3670,-677,-3934,-968,1392,1340
552830,151.14,10.125,122.5,-14.475,-3675,-681,-3944,-956,1392,1335
552832,151.94,10.65,123.94,-15.45,-3667,-675,-3928,-965,1393,1338
552834,150.9,9.22499999999999,123.38,-14.925,-3676,-690,-3934,-960,1394,1335
552836,151.62,10.05,122.98,-14.25,-3671,-681,-3940,-954,1394,1339
552838,150.66,10.35,122.5,-14.7,-3681,-678,-3945,-958,1391,1338
552840,148.66,11.025,120.5,-13.05,-3702,-673,-3967,-943,1395,1338
552842,142.9,13.125,115.7,-10.5,-3763,-656,-4019,-921,1393,1343
552844,137.78,21.45,106.66,-6.3,-3825,-573,-4116,-884,1387,1339
552846,129.06,28.2,96.1,0.150000000000006,-3921,-510,-4232,-825,1394,1335
552848,119.62,34.35,85.54,7.05000000000001,-4025,-452,-4348,-761,1397,1333
552850,109.06,39.15,70.82,10.275,-4138,-409,-4503,-738,1398,1335
552852,98.82,48.375,58.9,17.625,-4255,-321,-4634,-670,1402,1341
552854,89.06,52.575,46.66,26.475,-4360,-284,-4771,-587,1404,1345
552856,79.54,56.625,34.66,29.325,-4463,-248,-4899,-566,1401,1350
552858,71.94,61.425,27.62,33.825,-4547,-203,-4977,-525,1392,1348
552860,65.46,61.875,20.02,35.1,-4615,-204,-5058,-516,1393,1349
552862,59.22,66.375,11.86,37.425,-4685,-161,-5145,-498,1403,1341
552864,56.74,70.725,8.34,42.375,-4716,-116,-5188,-449,1399,1345
552866,54.9,74.625,5.54,50.85,-4739,-77,-5227,-362,1402,1345
552868,57.62,79.8,7.54,54.975,-4718,-20,-5212,-317,1400,1347
552870,57.86,81.6,8.9,59.4,-4717,-1,-5202,-270,1402,1354
552872,59.7,84.6,10.9,62.55,-4702,30,-5186,-235,1405,1354
552874,61.14,85.05,13.46,62.7,-4688,36,-5160,-232,1412,1361
552876,62.34,85.95,14.9,63.6,-4676,46,-5146,-222,1413,1361
552878,62.34,86.025,17.7,61.95,-4677,47,-5115,-237,1415,1364
552880,62.66,86.85,18.42,60.6,-4675,56,-5106,-251,1417,1362
552882,61.94,85.125,19.38,60.45,-4680,37,-5096,-252,1416,1361
552884,62.26,85.125,19.38,58.05,-4677,37,-5094,-278,1412,1359
552886,61.78,85.425,18.98,59.325,-4683,39,-5099,-265,1411,1357
552888,61.86,85.125,18.58,58.95,-4682,37,-5104,-269,1411,1353
552890,61.62,84.075,18.5,59.175,-4683,25,-5105,-266,1415,1351
552892,61.22,83.85,18.34,59.025,-4688,23,-5107,-268,1416,1353
552894,60.18,83.1,17.94,60.3,-4698,13,-5112,-255,1410,1356
552896,60.1,83.55,19.22,60.075,-4699,18,-5099,-257,1414,1353
552898,60.42,83.175,19.38,59.1,-4696,15,-5096,-267,1414,1354
552900,59.86,82.5,19.7,60.975,-4702,7,-5096,-247,1410,1352
552902,59.7,82.425,20.42,60.525,-4703,6,-5088,-252,1413,1354
552904,60.42,83.025,21.06,60.3,-4697,13,-5081,-253,1414,1357
552906,59.3,82.275,20.98,60.6,-4707,4,-5082,-251,1414,1357
552908,58.9,82.125,20.42,61.05,-4712,3,-5089,-246,1416,1356
552910,57.7,81.975,21.06,60.525,-4724,0,-5082,-251,1414,1361
552912,58.18,82.2,21.3,60.3,-4721,3,-5080,-253,1416,1360
552914,57.86,82.65,21.78,61.425,-4724,7,-5077,-241,1414,1361
552916,57.62,82.35,21.3,60.45,-4727,4,-5081,-252,1414,1359
552918,58.02,83.175,21.54,61.35,-4723,13,-5079,-242,1414,1364
552920,57.14,82.275,22.34,62.625,-4732,3,-5073,-227,1413,1359
552922,56.82,82.65,21.7,62.7,-4736,7,-5080,-227,1413,1359
552924,56.34,82.275,22.42,61.95,-4741,3,-5072,-235,1415,1362
552926,56.66,81.75,22.9,62.925,-4737,-2,-5068,-224,1415,1358
552928,56.66,83.1,22.58,63,-4739,12,-5071,-223,1413,1359
552930,55.94,82.875,23.06,61.65,-4746,9,-5065,-237,1413,1361
552932,55.94,82.95,23.62,63.9,-4746,10,-5062,-212,1417,1360
552934,56.26,82.2,23.46,62.85,-4742,3,-5062,-223,1418,1360
552936,56.34,80.925,24.5,62.4,-4741,-9,-5052,-227,1417,1362
552938,55.7,81.975,24.74,62.925,-4749,1,-5050,-222,1415,1359
552940,55.3,81.45,23.94,62.475,-4752,-5,-5058,-226,1417,1363
552942,55.46,82.65,23.62,59.85,-4752,7,-5058,-254,1415,1367
552944,55.22,81.825,25.38,62.25,-4754,-1,-5043,-228,1419,1363
552946,54.66,80.7,24.26,60.825,-4759,-13,-5053,-243,1412,1365
552948,53.3,81,24.9,61.725,-4773,-10,-5047,-233,1416,1363
552950,55.06,80.25,25.86,61.425,-4754,-17,-5038,-236,1419,1365
552952,54.66,81,24.9,61.575,-4760,-9,-5047,-235,1414,1361
552954,55.06,80.025,25.06,60.825,-4754,-19,-5045,-243,1416,1366
552956,54.9,81,26.82,62.25,-4757,-9,-5029,-227,1415,1361
552958,54.9,80.4,25.7,61.05,-4756,-15,-5039,-240,1417,1366
552960,54.58,80.55,25.7,60.825,-4760,-14,-5039,-242,1416,1364
552962,54.18,79.575,26.42,60.45,-4763,-24,-5031,-246,1417,1367
552964,53.78,79.65,26.02,60.75,-4767,-25,-5035,-244,1418,1366
552966,54.02,78.225,26.42,60.75,-4762,-40,-5031,-243,1420,1365
552968,53.86,78.975,25.78,59.25,-4765,-32,-5036,-260,1418,1364
552970,53.38,78.825,25.7,60.675,-4770,-35,-5039,-245,1419,1366
552972,53.38,78.525,26.1,60.45,-4769,-38,-5034,-248,1418,1363
552974,52.58,77.775,25.86,59.85,-4777,-46,-5036,-254,1420,1367
552976,52.82,78.225,26.66,60.45,-4775,-43,-5029,-249,1419,1367
552978,53.38,77.25,25.78,60.675,-4768,-53,-5037,-247,1422,1365
552980,51.94,77.55,26.42,59.625,-4783,-52,-5030,-258,1422,1368
552982,51.06,76.275,26.26,59.925,-4791,-66,-5032,-255,1421,1367
552984,51.46,75.825,27.14,59.625,-4787,-72,-5022,-259,1421,1364
552986,51.3,73.875,25.22,58.95,-4786,-92,-5041,-268,1427,1370
552988,50.34,75,25.94,58.875,-4797,-82,-5033,-269,1428,1372
552990,50.5,74.325,26.02,60.375,-4795,-89,-5034,-254,1426,1369
552992,49.62,73.8,25.46,58.65,-4803,-97,-5038,-274,1427,1369
552994,48.98,74.7,25.62,58.5,-4811,-88,-5036,-275,1423,1367
552996,49.3,73.8,26.26,59.175,-4806,-98,-5030,-269,1424,1369
552998,49.14,73.725,26.9,59.925,-4807,-99,-5024,-261,1424,1367
553000,49.14,73.875,26.34,59.325,-4808,-99,-5029,-268,1424,1371
553002,49.3,74.175,27.14,58.275,-4806,-96,-5019,-279,1424,1370
553004,49.62,72.975,26.82,57.15,-4801,-109,-5021,-293,1423,1371
553006,49.46,72.3,27.38,58.5,-4802,-116,-5017,-277,1425,1371
553008,49.06,73.65,27.3,57.6,-4807,-104,-5016,-288,1425,1376
553010,49.22,73.35,28.34,59.325,-4806,-107,-5007,-269,1425,1371
553012,49.06,72.675,27.7,58.125,-4805,-115,-5012,-283,1423,1374
553014,49.06,74.025,28.26,56.55,-4807,-100,-5005,-300,1426,1379
553016,49.62,73.875,28.5,56.925,-4801,-103,-5002,-296,1428,1377
553018,48.26,72.975,28.1,56.625,-4814,-114,-5006,-300,1425,1376
553020,49.78,74.025,28.34,56.7,-4798,-102,-5003,-300,1425,1378
553022,49.14,74.475,28.1,57.225,-4806,-98,-5006,-294,1424,1375
553024,48.82,73.8,28.74,57.225,-4808,-105,-4999,-294,1426,1376
553026,49.38,74.4,29.62,56.25,-4803,-98,-4988,-304,1426,1380
553028,48.9,73.575,30.34,58.65,-4806,-108,-4983,-278,1426,1370
553030,49.14,73.425,29.78,57.75,-4804,-110,-4988,-288,1427,1375
553032,48.5,73.5,29.14,55.575,-4810,-110,-4992,-312,1426,1377
553034,48.9,73.5,29.7,55.35,-4806,-109,-4986,-314,1428,1381
553036,49.22,73.875,29.38,56.475,-4802,-105,-4990,-303,1428,1379
553038,48.26,73.05,29.62,56.175,-4811,-114,-4987,-305,1429,1376
553040,48.98,73.5,30.02,55.575,-4804,-110,-4982,-312,1427,1378
553042,48.74,72.675,30.42,58.125,-4806,-118,-4980,-285,1429,1377
553044,49.06,72.9,30.26,56.925,-4802,-115,-4981,-297,1428,1375
553046,48.66,73.05,30.34,55.35,-4807,-114,-4978,-313,1431,1383
553048,48.58,73.125,31.06,56.175,-4807,-113,-4971,-304,1429,1377
553050,48.42,72.75,30.9,55.125,-4809,-117,-4971,-315,1428,1379
553052,48.58,72.975,31.38,52.8,-4807,-114,-4963,-339,1431,1389
553054,48.58,72.825,30.9,54.825,-4806,-116,-4970,-318,1428,1385
553056,48.26,72.45,30.66,56.85,-4809,-119,-4975,-297,1428,1374
553058,47.86,71.7,30.1,55.725,-4812,-127,-4979,-308,1429,1382
553060,48.58,72.75,30.74,55.2,-4805,-116,-4971,-313,1428,1384
553062,48.34,73.2,30.34,57.375,-4809,-111,-4978,-291,1430,1378
553064,47.94,72.15,30.82,54.9,-4811,-122,-4970,-315,1428,1384
553066,48.18,72.225,29.78,52.35,-4809,-121,-4979,-343,1431,1391
553068,47.86,72,30.66,54.525,-4812,-123,-4971,-319,1428,1388
553070,46.98,70.575,30.74,53.85,-4819,-138,-4969,-326,1432,1382
553072,47.14,71.175,30.74,53.025,-4818,-132,-4968,-334,1429,1388
553074,47.54,71.025,31.3,52.875,-4813,-133,-4962,-336,1430,1390
553076,46.9,70.725,30.18,53.175,-4819,-136,-4973,-332,1430,1386
553078,46.98,71.175,31.38,52.8,-4819,-131,-4961,-335,1430,1394
553080,47.46,70.575,30.5,54,-4813,-136,-4971,-322,1432,1388
553082,46.58,70.425,30.9,54,-4822,-138,-4967,-322,1432,1387
553084,47.22,71.1,30.74,53.475,-4816,-130,-4968,-328,1432,1396
553086,46.82,70.275,31.62,54.825,-4819,-139,-4960,-312,1434,1393
553088,46.5,70.275,30.9,55.65,-4822,-138,-4968,-304,1432,1386
553090,46.82,69.6,31.62,54.6,-4818,-146,-4960,-314,1436,1392
553092,46.98,70.5,31.38,53.25,-4817,-135,-4960,-327,1433,1393
553094,46.42,70.275,32.18,54,-4822,-138,-4953,-319,1432,1392
553096,46.5,70.05,31.46,55.5,-4821,-139,-4961,-303,1430,1389
553098,46.42,70.2,30.98,53.775,-4822,-138,-4964,-322,1432,1396
553100,46.5,69.75,31.78,52.425,-4821,-142,-4954,-335,1433,1392
553102,46.74,69.525,32.02,53.625,-4818,-144,-4954,-322,1434,1392
553104,46.5,70.35,32.02,52.275,-4822,-135,-4952,-336,1435,1400
553106,46.66,69.15,32.18,54.975,-4818,-148,-4954,-307,1435,1385
553108,46.34,70.125,32.42,51.975,-4823,-137,-4948,-338,1433,1396
553110,46.18,69.45,32.74,53.025,-4823,-144,-4945,-327,1434,1395
553112,46.9,68.925,32.5,54.075,-4816,-149,-4949,-315,1436,1389
553114,46.74,69.525,33.38,53.25,-4818,-142,-4938,-323,1438,1394
553116,46.5,69.525,32.9,52.125,-4821,-142,-4942,-335,1435,1399
553118,46.5,68.85,33.46,51.45,-4820,-150,-4936,-342,1438,1397
553120,46.66,69,33.38,53.325,-4818,-147,-4939,-321,1436,1396
553122,46.58,69.15,33.06,51.975,-4819,-146,-4941,-336,1437,1400
553124,47.22,69.375,34.18,53.7,-4813,-142,-4931,-317,1441,1397
553126,47.22,69.6,34.66,55.125,-4813,-140,-4928,-301,1438,1392
553128,46.98,71.7,33.54,55.125,-4818,-118,-4940,-302,1439,1398
553130,47.38,74.25,32.58,60.6,-4817,-90,-4955,-245,1443,1392
553132,46.26,79.425,31.14,66.15,-4834,-37,-4977,-187,1440,1391
553134,45.3,92.475,27.06,77.4,-4859,100,-5032,-72,1455,1405
553136,44.02,108.675,22.42,94.2,-4890,270,-5100,102,1451,1409
553138,42.5,125.4,18.02,116.25,-4924,447,-5171,333,1466,1412
553140,43.46,142.35,12.82,134.4,-4934,629,-5246,523,1474,1423
553142,43.62,166.125,9.3,156.45,-4959,883,-5309,757,1491,1424
553144,45.62,182.025,6.1,174.825,-4956,1055,-5365,952,1504,1446
553146,45.86,197.625,2.82000000000001,189.375,-4971,1224,-5416,1107,1522,1454
553148,46.42,217.95,-0.539999999999999,207.6,-4988,1445,-5473,1302,1524,1453
553150,46.34,230.625,-5.34,218.25,-5004,1582,-5537,1414,1536,1465
553152,46.74,248.1,-10.14,232.725,-5019,1772,-5605,1568,1557,1472
553154,47.22,265.2,-13.58,247.8,-5034,1959,-5660,1731,1554,1476
553156,47.86,284.025,-16.46,261.825,-5048,2166,-5708,1882,1563,1466
553158,50.26,302.775,-17.66,281.625,-5044,2374,-5745,2100,1561,1468
553160,52.58,321.075,-18.06,296.7,-5041,2576,-5768,2264,1572,1468
553162,55.46,335.625,-15.34,315.75,-5027,2739,-5762,2477,1577,1479
553164,60.9,357.75,-14.3,332.4,-4995,2988,-5771,2662,1578,1474
553166,63.38,372.15,-11.1,346.5,-4985,3150,-5754,2821,1584,1475
553168,65.7,393.15,-10.22,365.925,-4984,3387,-5769,3039,1589,1474
553170,67.54,408.075,-9.73999999999999,382.65,-4981,3556,-5784,3226,1601,1488
553172,70.66,427.8,-10.22,409.425,-4970,3779,-5823,3527,1603,1492
553174,73.86,444.375,-10.06,430.05,-4955,3969,-5847,3760,1610,1515
553176,76.82,461.175,-9.82,450.6,-4942,4161,-5870,3994,1616,1518
553178,80.1,479.175,-8.7,468.225,-4928,4367,-5881,4196,1619,1524
553180,82.98,496.2,-8.7,484.125,-4917,4563,-5901,4378,1645,1523
553182,85.7,512.925,-8.54,497.025,-4907,4756,-5915,4525,1632,1508
553184,88.26,529.5,-8.22,510.375,-4898,4948,-5929,4679,1653,1512
553186,90.82,542.25,-5.73999999999999,525.6,-4885,5096,-5920,4857,1655,1510
553188,94.66,560.4,-3.66,539.025,-4864,5307,-5915,5012,1670,1512
553190,99.38,572.775,-1.26000000000001,550.35,-4827,5454,-5903,5145,1695,1522
553192,101.94,581.7,1.38,559.275,-4809,5558,-5885,5249,1688,1511
553194,104.1,591.9,4.02,570.3,-4798,5678,-5870,5379,1684,1504
553196,103.94,597.825,6.02,572.325,-4807,5747,-5851,5404,1691,1511
553198,103.38,597.975,6.73999999999999,572.325,-4812,5749,-5842,5404,1695,1520
553200,100.58,593.1,9.06,562.95,-4837,5690,-5805,5296,1702,1525
553202,99.54,586.425,12.26,556.35,-4841,5612,-5762,5221,1706,1525
553204,97.94,583.875,14.58,551.7,-4856,5581,-5730,5168,1712,1534
553206,97.54,580.125,17.7,549.375,-4855,5538,-5693,5142,1701,1529
553208,96.9,579.825,18.82,550.35,-4863,5534,-5682,5154,1693,1518
553210,95.3,582.15,19.86,551.4,-4882,5560,-5672,5167,1693,1509
553212,93.86,585.825,21.3,554.475,-4902,5602,-5660,5204,1687,1499
553214,93.06,588.975,21.22,561.675,-4915,5639,-5669,5287,1673,1502
553216,92.1,589.725,21.3,562.35,-4926,5647,-5670,5295,1676,1501
553218,90.42,588.45,21.94,564.9,-4943,5631,-5666,5326,1672,1497
553220,89.78,589.05,22.1,566.925,-4951,5638,-5667,5350,1673,1512
553222,89.22,588.375,24.26,563.175,-4956,5630,-5639,5307,1673,1499
553224,88.98,588.525,23.46,564.15,-4960,5633,-5649,5317,1674,1508
553226,88.5,589.35,23.86,564.525,-4966,5642,-5645,5322,1683,1506
553228,87.22,588.525,25.06,564,-4979,5631,-5631,5316,1680,1507
553230,86.66,590.25,25.3,562.2,-4987,5651,-5627,5296,1691,1508
553232,86.58,589.425,25.22,562.05,-4988,5642,-5628,5294,1693,1511
553234,85.78,585.675,25.38,562.05,-4992,5598,-5626,5295,1696,1516
553236,85.3,587.7,26.42,562.5,-5000,5621,-5616,5301,1698,1517
553238,84.1,587.175,25.86,562.425,-5013,5614,-5622,5300,1698,1517
553240,84.1,589.05,27.3,562.65,-5016,5637,-5607,5303,1701,1516
553242,83.22,588.45,27.46,562.2,-5025,5629,-5604,5298,1697,1521
553244,81.86,588.225,28.66,564.9,-5040,5626,-5596,5330,1694,1518
553246,82.5,587.925,27.62,563.175,-5032,5623,-5605,5309,1694,1512
553248,80.66,586.2,28.66,563.925,-5051,5603,-5595,5319,1701,1523
553250,80.34,584.55,28.74,564.45,-5053,5582,-5595,5325,1704,1527
553252,80.18,587.55,30.42,562.35,-5059,5618,-5574,5301,1704,1517
553254,79.3,585.45,29.38,559.875,-5066,5593,-5582,5272,1710,1520
553256,79.46,584.85,30.34,563.175,-5064,5586,-5577,5310,1707,1523
553258,79.22,584.7,31.7,562.8,-5067,5584,-5561,5307,1705,1521
553260,79.14,585.15,31.7,564.525,-5068,5589,-5564,5326,1710,1528
553262,78.26,584.625,31.54,562.425,-5077,5582,-5563,5302,1708,1526
553264,78.42,583.425,31.46,562.725,-5075,5568,-5565,5305,1709,1528
553266,77.78,584.25,32.82,564.75,-5083,5577,-5553,5329,1716,1524
553268,77.86,583.575,32.02,563.7,-5082,5569,-5561,5316,1717,1523
553270,77.7,584.625,31.54,564.075,-5085,5581,-5567,5320,1717,1531
553272,77.7,583.5,32.26,565.35,-5084,5567,-5561,5335,1717,1532
553274,77.38,583.95,32.26,565.05,-5088,5573,-5560,5331,1716,1533
553276,76.98,582.525,33.06,564.15,-5091,5555,-5551,5321,1719,1537
553278,76.18,581.625,33.06,564.45,-5099,5545,-5552,5325,1710,1530
553280,76.5,581.775,33.14,564.525,-5097,5546,-5552,5325,1710,1531
553282,76.66,581.25,34.02,563.925,-5094,5540,-5541,5318,1718,1539
553284,76.42,582.225,34.74,564.75,-5098,5551,-5535,5328,1709,1541
553286,75.86,582.45,33.62,565.125,-5105,5553,-5547,5331,1715,1543
553288,76.02,582.9,34.5,565.275,-5104,5558,-5538,5333,1719,1533
553290,75.54,582,34.82,564.15,-5108,5547,-5533,5320,1718,1540
553292,75.78,581.025,35.06,565.425,-5105,5536,-5533,5335,1722,1541
553294,75.54,581.7,35.54,565.725,-5108,5544,-5527,5339,1713,1537
553296,75.46,581.25,35.62,563.325,-5109,5538,-5524,5311,1714,1543
553298,76.02,581.325,34.74,566.4,-5103,5539,-5538,5345,1719,1543
553300,74.98,581.325,35.38,564.9,-5115,5538,-5529,5328,1714,1540
553302,74.18,580.875,36.42,564,-5123,5533,-5517,5318,1717,1532
553304,74.74,580.875,36.02,565.05,-5117,5532,-5523,5330,1712,1532
553306,74.74,580.8,36.18,563.925,-5117,5532,-5519,5317,1716,1537
553308,73.86,580.65,37.22,564.975,-5126,5529,-5509,5330,1717,1532
553310,74.18,580.5,36.58,565.575,-5123,5528,-5517,5337,1703,1531
553312,73.7,580.125,36.42,564.9,-5127,5524,-5519,5329,1706,1533
553314,74.02,579.6,37.14,565.35,-5124,5517,-5511,5335,1709,1535
553316,74.18,579.975,36.02,565.65,-5122,5522,-5523,5337,1705,1532
553318,73.54,578.775,37.22,564.675,-5128,5508,-5510,5327,1708,1534
553320,73.86,578.925,37.06,564.525,-5124,5509,-5511,5324,1707,1539
553322,73.3,579.225,36.5,564.375,-5131,5513,-5517,5323,1708,1528
553324,73.78,579.15,37.94,563.4,-5125,5512,-5499,5312,1707,1528
553326,73.86,578.85,38.26,564.6,-5124,5509,-5497,5326,1708,1533
553328,73.62,578.775,38.02,564.3,-5127,5508,-5500,5322,1708,1538
553330,73.22,578.925,37.86,563.4,-5132,5509,-5500,5312,1710,1540
553332,73.06,578.925,38.58,563.775,-5132,5509,-5492,5316,1712,1537
553334,73.06,578.1,38.82,564.525,-5132,5500,-5491,5325,1711,1536
553336,72.66,578.625,37.54,564.225,-5137,5505,-5504,5321,1716,1544
553338,73.22,577.95,39.3,563.025,-5129,5498,-5483,5308,1709,1538
553340,73.3,578.475,39.86,563.55,-5129,5504,-5477,5314,1709,1533
553342,72.58,576.825,38.74,564.375,-5135,5484,-5491,5323,1712,1543
553344,71.94,577.2,38.9,563.7,-5142,5488,-5488,5315,1711,1538
553346,72.74,577.05,39.78,564.6,-5133,5487,-5479,5326,1707,1536
553348,72.18,577.425,39.3,564.3,-5139,5491,-5484,5322,1706,1540
553350,72.26,576.075,38.82,564.675,-5136,5475,-5489,5326,1713,1543
553352,72.42,576.825,39.78,562.575,-5135,5483,-5476,5302,1711,1538
553354,72.1,576.675,39.38,562.05,-5139,5481,-5479,5296,1707,1530
553356,71.86,575.625,39.78,561.9,-5139,5468,-5474,5293,1704,1534
553358,71.94,575.925,39.3,563.325,-5139,5472,-5482,5310,1718,1541
553360,72.42,574.575,39.3,563.25,-5132,5456,-5481,5309,1715,1543
553362,72.34,574.05,40.18,563.475,-5132,5450,-5472,5312,1718,1540
553364,71.94,573.6,38.98,564.225,-5136,5444,-5486,5320,1717,1550
553366,71.7,572.775,38.1,564.75,-5138,5434,-5496,5325,1713,1543
553368,72.02,572.4,39.46,564.375,-5133,5430,-5480,5321,1715,1524
553370,71.46,573.15,40.34,562.425,-5140,5438,-5469,5299,1714,1533
553372,72.26,572.325,39.78,564.825,-5131,5429,-5477,5326,1710,1538
553374,72.02,570.975,40.26,564.825,-5131,5413,-5472,5326,1708,1534
553376,72.5,571.275,40.58,562.725,-5126,5416,-5466,5301,1707,1531
553378,71.86,571.575,39.38,566.175,-5134,5420,-5483,5341,1705,1551
553380,72.1,571.725,40.9,565.575,-5131,5421,-5466,5335,1704,1544
553382,71.78,569.85,38.74,564.825,-5132,5399,-5488,5325,1713,1544
553384,70.42,568.575,35.94,561.3,-5146,5383,-5515,5282,1704,1547
553386,66.74,565.275,34.66,554.25,-5181,5343,-5520,5200,1701,1540
553388,61.94,560.175,30.02,549.075,-5228,5281,-5565,5138,1704,1538
553390,58.02,555.9,25.78,544.05,-5265,5230,-5604,5076,1702,1543
553392,55.22,550.5,22.98,537.825,-5290,5166,-5627,5003,1692,1537
553394,53.3,545.325,21.86,532.425,-5304,5105,-5633,4940,1696,1529
553396,52.26,540,18.34,527.25,-5309,5043,-5665,4878,1691,1525
553398,52.58,536.55,18.26,524.7,-5301,5003,-5662,4849,1677,1512
553400,53.7,536.175,17.78,525.075,-5288,4999,-5668,4852,1673,1503
553402,54.74,536.175,17.62,526.2,-5277,4999,-5671,4865,1665,1501
553404,54.66,537,19.54,523.875,-5279,5009,-5646,4840,1669,1493
553406,56.26,536.625,17.7,523.65,-5261,5005,-5667,4837,1670,1510
553408,56.5,537,18.26,525.75,-5259,5010,-5663,4861,1672,1501
553410,56.1,536.475,19.54,521.55,-5262,5004,-5643,4813,1669,1499
553412,56.1,536.85,19.14,520.8,-5263,5008,-5648,4804,1669,1503
553414,56.5,536.625,19.38,521.55,-5258,5006,-5646,4813,1667,1494
553416,54.98,537.225,19.22,523.5,-5275,5012,-5650,4835,1670,1495
553418,55.7,536.85,18.66,524.25,-5267,5008,-5657,4844,1669,1499
553420,55.22,537.3,18.5,524.025,-5273,5013,-5658,4842,1668,1500
553422,54.34,537.525,19.7,523.35,-5282,5015,-5644,4834,1668,1493
553424,54.82,536.55,18.66,524.7,-5276,5005,-5657,4850,1669,1499
553426,54.02,537,18.82,525,-5285,5009,-5655,4853,1667,1494
553428,54.18,537.75,20.34,524.625,-5284,5018,-5638,4850,1665,1491
553430,53.86,536.175,18.82,525.9,-5285,5000,-5656,4864,1670,1495
553432,53.62,535.95,20.34,526.125,-5288,4998,-5639,4867,1669,1490
553434,52.9,536.475,21.14,525.675,-5296,5003,-5630,4863,1671,1487
553436,52.9,536.175,20.02,525.975,-5295,4999,-5642,4866,1672,1491
553438,53.86,536.85,20.18,524.925,-5286,5008,-5639,4854,1672,1491
553440,53.38,535.65,21.3,522.6,-5289,4994,-5624,4827,1667,1479
553442,53.54,536.775,21.14,524.4,-5288,5007,-5627,4848,1668,1482
553444,53.46,537.675,21.38,525.225,-5290,5018,-5626,4858,1664,1483
553446,54.42,537.825,20.5,525.825,-5280,5020,-5636,4865,1664,1485
553448,54.26,537.825,21.78,525.75,-5281,5020,-5622,4864,1659,1481
553450,54.1,538.575,21.06,526.425,-5284,5028,-5630,4872,1656,1486
553452,54.26,538.725,21.46,525.15,-5282,5030,-5624,4857,1657,1476
553454,53.62,537.975,22.58,523.95,-5288,5021,-5610,4844,1658,1473
553456,53.22,538.05,21.94,525.6,-5292,5022,-5619,4862,1652,1474
553458,53.38,539.25,20.58,525.45,-5292,5036,-5634,4860,1657,1474
553460,52.9,539.775,20.42,527.625,-5297,5041,-5638,4885,1655,1479
553462,52.42,540.75,22.18,526.5,-5303,5053,-5617,4873,1660,1466
553464,53.22,542.1,21.06,525.825,-5296,5068,-5628,4864,1662,1470
553466,52.74,541.425,21.3,524.25,-5301,5061,-5624,4847,1658,1462
553468,52.98,543.9,21.94,525.675,-5300,5089,-5618,4863,1660,1464
553470,52.66,543.225,22.58,525.975,-5303,5081,-5611,4867,1657,1463
553472,53.06,543.375,21.86,529.725,-5299,5083,-5623,4910,1660,1472
553474,53.38,543.825,21.22,528.525,-5295,5088,-5629,4896,1654,1466
553476,53.38,544.35,22.34,528.375,-5296,5095,-5617,4895,1651,1463
553478,53.3,543.675,21.94,528,-5296,5087,-5620,4890,1649,1464
553480,53.14,543.825,20.98,527.775,-5298,5089,-5631,4887,1647,1463
553482,53.46,543.375,21.06,529.125,-5295,5084,-5631,4903,1648,1459
553484,53.3,543.75,21.62,529.275,-5296,5088,-5625,4905,1647,1455
553486,53.06,543.525,21.22,528.9,-5298,5085,-5629,4900,1644,1460
553488,53.06,542.25,22.1,527.625,-5297,5071,-5617,4886,1642,1449
553490,53.22,541.275,20.66,529.575,-5294,5059,-5636,4908,1637,1452
553492,53.3,541.95,20.98,528.9,-5294,5067,-5631,4900,1637,1446
553494,53.46,541.575,21.22,529.425,-5292,5063,-5629,4906,1634,1449
553496,53.38,541.8,20.58,530.475,-5293,5065,-5638,4918,1632,1445
553498,52.74,540.9,20.74,528.15,-5298,5054,-5633,4891,1627,1435
553500,52.98,541.725,21.3,528.375,-5297,5064,-5627,4894,1627,1428
553502,52.98,540.3,20.82,528.3,-5295,5048,-5633,4893,1622,1436
553504,52.5,541.275,20.82,529.575,-5301,5058,-5635,4907,1624,1426
553506,52.58,540.675,21.3,528.75,-5300,5052,-5628,4898,1622,1428
553508,52.74,540.9,21.3,528.225,-5299,5054,-5628,4892,1620,1426
553510,52.82,540.6,20.82,528.45,-5298,5051,-5633,4895,1621,1421
553512,53.06,540.675,21.38,529.125,-5295,5052,-5628,4903,1618,1420
553514,53.06,540.45,21.38,528.75,-5295,5049,-5627,4898,1618,1421
553516,52.26,540.75,21.06,529.275,-5305,5052,-5632,4904,1615,1418
553518,52.26,540.675,20.98,528.975,-5305,5051,-5632,4901,1614,1416
553520,52.74,541.275,21.62,527.325,-5300,5058,-5623,4881,1615,1416
553522,52.58,541.125,20.42,529.275,-5302,5056,-5639,4903,1610,1416
553524,52.1,540.45,20.5,529.5,-5307,5048,-5638,4906,1609,1412
553526,52.98,541.425,20.34,528.825,-5298,5060,-5639,4898,1609,1412
553528,52.26,541.95,20.34,530.4,-5307,5065,-5642,4916,1604,1409
553530,52.58,540.225,20.5,529.05,-5301,5045,-5638,4900,1603,1411
553532,52.42,540.975,21.06,526.875,-5304,5054,-5630,4875,1605,1402
553534,52.9,541.725,20.66,529.65,-5300,5063,-5638,4907,1598,1404
553536,54.1,541.35,20.5,530.025,-5287,5058,-5641,4911,1598,1403
553538,52.34,540.6,19.7,530.175,-5306,5050,-5650,4912,1598,1400
553540,52.9,540.225,19.54,530.1,-5299,5045,-5652,4912,1596,1400
553542,53.14,540.6,20.98,529.95,-5297,5050,-5636,4910,1589,1399
553544,53.62,541.8,18.82,530.925,-5294,5063,-5662,4921,1591,1393
553546,53.14,540.675,18.9,529.95,-5298,5051,-5660,4910,1588,1394
553548,52.18,540.9,19.06,529.425,-5309,5053,-5658,4903,1584,1389
553550,52.26,541.125,18.82,530.175,-5308,5055,-5661,4912,1583,1390
553552,52.74,540.75,18.9,530.85,-5304,5051,-5661,4920,1580,1391
553554,52.82,541.8,19.14,529.875,-5304,5063,-5658,4908,1577,1385
553556,52.74,542.025,19.3,531.525,-5306,5066,-5659,4928,1574,1383
553558,52.74,542.175,18.82,532.275,-5306,5067,-5665,4936,1576,1391
553560,52.26,542.175,18.26,530.55,-5311,5067,-5669,4916,1576,1381
553562,52.66,542.1,18.58,531.45,-5307,5066,-5667,4927,1572,1383
553564,52.1,541.95,19.06,532.125,-5314,5065,-5664,4934,1574,1382
553566,52.58,542.325,19.22,531.975,-5309,5070,-5662,4933,1575,1388
553568,52.34,542.475,18.9,534,-5313,5071,-5668,4956,1574,1386
553570,52.58,542.475,18.66,529.95,-5310,5071,-5666,4909,1569,1376
553572,52.66,542.85,18.42,531.825,-5311,5075,-5673,4931,1572,1379
553574,52.74,543,18.9,530.925,-5310,5077,-5666,4921,1566,1378
553576,52.82,542.85,18.18,531.9,-5310,5075,-5676,4932,1568,1376
553578,52.82,542.925,18.58,531.45,-5310,5076,-5671,4927,1568,1373
553580,52.5,543,18.58,529.425,-5315,5077,-5669,4904,1567,1368
553582,53.14,543.45,18.42,531.975,-5308,5083,-5674,4933,1566,1377
553584,52.9,543.075,19.7,530.475,-5311,5079,-5659,4916,1571,1377
553586,52.98,542.7,17.7,531.825,-5310,5074,-5683,4931,1564,1380
553588,53.38,543.75,17.94,531.15,-5308,5086,-5681,4923,1567,1378
553590,53.38,543.15,17.94,531.6,-5307,5080,-5681,4928,1567,1377
553592,53.46,543.45,18.58,530.025,-5307,5083,-5673,4911,1563,1373
553594,53.7,543.075,18.42,530.4,-5304,5079,-5675,4915,1564,1372
553596,53.78,542.775,18.66,531.975,-5304,5076,-5675,4933,1561,1373
553598,53.46,543,18.26,528.975,-5308,5078,-5676,4898,1563,1363
553600,53.86,543.075,18.66,529.875,-5304,5079,-5673,4908,1559,1360
553602,53.54,542.7,18.9,529.05,-5307,5074,-5669,4899,1556,1354
553604,53.78,543.6,18.9,528.9,-5307,5085,-5671,4897,1557,1355
553606,52.9,543.6,19.22,530.55,-5316,5084,-5669,4916,1556,1354
553608,52.5,543.375,18.26,531.975,-5321,5081,-5682,4932,1550,1355
553610,52.42,543.6,19.54,531.225,-5322,5084,-5667,4925,1554,1349
553612,51.7,544.5,18.1,531.525,-5332,5094,-5684,4927,1549,1356
553614,50.82,543.9,17.86,533.325,-5341,5087,-5689,4948,1552,1356
553616,51.62,544.425,18.98,531.6,-5333,5094,-5675,4929,1552,1354
553618,51.62,544.425,18.26,534.075,-5333,5093,-5686,4957,1552,1354
553620,51.14,545.325,17.86,533.625,-5340,5104,-5690,4952,1548,1349
553622,51.62,544.725,18.74,533.85,-5334,5097,-5681,4955,1545,1347
553624,51.14,544.275,18.9,534.225,-5339,5092,-5680,4960,1542,1347
553626,51.22,545.7,19.38,534.225,-5340,5108,-5675,4960,1546,1349
553628,51.3,545.025,18.98,535.725,-5339,5101,-5682,4977,1546,1351
553630,51.62,544.95,18.98,534.975,-5335,5100,-5681,4969,1549,1350
553632,51.06,544.725,19.38,535.725,-5341,5098,-5678,4978,1545,1342
553634,52.02,545.1,19.06,534.225,-5332,5103,-5679,4961,1547,1346
553636,51.94,545.55,20.18,535.725,-5333,5108,-5668,4979,1545,1347
553638,52.5,545.775,19.22,533.475,-5327,5111,-5676,4952,1544,1344
553640,51.86,545.475,19.3,536.775,-5334,5108,-5680,4991,1543,1349
553642,52.18,545.1,19.78,534.525,-5330,5104,-5671,4966,1546,1344
553644,52.34,545.175,20.58,535.35,-5328,5105,-5664,4976,1538,1341
553646,52.5,546.525,20.5,537.375,-5328,5121,-5667,4999,1540,1343
553648,52.5,546.375,20.34,538.5,-5328,5120,-5670,5012,1542,1345
553650,53.06,545.925,20.74,535.65,-5321,5115,-5663,4980,1541,1344
553652,53.38,545.775,19.62,535.95,-5317,5114,-5674,4983,1540,1346
553654,52.82,546.225,20.5,535.05,-5324,5119,-5664,4973,1533,1341
553656,52.1,545.625,19.7,536.925,-5330,5111,-5675,4994,1539,1348
553658,52.82,545.325,20.74,534.225,-5322,5108,-5660,4964,1540,1340
553660,52.74,545.625,20.5,535.125,-5322,5111,-5663,4974,1540,1344
553662,53.06,545.325,21.14,535.05,-5319,5108,-5656,4973,1542,1340
553664,52.42,544.8,19.94,535.5,-5325,5102,-5669,4978,1542,1347
553666,52.98,544.5,20.02,533.625,-5318,5098,-5666,4956,1541,1345
553668,52.42,544.875,19.94,534.675,-5325,5102,-5668,4968,1540,1344
553670,52.5,544.5,20.02,532.275,-5323,5098,-5664,4940,1541,1344
553672,52.82,544.5,20.02,532.35,-5319,5097,-5663,4940,1539,1339
553674,52.58,543.75,19.54,534.3,-5321,5088,-5671,4963,1538,1350
553676,52.5,544.35,19.86,536.325,-5322,5095,-5670,4985,1533,1346
553678,51.94,545.1,19.46,534.225,-5328,5102,-5671,4961,1536,1344
553680,52.26,543.975,20.18,532.05,-5323,5089,-5660,4935,1538,1341
553682,51.86,544.575,18.9,533.7,-5328,5096,-5677,4954,1539,1355
553684,51.7,543.6,19.54,533.625,-5328,5083,-5669,4952,1538,1357
553686,51.54,543.675,19.38,533.325,-5330,5084,-5670,4948,1543,1353
553688,51.86,545.325,19.86,532.2,-5329,5102,-5663,4934,1540,1348
553690,52.18,544.05,19.54,534.825,-5323,5087,-5670,4964,1536,1356
553692,51.22,544.05,18.9,534,-5334,5085,-5675,4953,1539,1349
553694,51.54,543.9,19.86,531.15,-5330,5083,-5661,4921,1538,1350
553696,51.86,546.075,18.82,533.925,-5329,5107,-5676,4951,1539,1354
553698,51.46,543.9,17.94,534.825,-5331,5082,-5686,4960,1537,1358
553700,52.18,544.95,19.7,533.025,-5324,5093,-5665,4939,1537,1345
553702,51.7,544.2,19.14,532.95,-5328,5083,-5671,4938,1534,1344
553704,51.7,544.425,19.46,533.7,-5329,5085,-5669,4945,1536,1341
553706,51.7,544.8,19.86,532.725,-5329,5089,-5664,4934,1536,1344
553708,52.5,544.275,19.38,532.875,-5320,5082,-5669,4934,1532,1340
553710,51.94,544.425,20.18,533.325,-5327,5084,-5660,4940,1534,1346
553712,52.42,544.5,20.18,532.35,-5322,5083,-5660,4927,1537,1341
553714,52.58,546.375,20.1,532.875,-5322,5105,-5661,4933,1539,1346
553716,52.26,544.8,19.86,533.85,-5324,5086,-5666,4943,1530,1347
553718,52.18,544.2,20.98,532.95,-5325,5079,-5653,4933,1535,1344
553720,52.58,545.4,20.1,533.175,-5322,5092,-5663,4934,1536,1344
553722,52.66,544.05,19.06,533.325,-5320,5077,-5674,4936,1533,1348
553724,52.58,544.275,19.78,534.525,-5321,5078,-5668,4949,1536,1348
553726,52.58,547.5,19.3,535.875,-5325,5115,-5675,4965,1539,1348
553728,51.86,550.575,16.42,543.45,-5336,5150,-5717,5050,1547,1343
553730,52.34,554.85,13.06,548.625,-5337,5200,-5760,5109,1543,1351
553732,50.34,563.175,8.82000000000001,555.225,-5369,5295,-5815,5182,1544,1355
553734,48.42,569.55,2.98,562.275,-5397,5368,-5888,5261,1543,1357
553736,46.58,574.2,-0.380000000000003,569.55,-5423,5421,-5935,5345,1544,1355
553738,45.94,577.05,-4.14,573.9,-5434,5454,-5982,5393,1546,1360
553740,45.54,577.35,-4.46,576.525,-5439,5457,-5989,5424,1542,1358
553742,46.34,578.25,-3.02,573.3,-5431,5468,-5968,5386,1546,1352
553744,46.74,577.5,-1.82,573.675,-5426,5459,-5956,5391,1547,1365
553746,46.82,577.95,-0.299999999999997,571.425,-5426,5464,-5937,5366,1553,1361
553748,47.22,578.325,1.14,570.375,-5422,5469,-5919,5354,1552,1363
553750,47.7,578.475,1.46,570.45,-5416,5471,-5915,5356,1554,1362
553752,47.86,580.725,1.86,569.925,-5417,5497,-5910,5350,1553,1362
553754,47.62,579.45,2.42,569.775,-5418,5483,-5904,5348,1553,1357
553756,47.22,579.75,3.54,569.175,-5422,5486,-5890,5342,1553,1359
553758,47.06,579.75,2.5,567.675,-5424,5486,-5900,5324,1553,1354
553760,47.22,578.55,2.66,566.7,-5421,5472,-5897,5313,1555,1346
553762,47.06,577.95,1.22000000000001,573.3,-5422,5465,-5921,5389,1552,1366
553764,45.94,579.525,-0.140000000000001,574.95,-5436,5483,-5938,5408,1556,1376
553766,45.38,579.825,1.14,570.825,-5443,5487,-5919,5361,1556,1366
553768,45.86,579.9,0.260000000000005,572.55,-5438,5488,-5931,5381,1561,1367
553770,45.14,582.6,0.820000000000007,573.75,-5449,5519,-5926,5395,1561,1367
553772,46.18,580.65,1.46,575.175,-5435,5498,-5921,5413,1560,1368
553774,45.78,581.025,1.06,574.35,-5440,5502,-5924,5403,1559,1373
553776,45.14,580.95,2.1,573.825,-5447,5502,-5912,5398,1561,1375
553778,45.62,581.85,1.62,573.075,-5443,5512,-5916,5389,1563,1367
553780,44.74,582.9,1.7,573.6,-5454,5525,-5917,5395,1567,1368
553782,45.22,581.25,3.14,570.225,-5447,5506,-5896,5357,1563,1363
553784,45.7,582.525,2.17999999999999,572.85,-5443,5521,-5910,5388,1569,1371
553786,45.22,582.75,2.34,573.6,-5448,5524,-5909,5397,1570,1376
553788,45.22,582.375,2.58,573.075,-5449,5520,-5907,5391,1569,1373
553790,45.78,583.2,2.98,572.025,-5444,5530,-5901,5379,1570,1371
553792,45.46,582.9,3.38,573.3,-5446,5527,-5898,5394,1568,1373
553794,45.46,584.325,2.66,572.775,-5449,5543,-5906,5389,1570,1369
553796,44.98,583.875,2.5,573.75,-5454,5539,-5909,5400,1567,1373
553798,45.06,582.75,2.73999999999999,573.075,-5452,5525,-5905,5392,1567,1363
553800,44.58,583.5,2.66,572.55,-5458,5535,-5905,5387,1569,1366
553802,44.18,582.45,4.02,571.2,-5461,5522,-5889,5372,1568,1368
553804,45.22,581.25,4.17999999999999,570.9,-5448,5509,-5887,5369,1564,1362
553806,44.9,581.625,3.06,571.575,-5452,5514,-5900,5376,1565,1366
553808,45.3,581.55,3.06,572.475,-5447,5514,-5901,5388,1568,1374
553810,45.62,579.375,3.38,573.375,-5441,5489,-5899,5398,1566,1369
553812,45.14,581.175,3.54,571.125,-5449,5510,-5894,5374,1564,1374
553814,45.54,579.975,3.46,572.175,-5443,5497,-5897,5385,1564,1374
553816,44.58,580.275,3.77999999999999,571.725,-5454,5500,-5892,5381,1562,1367
553818,45.22,579.75,4.58,569.85,-5447,5495,-5881,5359,1562,1365
553820,44.98,580.65,4.5,569.7,-5450,5505,-5882,5358,1566,1365
553822,44.42,579.6,5.06,571.05,-5454,5493,-5877,5374,1561,1372
553824,44.82,579.825,4.17999999999999,571.05,-5451,5496,-5887,5374,1564,1374
553826,44.9,579.75,3.77999999999999,570.3,-5449,5495,-5890,5366,1563,1367
553828,44.74,580.125,5.54,568.8,-5452,5501,-5869,5350,1562,1368
553830,45.7,579.225,4.98,569.85,-5440,5490,-5876,5362,1566,1373
553832,45.14,579.15,5.77999999999999,570.75,-5446,5490,-5868,5373,1569,1374
553834,45.46,579.15,4.98,571.125,-5442,5490,-5877,5377,1566,1381
553836,45.3,578.25,5.22000000000001,569.4,-5442,5480,-5872,5357,1567,1376
553838,44.98,579.3,5.06,569.55,-5447,5492,-5874,5359,1572,1378
553840,45.94,578.775,5.62,570.975,-5435,5486,-5870,5376,1570,1381
553842,45.38,579.675,6.17999999999999,567.45,-5443,5496,-5859,5335,1580,1368
553844,44.98,579.6,5.54,566.625,-5447,5495,-5865,5326,1570,1367
553846,45.22,577.275,5.94,566.7,-5441,5469,-5860,5326,1567,1368
553848,45.3,578.175,6.66,565.95,-5441,5479,-5851,5318,1568,1368
553850,45.46,577.95,6.5,568.95,-5439,5476,-5856,5353,1569,1376
553852,44.82,578.1,6.02,569.325,-5446,5478,-5862,5357,1570,1378
553854,44.66,577.35,6.5,565.725,-5447,5469,-5852,5315,1571,1371
553856,44.58,577.425,6.34,567.675,-5447,5469,-5856,5337,1568,1370
553858,45.14,578.55,5.62,570.3,-5443,5483,-5867,5368,1576,1388
553860,44.74,578.775,5.7,570.525,-5446,5485,-5865,5370,1574,1386
553862,45.14,579.225,6.5,568.425,-5443,5491,-5855,5346,1579,1383
553864,45.22,579.45,6.34,569.25,-5442,5492,-5857,5355,1579,1388
553866,44.5,579,6.02,568.275,-5449,5487,-5859,5343,1576,1387
553868,44.66,579.45,6.73999999999999,567,-5448,5491,-5849,5328,1581,1385
553870,44.82,579.525,6.58,567.3,-5446,5493,-5851,5332,1579,1384
553872,44.02,579.225,5.54,570.225,-5454,5488,-5866,5365,1582,1393
553874,44.5,579.3,5.86,569.4,-5449,5490,-5861,5355,1585,1400
553876,43.78,579.375,5.77999999999999,567.525,-5457,5490,-5859,5333,1583,1389
553878,43.62,578.925,5.38,569.625,-5458,5485,-5866,5358,1581,1399
553880,43.86,579.15,6.58,568.65,-5456,5487,-5853,5347,1584,1399
553882,43.78,580.05,4.98,570.45,-5457,5497,-5872,5367,1589,1408
553884,42.9,579.525,6.34,567.975,-5466,5491,-5854,5338,1593,1398
553886,43.78,579.075,6.1,567.525,-5456,5486,-5856,5333,1592,1396
553888,43.22,579.15,6.58,567,-5462,5487,-5850,5327,1587,1394
553890,43.3,579.75,6.42,566.85,-5462,5493,-5851,5326,1589,1397
553892,44.18,579.3,6.73999999999999,567.75,-5451,5488,-5849,5336,1588,1391
553894,43.46,580.125,6.82000000000001,566.025,-5460,5498,-5846,5316,1589,1390
553896,43.06,579.45,6.58,569.325,-5464,5490,-5853,5354,1595,1398
553898,42.82,580.575,6.58,569.1,-5468,5503,-5852,5351,1592,1397
553900,43.54,579.75,7.38,567.3,-5459,5494,-5841,5331,1593,1394
553902,43.62,579.525,7.7,567.225,-5458,5491,-5838,5331,1587,1390
553904,43.46,578.85,6.34,568.425,-5459,5484,-5854,5345,1591,1402
553906,43.54,578.775,6.42,566.4,-5458,5483,-5851,5321,1591,1393
553908,43.22,579.6,6.26000000000001,567.825,-5463,5493,-5854,5338,1591,1395
553910,43.38,578.7,7.46,566.475,-5459,5483,-5840,5323,1591,1391
553912,42.9,577.875,7.38,565.425,-5464,5473,-5840,5311,1592,1388
553914,43.14,577.95,7.46,565.5,-5462,5474,-5839,5312,1588,1386
553916,43.46,578.1,7.94,566.25,-5459,5477,-5835,5322,1591,1389
553918,43.06,576.975,6.58,565.725,-5462,5464,-5849,5315,1592,1399
553920,42.26,576.9,6.98,567.15,-5471,5463,-5847,5332,1592,1398
553922,42.82,575.85,7.14,565.65,-5463,5451,-5843,5315,1592,1398
553924,41.62,577.125,7.38,565.875,-5479,5465,-5841,5319,1595,1396
553926,42.02,577.05,6.82000000000001,566.775,-5474,5465,-5848,5328,1601,1398
553928,42.26,574.95,6.66,567.45,-5469,5441,-5851,5336,1592,1400
553930,41.46,575.025,6.73999999999999,564.075,-5478,5442,-5846,5298,1597,1394
553932,41.54,576.825,6.98,565.275,-5479,5463,-5846,5312,1600,1397
553934,41.7,576.525,7.38,566.25,-5478,5459,-5842,5323,1603,1401
553936,41.62,575.7,6.9,568.5,-5478,5450,-5851,5350,1596,1403
553938,41.22,575.4,6.9,566.25,-5482,5447,-5849,5323,1605,1402
553940,40.82,576.225,6.26000000000001,569.1,-5488,5456,-5860,5356,1604,1411
553942,40.98,576,6.58,567.075,-5487,5454,-5854,5333,1604,1406
553944,40.58,576.75,7.38,566.25,-5493,5461,-5844,5323,1604,1406
553946,40.74,576.6,6.73999999999999,566.4,-5491,5460,-5852,5325,1605,1406
553948,40.5,575.85,6.82000000000001,567.9,-5493,5451,-5854,5342,1602,1407
553950,40.66,575.1,6.82000000000001,565.725,-5490,5443,-5851,5317,1599,1405
553952,40.66,575.625,6.82000000000001,567.15,-5492,5449,-5854,5333,1599,1411
553954,40.74,575.925,7.46,566.175,-5491,5452,-5845,5322,1610,1407
553956,40.66,576.375,6.17999999999999,567.6,-5493,5457,-5862,5338,1610,1411
553958,40.9,575.7,6.98,566.7,-5491,5449,-5852,5327,1607,1411
553960,40.98,574.875,7.14,565.5,-5489,5439,-5850,5314,1608,1405
553962,39.7,575.925,7.22000000000001,566.85,-5504,5450,-5850,5329,1615,1409
553964,40.82,576.45,7.22000000000001,566.325,-5494,5456,-5850,5323,1615,1409
553966,39.94,576.825,6.73999999999999,565.725,-5504,5461,-5855,5315,1616,1413
553968,40.98,575.625,7.62,565.95,-5492,5447,-5846,5318,1615,1411
553970,41.06,574.875,7.46,564.6,-5490,5437,-5846,5302,1612,1408
553972,41.38,575.85,7.3,565.8,-5488,5448,-5851,5315,1613,1413
553974,40.66,575.175,8.9,565.5,-5495,5440,-5832,5312,1620,1415
553976,41.78,574.8,8.17999999999999,566.4,-5483,5436,-5842,5321,1618,1426
553978,41.22,574.5,7.62,567.3,-5488,5432,-5849,5332,1621,1425
553980,41.06,573.9,7.22000000000001,566.4,-5490,5424,-5853,5320,1618,1422
553982,41.22,574.725,7.7,566.25,-5489,5434,-5848,5318,1619,1422
553984,41.46,574.725,8.42,564.9,-5487,5433,-5838,5302,1624,1423
553986,40.98,575.025,8.73999999999999,565.5,-5493,5436,-5836,5310,1623,1415
553988,41.06,574.95,8.42,565.05,-5492,5434,-5839,5303,1621,1415
553990,40.58,575.625,8.26000000000001,564,-5498,5442,-5839,5291,1622,1415
553992,41.22,575.55,8.02,563.925,-5491,5441,-5842,5289,1619,1416
553994,40.98,574.5,7.54,566.7,-5493,5429,-5850,5321,1622,1423
553996,41.38,574.725,7.86,565.35,-5489,5430,-5846,5305,1623,1420
553998,40.98,574.5,8.34,563.625,-5493,5428,-5838,5285,1621,1415
554000,40.58,574.425,8.66,564.975,-5498,5426,-5837,5300,1623,1414
554002,40.66,572.55,9.3,562.2,-5495,5404,-5826,5269,1624,1412
554004,40.74,573.975,8.42,565.275,-5496,5421,-5840,5303,1621,1425
554006,41.06,573.975,9.62,562.575,-5492,5420,-5823,5272,1620,1404
554008,41.22,573.525,9.14,563.85,-5489,5415,-5831,5286,1620,1413
554010,40.74,574.5,8.9,564.6,-5496,5426,-5834,5295,1617,1417
554012,40.58,573.375,8.98,561.825,-5496,5413,-5830,5262,1620,1410
554014,41.06,573.15,8.66,563.1,-5491,5410,-5835,5277,1620,1419
554016,40.74,572.4,9.06,564.45,-5493,5401,-5832,5293,1622,1422
554018,40.42,572.4,10.02,564.825,-5497,5401,-5821,5298,1623,1428
554020,40.66,572.55,9.38,563.025,-5494,5402,-5827,5276,1623,1417
554022,40.58,573.15,8.73999999999999,564.75,-5496,5409,-5836,5296,1625,1423
554024,40.02,572.55,8.34,566.925,-5501,5402,-5843,5321,1624,1430
554026,40.74,573,9.46,564.525,-5494,5407,-5828,5293,1633,1426
554028,40.9,573,9.22000000000001,565.2,-5492,5407,-5830,5301,1626,1423
554030,41.22,572.25,8.9,566.925,-5488,5399,-5836,5321,1628,1433
554032,40.74,572.85,8.5,567.45,-5493,5406,-5842,5328,1633,1432
554034,40.74,572.4,9.62,565.725,-5493,5400,-5827,5308,1633,1430
554036,41.06,571.125,9.62,565.725,-5487,5386,-5827,5308,1630,1426
554038,40.66,571.875,9.38,566.325,-5493,5395,-5830,5315,1625,1437
554040,40.66,572.025,10.02,564.75,-5492,5396,-5820,5297,1632,1432
554042,40.66,571.8,9.46,567.075,-5491,5394,-5829,5323,1633,1436
554044,40.82,571.35,10.1,564.3,-5489,5389,-5818,5291,1628,1429
554046,40.66,571.2,10.66,562.425,-5491,5387,-5810,5270,1628,1419
554048,40.5,572.25,10.66,563.625,-5494,5399,-5811,5284,1624,1427
554050,40.58,571.725,10.9,563.625,-5492,5393,-5808,5284,1630,1425
554052,40.66,571.8,11.38,562.125,-5491,5394,-5801,5266,1631,1421
554054,40.5,571.8,10.26,563.25,-5492,5394,-5815,5279,1639,1427
554056,40.26,571.35,9.7,565.8,-5494,5388,-5824,5309,1633,1437
554058,40.42,571.8,9.77999999999999,564.3,-5493,5394,-5821,5291,1639,1438
554060,40.1,571.2,10.34,564.525,-5496,5386,-5815,5294,1640,1431
554062,40.34,571.575,8.98,564.375,-5494,5390,-5829,5291,1640,1439
554064,40.18,572.025,8.73999999999999,564.375,-5495,5395,-5832,5291,1640,1440
554066,40.18,571.8,10.02,563.4,-5496,5393,-5817,5280,1645,1438
554068,40.58,571.875,8.73999999999999,564.675,-5491,5393,-5833,5294,1645,1436
554070,40.58,571.65,9.54,564.075,-5491,5391,-5823,5288,1640,1441
554072,39.54,570.975,10.1,561.375,-5501,5382,-5813,5256,1645,1431
554074,40.18,571.2,8.66,564.525,-5494,5385,-5833,5292,1651,1447
554076,40.26,571.425,9.77999999999999,565.125,-5494,5388,-5822,5300,1645,1443
554078,39.14,571.35,9.3,563.775,-5506,5386,-5825,5283,1652,1446
554080,39.78,572.85,8.73999999999999,562.95,-5501,5404,-5830,5273,1657,1447
554082,40.02,571.875,8.73999999999999,565.575,-5497,5393,-5833,5304,1652,1447
554084,39.3,571.275,9.06,564.45,-5504,5384,-5829,5291,1653,1448
554086,39.62,571.05,8.73999999999999,564.6,-5501,5382,-5833,5292,1656,1447
554088,39.94,571.125,8.1,565.35,-5498,5383,-5841,5300,1652,1449
554090,39.22,570.525,8.66,565.05,-5505,5376,-5835,5297,1654,1448
554092,38.98,571.725,8.98,564.975,-5510,5389,-5831,5296,1660,1450
554094,40.34,572.025,8.98,564.6,-5495,5393,-5830,5291,1649,1443
554096,39.22,571.35,9.86,561.975,-5506,5385,-5818,5261,1650,1437
554098,39.22,570.975,9.62,562.425,-5506,5380,-5821,5267,1655,1441
554100,40.26,571.425,8.66,564.375,-5495,5386,-5834,5289,1650,1443
554102,39.22,570.975,8.9,563.4,-5506,5380,-5830,5278,1653,1440
554104,39.22,571.2,8.66,562.575,-5507,5383,-5832,5267,1656,1438
554106,39.78,570.825,9.38,562.275,-5500,5378,-5824,5265,1648,1435
554108,39.54,571.5,9.7,562.275,-5504,5387,-5820,5264,1652,1436
554110,39.06,570.6,9.86,560.7,-5508,5376,-5816,5246,1660,1433
554112,39.78,572.1,9.62,564,-5501,5394,-5823,5285,1650,1434
554114,39.38,571.5,9.38,563.625,-5505,5387,-5825,5280,1649,1442
554116,39.46,571.2,9.14,561.75,-5504,5384,-5826,5259,1651,1439
554118,39.54,571.05,10.02,562.35,-5503,5382,-5817,5266,1651,1438
554120,39.06,571.8,10.42,561.9,-5509,5390,-5811,5261,1652,1436
554122,39.54,571.35,9.62,560.925,-5503,5386,-5818,5250,1655,1434
554124,39.14,571.275,9.46,563.175,-5507,5385,-5823,5276,1655,1440
554126,39.3,571.05,8.66,563.7,-5505,5382,-5832,5281,1658,1452
554128,39.22,571.575,9.46,563.55,-5506,5388,-5824,5280,1662,1447
554130,39.62,571.5,8.58,563.775,-5502,5387,-5833,5282,1659,1450
554132,39.86,570.75,8.66,564.9,-5498,5379,-5834,5296,1658,1448
554134,39.86,571.875,9.3,565.575,-5499,5392,-5827,5304,1659,1451
554136,41.22,571.875,10.1,567.15,-5483,5393,-5819,5323,1655,1447
554138,45.94,574.725,13.54,568.2,-5435,5429,-5783,5337,1667,1446
554140,53.38,580.2,20.74,570.675,-5360,5497,-5707,5370,1666,1434
554142,66.66,587.4,31.54,576.15,-5223,5587,-5595,5439,1656,1429
554144,81.7,593.55,42.26,590.625,-5065,5666,-5495,5613,1669,1437
554146,99.14,600.975,59.78,601.575,-4883,5762,-5315,5750,1673,1452
554148,117.3,605.925,76.1,606,-4689,5828,-5141,5810,1672,1445
554150,135.3,612,93.22,612.375,-4500,5907,-4961,5892,1691,1459
554152,150.58,616.35,110.02,614.775,-4337,5966,-4779,5928,1698,1464
554154,165.94,619.35,122.9,617.55,-4173,6008,-4641,5967,1715,1481
554156,178.02,622.425,133.94,616.425,-4044,6050,-4518,5959,1723,1474
554158,190.66,625.725,141.3,619.65,-3910,6094,-4442,6000,1726,1498
554160,200.9,624.225,149.86,622.125,-3796,6082,-4350,6034,1714,1501
554162,211.3,627.975,158.42,624.75,-3687,6130,-4260,6068,1721,1493
554164,220.02,629.475,163.3,625.95,-3593,6152,-4207,6085,1725,1503
554166,225.54,627.825,169.46,628.2,-3532,6135,-4143,6114,1711,1489
554168,229.38,629.4,172.5,630.825,-3491,6155,-4112,6146,1721,1484
554170,230.42,628.8,173.46,630.525,-3480,6149,-4101,6144,1718,1479
554172,231.14,628.95,173.86,630.75,-3472,6151,-4097,6147,1712,1484
554174,230.82,627.525,173.86,629.925,-3473,6135,-4096,6137,1713,1480
554176,230.42,626.55,172.58,629.475,-3477,6124,-4109,6132,1710,1487
554178,230.1,626.55,172.42,627.975,-3479,6123,-4109,6114,1711,1486
554180,230.34,624.975,173.94,627.675,-3475,6106,-4092,6111,1708,1486
554182,231.06,625.95,173.7,626.775,-3468,6117,-4093,6101,1709,1494
554184,231.62,626.4,174.58,625.95,-3463,6123,-4082,6092,1710,1485
554186,230.42,626.55,174.34,629.55,-3476,6124,-4089,6134,1707,1486
554188,230.18,626.85,175.06,628.95,-3478,6128,-4079,6128,1709,1483
554190,230.02,626.7,176.1,627.75,-3479,6126,-4067,6114,1696,1463
554192,228.98,625.65,175.78,629.025,-3489,6114,-4071,6129,1702,1471
554194,228.82,625.125,176.58,626.175,-3490,6107,-4059,6096,1701,1471
554196,228.26,625.875,176.58,627,-3496,6116,-4060,6106,1707,1470
554198,227.46,625.575,176.58,628.425,-3505,6112,-4061,6123,1698,1473
554200,227.46,624.9,177.22,625.95,-3503,6105,-4050,6094,1696,1462
554202,228.26,625.65,176.9,625.95,-3495,6113,-4054,6094,1704,1473
554204,227.38,623.325,177.46,626.55,-3502,6086,-4048,6102,1700,1469
554206,228.1,623.7,177.94,625.575,-3494,6091,-4042,6090,1700,1474
554208,228.1,624.825,177.14,624.9,-3495,6104,-4050,6082,1706,1475
554210,227.7,622.875,178.82,625.05,-3498,6081,-4032,6084,1701,1476
554212,227.7,622.65,178.74,624.975,-3497,6078,-4032,6084,1707,1474
554214,227.3,622.725,178.66,624.75,-3502,6079,-4033,6082,1706,1476
554216,226.58,622.05,179.14,624.075,-3508,6071,-4027,6073,1706,1482
554218,226.26,622.35,177.54,625.275,-3512,6075,-4045,6086,1708,1483
554220,226.66,623.925,180.02,621.3,-3510,6093,-4014,6041,1712,1474
554222,225.94,623.25,180.02,624.45,-3516,6085,-4018,6078,1714,1475
554224,226.98,623.325,179.3,623.1,-3505,6086,-4024,6061,1714,1480
554226,225.86,624.225,179.54,621.075,-3518,6096,-4019,6038,1717,1480
554228,225.62,625.2,180.9,621.6,-3522,6107,-4004,6045,1719,1482
554230,225.06,624.375,180.58,623.325,-3527,6097,-4010,6065,1716,1487
554232,224.98,623.175,179.86,624.675,-3527,6083,-4019,6081,1714,1484
554234,224.74,624.3,179.94,624.975,-3531,6096,-4019,6083,1720,1480
554236,224.34,624.525,180.18,624.45,-3536,6098,-4016,6078,1721,1485
554238,223.78,624.225,180.02,625.725,-3541,6094,-4019,6092,1717,1485
554240,224.5,622.575,180.66,624.975,-3533,6075,-4012,6084,1712,1487
554242,223.94,624.375,179.62,625.425,-3541,6096,-4024,6088,1719,1489
554244,223.94,623.925,180.66,625.05,-3541,6091,-4013,6084,1714,1486
554246,224.58,624.3,180.9,624.675,-3535,6095,-4010,6080,1719,1492
554248,223.94,625.725,180.26,625.95,-3543,6111,-4019,6094,1719,1491
554250,223.86,625.275,178.66,627.525,-3544,6106,-4038,6112,1722,1501
554252,223.22,626.025,180.9,623.925,-3552,6114,-4011,6071,1724,1493
554254,223.94,625.95,179.7,624.525,-3545,6114,-4024,6077,1726,1495
554256,223.38,625.425,180.18,625.05,-3551,6107,-4020,6083,1725,1495
554258,223.38,626.25,178.74,625.875,-3551,6117,-4037,6092,1729,1517
554260,223.86,625.65,181.14,625.5,-3546,6110,-4011,6089,1728,1513
554262,223.06,624.825,179.38,627.75,-3554,6100,-4032,6115,1730,1508
554264,222.98,626.85,180.18,625.125,-3558,6123,-4022,6084,1736,1503
554266,223.78,625.5,179.46,627,-3548,6108,-4032,6106,1729,1521
554268,223.54,625.875,179.06,627.15,-3552,6112,-4037,6108,1732,1523
554270,223.14,626.25,181.22,622.2,-3557,6117,-4008,6050,1736,1511
554272,222.9,625.5,180.58,627.9,-3559,6108,-4022,6117,1736,1524
554274,224.02,624.525,180.82,623.475,-3546,6097,-4014,6065,1735,1517
554276,223.22,624.075,180.9,625.8,-3554,6091,-4017,6092,1734,1524
554278,223.14,623.85,180.66,624.9,-3555,6088,-4018,6081,1734,1526
554280,223.54,624.075,180.1,624.075,-3551,6091,-4024,6071,1736,1524
554282,223.06,622.8,180.42,624.75,-3555,6076,-4022,6080,1736,1526
554284,222.66,623.25,180.58,625.5,-3560,6081,-4021,6088,1733,1528
554286,222.98,622.875,183.06,620.925,-3557,6077,-3988,6036,1735,1505
554288,223.06,622.575,182.82,623.475,-3556,6073,-3995,6065,1734,1515
554290,223.62,623.25,181.22,624.3,-3551,6081,-4013,6074,1735,1515
554292,223.38,622.875,183.22,623.1,-3554,6077,-3991,6061,1737,1510
554294,222.82,620.7,183.06,623.925,-3557,6051,-3994,6070,1722,1518
554296,222.42,622.8,182.98,624.075,-3565,6076,-3995,6073,1723,1511
554298,222.9,621.675,184.18,623.175,-3559,6063,-3981,6062,1730,1515
554300,222.98,621.075,183.22,624.75,-3558,6056,-3994,6080,1721,1516
554302,222.74,621.9,182.42,623.775,-3561,6065,-4002,6069,1725,1507
554304,221.62,623.1,184.74,623.175,-3575,6079,-3976,6063,1728,1497
554306,222.9,623.025,183.7,624.75,-3561,6079,-3989,6081,1724,1505
554308,222.18,623.025,183.62,625.875,-3569,6079,-3991,6094,1724,1512
554310,222.58,623.1,183.94,623.7,-3565,6080,-3986,6069,1725,1505
554312,222.18,624.45,184.82,624.825,-3570,6096,-3977,6083,1732,1505
554314,222.82,623.925,184.1,625.875,-3563,6090,-3987,6095,1730,1513
554316,222.42,623.775,185.94,624.3,-3567,6089,-3965,6078,1728,1504
554318,222.02,624.3,184.02,625.05,-3572,6094,-3987,6086,1729,1510
554320,222.42,624.225,184.58,627.525,-3569,6094,-3984,6115,1730,1515
554322,221.86,624.75,186.02,624.3,-3575,6100,-3964,6078,1731,1510
554324,221.62,625.2,185.62,625.575,-3578,6106,-3970,6094,1733,1510
554326,222.02,626.175,186.9,621.825,-3575,6118,-3953,6051,1736,1504
554328,222.66,625.2,185.7,626.25,-3568,6107,-3970,6103,1732,1508
554330,221.46,624.675,185.94,626.1,-3580,6101,-3968,6102,1730,1519
554332,222.02,625.125,185.7,625.95,-3574,6107,-3971,6100,1733,1516
554334,221.94,626.85,185.7,626.325,-3577,6127,-3971,6105,1737,1519
554336,222.1,626.175,186.34,625.725,-3575,6120,-3963,6099,1731,1518
554338,221.54,625.5,185.78,626.625,-3580,6112,-3970,6109,1733,1525
554340,222.1,625.35,185.94,626.175,-3573,6111,-3968,6105,1729,1524
554342,221.78,624.9,187.06,623.775,-3577,6106,-3954,6077,1731,1512
554344,221.94,625.275,186.82,625.425,-3575,6111,-3957,6097,1735,1511
554346,222.1,624.6,186.98,625.125,-3573,6103,-3956,6094,1732,1509
554348,220.9,626.175,186.98,623.85,-3588,6122,-3954,6079,1734,1509
554350,221.46,625.425,186.98,624.75,-3580,6112,-3955,6089,1732,1514
554352,221.06,625.425,186.34,626.175,-3585,6113,-3963,6105,1734,1516
554354,220.34,625.425,187.3,624.3,-3593,6112,-3951,6084,1737,1516
554356,220.82,625.425,186.74,624.9,-3588,6112,-3958,6091,1739,1517
554358,220.66,624.3,186.58,627,-3588,6100,-3962,6115,1745,1526
554360,220.5,625.275,187.62,623.55,-3591,6110,-3947,6075,1747,1512
554362,220.02,625.875,186.5,623.025,-3597,6117,-3958,6068,1750,1522
554364,219.86,624.6,185.14,625.125,-3597,6102,-3976,6092,1742,1530
554366,219.54,625.05,187.06,623.7,-3601,6106,-3953,6076,1747,1525
554368,219.3,626.025,186.66,623.325,-3605,6118,-3957,6072,1754,1517
554370,219.22,625.575,186.98,623.475,-3605,6112,-3953,6073,1751,1526
554372,218.82,625.725,185.78,625.875,-3610,6113,-3970,6100,1749,1536
554374,219.06,624.75,186.5,622.575,-3607,6102,-3958,6062,1749,1523
554376,218.58,625.65,187.06,624.075,-3613,6111,-3954,6078,1750,1520
554378,218.98,624.675,185.54,624.75,-3607,6099,-3971,6085,1745,1526
554380,218.18,625.05,185.3,623.625,-3616,6101,-3973,6071,1750,1523
554382,218.98,623.7,186.98,621.525,-3606,6087,-3952,6047,1743,1518
554384,218.66,623.55,185.22,624.3,-3610,6083,-3975,6077,1743,1522
554386,218.82,624.075,183.78,624.6,-3609,6089,-3991,6080,1742,1527
554388,218.82,623.475,186.74,621.3,-3608,6081,-3955,6041,1741,1514
554390,219.46,624.3,187.14,623.775,-3603,6091,-3953,6070,1741,1524
554392,219.3,624.225,186.82,622.2,-3604,6088,-3956,6050,1744,1518
554394,218.26,624.75,186.98,621.975,-3616,6094,-3953,6047,1744,1521
554396,218.5,624.45,186.26,623.325,-3613,6089,-3962,6061,1746,1521
554398,219.22,624.225,185.06,623.775,-3605,6086,-3976,6066,1741,1524
554400,218.74,624.15,186.58,620.85,-3611,6085,-3956,6032,1742,1514
554402,218.58,624.525,185.38,623.775,-3612,6088,-3973,6065,1742,1522
554404,218.74,624.075,185.7,623.85,-3611,6082,-3970,6065,1741,1525
554406,219.22,623.775,186.02,622.425,-3605,6079,-3964,6049,1739,1514
554408,219.22,623.7,186.34,623.1,-3604,6077,-3961,6055,1739,1516
554410,219.86,623.25,186.58,623.025,-3598,6072,-3959,6054,1735,1521
554412,219.46,624.225,187.78,621,-3603,6082,-3944,6030,1741,1511
554414,219.54,624.15,185.7,625.5,-3602,6081,-3971,6082,1740,1523
554416,219.62,624.15,186.1,623.25,-3601,6080,-3964,6054,1741,1516
554418,219.14,624.225,187.94,622.725,-3606,6081,-3944,6049,1739,1510
554420,219.86,624.9,187.06,622.8,-3599,6088,-3954,6049,1741,1511
554422,219.86,624.675,186.34,622.725,-3598,6085,-3961,6048,1742,1517
554424,219.7,624.75,186.1,625.125,-3601,6085,-3966,6075,1739,1520
554426,219.22,625.125,187.3,622.2,-3607,6090,-3950,6041,1742,1514
554428,219.62,625.2,188.34,622.95,-3602,6091,-3939,6051,1739,1510
554430,219.78,624.225,187.22,623.55,-3599,6079,-3952,6057,1740,1510
554432,219.38,626.1,187.06,623.4,-3605,6101,-3954,6055,1745,1515
554434,219.54,625.875,186.58,625.2,-3603,6099,-3961,6076,1744,1518
554436,219.7,624.975,187.22,625.425,-3600,6089,-3954,6079,1739,1509
554438,219.06,625.8,187.38,624.3,-3608,6098,-3950,6066,1741,1507
554440,219.38,625.275,186.18,624.45,-3604,6092,-3964,6068,1739,1512
554442,219.86,624.975,186.74,626.175,-3598,6089,-3960,6088,1739,1515
554444,219.3,625.2,186.5,624.75,-3605,6092,-3961,6072,1743,1508
554446,218.98,625.95,187.06,624.225,-3609,6100,-3954,6066,1741,1508
554448,219.78,625.65,186.82,627.45,-3600,6098,-3961,6104,1741,1513
554450,219.54,626.7,187.86,623.55,-3604,6110,-3945,6059,1737,1502
554452,219.7,626.25,186.98,625.425,-3601,6105,-3957,6081,1739,1503
554454,219.06,627.825,187.06,625.125,-3610,6123,-3955,6078,1744,1505
554456,218.58,627.225,186.34,625.5,-3615,6117,-3963,6083,1746,1507
554458,218.9,627.6,186.26,626.475,-3611,6121,-3965,6094,1751,1510
554460,219.86,627.6,187.22,628.125,-3601,6123,-3957,6115,1750,1499
554462,219.22,627.675,186.66,626.925,-3608,6123,-3961,6100,1745,1504
554464,219.06,629.025,186.1,628.425,-3611,6140,-3969,6118,1747,1508
554466,218.26,630.15,185.54,631.275,-3620,6152,-3978,6152,1760,1499
554468,219.14,629.25,186.1,630.825,-3610,6143,-3971,6148,1750,1500
554470,219.3,631.2,184.42,632.55,-3610,6167,-3992,6168,1757,1520
554472,218.18,631.725,185.3,628.5,-3623,6173,-3977,6122,1758,1510
554474,218.9,630.15,185.86,632.625,-3613,6155,-3976,6170,1754,1496
554476,219.94,629.775,186.02,630.525,-3601,6152,-3972,6146,1746,1497
554478,218.9,630.525,187.54,628.2,-3614,6161,-3952,6120,1752,1487
554480,221.7,628.575,187.94,631.8,-3581,6140,-3952,6163,1749,1493
554482,223.86,627.975,191.22,630.75,-3557,6134,-3915,6152,1742,1491
554484,227.46,627.825,194.98,631.2,-3518,6135,-3875,6160,1747,1487
554486,231.22,625.425,198.58,629.475,-3474,6109,-3833,6142,1740,1491
554488,234.34,625.35,202.34,628.65,-3440,6110,-3791,6134,1741,1490
554490,238.9,623.325,206.82,625.575,-3388,6089,-3739,6101,1737,1483
554492,241.78,623.175,207.46,624.975,-3357,6089,-3731,6094,1731,1489
554494,243.46,622.725,208.82,623.475,-3338,6084,-3714,6077,1728,1492
554496,243.22,622.875,208.74,621.225,-3341,6087,-3713,6052,1730,1486
554498,243.7,622.575,207.94,623.1,-3335,6084,-3724,6074,1725,1490
554500,242.1,624.225,206.82,622.875,-3354,6103,-3735,6072,1733,1488
554502,242.98,623.325,205.62,622.575,-3343,6093,-3748,6068,1726,1481
554504,242.1,622.65,204.58,626.1,-3352,6085,-3763,6108,1725,1485
554506,241.14,622.425,204.98,625.725,-3362,6082,-3758,6105,1727,1484
554508,241.54,623.025,204.82,627,-3358,6090,-3761,6120,1726,1477
554510,241.7,622.125,205.94,624,-3355,6080,-3746,6085,1721,1478
554512,242.18,622.575,205.54,626.475,-3351,6085,-3752,6115,1723,1479
554514,242.18,622.125,205.86,623.325,-3350,6080,-3746,6078,1717,1478
554516,242.42,621.45,206.58,625.95,-3347,6073,-3741,6109,1717,1476
554518,241.62,622.05,206.26,623.7,-3357,6079,-3741,6083,1722,1474
554520,241.78,622.65,206.58,621,-3355,6086,-3735,6051,1721,1468
554522,241.54,622.8,205.46,623.025,-3358,6088,-3750,6074,1723,1473
554524,242.1,621.75,205.94,622.05,-3351,6076,-3744,6063,1719,1475
554526,241.78,621.75,205.94,621.525,-3354,6076,-3743,6057,1722,1476
554528,241.7,622.5,205.14,621.45,-3356,6084,-3751,6056,1720,1469
554530,241.7,621.375,206.5,621.225,-3355,6071,-3737,6054,1719,1471
554532,241.54,620.625,206.02,623.775,-3355,6062,-3744,6083,1718,1474
554534,240.9,621.675,205.78,619.95,-3364,6074,-3743,6038,1721,1463
554536,241.14,620.175,205.7,619.575,-3360,6056,-3744,6033,1719,1463
554538,240.98,620.325,205.38,620.4,-3362,6058,-3748,6043,1720,1464
554540,241.46,620.775,206.5,618.15,-3357,6062,-3734,6016,1720,1463
554542,242.1,619.2,204.98,620.025,-3349,6044,-3752,6037,1713,1463
554544,241.14,619.95,205.7,621.9,-3360,6051,-3746,6058,1714,1462
554546,240.42,620.55,206.34,618.675,-3368,6058,-3737,6021,1717,1460
554548,241.38,620.625,205.3,620.7,-3359,6058,-3750,6043,1716,1461
554550,240.82,621.075,205.78,623.325,-3365,6064,-3747,6074,1722,1459
554552,240.26,623.1,206.58,619.35,-3373,6086,-3735,6028,1726,1454
554554,240.74,621.075,206.18,620.775,-3366,6063,-3741,6044,1720,1459
554556,240.82,621,205.46,624.75,-3366,6062,-3753,6090,1720,1454
554558,240.18,622.05,206.1,621.6,-3374,6073,-3743,6053,1719,1460
554560,240.18,622.35,206.9,621.075,-3374,6076,-3734,6047,1720,1452
554562,240.66,620.475,205.38,624.15,-3367,6055,-3754,6082,1716,1450
554564,240.66,621.9,205.86,624.675,-3368,6071,-3749,6087,1721,1450
554566,239.94,622.125,204.74,624.75,-3377,6073,-3761,6088,1726,1449
554568,239.62,622.8,205.22,624.825,-3381,6081,-3757,6089,1729,1452
554570,240.74,622.875,206.18,624.525,-3369,6082,-3745,6086,1721,1453
554572,240.5,623.625,206.42,622.125,-3373,6090,-3741,6057,1721,1441
554574,239.7,623.25,205.54,621.45,-3381,6086,-3749,6049,1720,1454
554576,240.18,623.025,206.26,623.4,-3376,6083,-3744,6072,1719,1443
554578,240.98,622.5,206.1,624.75,-3367,6077,-3747,6087,1722,1445
554580,240.42,623.475,207.14,622.05,-3374,6087,-3733,6056,1719,1446
554582,241.94,622.875,206.02,625.35,-3357,6081,-3750,6094,1717,1456
554584,240.74,624.075,206.5,624.075,-3372,6095,-3743,6080,1716,1448
554586,241.38,623.025,205.62,622.575,-3364,6083,-3751,6062,1715,1443
554588,241.38,623.625,205.94,624.525,-3364,6091,-3750,6086,1718,1448
554590,241.38,622.65,206.18,623.25,-3363,6079,-3746,6070,1717,1441
554592,240.98,624.15,207.3,623.7,-3369,6097,-3734,6076,1716,1443
554594,241.3,622.5,206.82,623.55,-3364,6078,-3739,6075,1713,1440
554596,241.3,623.175,206.82,622.95,-3365,6086,-3739,6068,1717,1440
554598,241.54,622.575,206.42,621.675,-3362,6079,-3742,6053,1713,1444
554600,242.26,621.375,206.74,624.6,-3354,6066,-3742,6087,1706,1442
554602,241.38,624,206.1,623.25,-3366,6096,-3748,6071,1714,1444
554604,240.1,624.825,206.9,623.025,-3381,6106,-3739,6069,1715,1438
554606,241.3,623.775,206.5,623.4,-3366,6093,-3744,6074,1711,1441
554608,241.06,622.95,206.66,623.025,-3369,6084,-3742,6069,1710,1438
554610,240.58,624,205.7,624.45,-3375,6096,-3754,6085,1712,1443
554612,240.58,624.6,206.02,623.925,-3376,6104,-3750,6080,1717,1442
554614,241.14,622.575,206.1,623.025,-3368,6080,-3748,6070,1704,1438
554616,240.82,623.775,206.42,622.575,-3373,6094,-3745,6065,1707,1432
554618,240.9,623.925,205.54,623.4,-3372,6096,-3755,6074,1710,1435
554620,240.42,623.7,205.86,622.35,-3378,6094,-3752,6062,1708,1440
554622,240.98,623.325,206.58,623.175,-3371,6090,-3745,6072,1707,1439
554624,240.58,623.925,206.42,622.875,-3376,6096,-3746,6069,1712,1437
554626,240.58,624.3,206.18,623.175,-3377,6100,-3749,6073,1710,1439
554628,240.58,623.175,205.38,622.425,-3376,6088,-3757,6063,1706,1437
554630,240.34,623.55,205.46,622.725,-3379,6092,-3757,6067,1710,1438
554632,239.86,624.6,205.62,623.55,-3386,6104,-3757,6077,1710,1437
554634,240.26,623.475,205.06,623.025,-3381,6091,-3762,6070,1706,1441
554636,239.46,625.575,205.62,621.3,-3392,6115,-3755,6050,1717,1438
554638,240.1,623.325,205.78,621.75,-3383,6089,-3753,6055,1711,1442
554640,240.02,622.65,205.14,623.775,-3384,6081,-3763,6078,1710,1440
554642,240.34,622.95,205.54,620.7,-3381,6085,-3755,6042,1708,1445
554644,240.26,623.325,205.7,622.575,-3382,6088,-3756,6065,1707,1437
554646,241.54,621.45,206.02,620.1,-3366,6067,-3750,6036,1704,1440
554648,240.58,622.65,205.86,621.525,-3378,6080,-3754,6052,1707,1435
554650,240.26,620.85,204.9,623.55,-3380,6059,-3766,6075,1704,1441
554652,241.3,621.375,205.14,622.95,-3369,6065,-3764,6067,1702,1442
554654,240.18,622.575,205.06,621.075,-3383,6079,-3762,6046,1713,1443
554656,239.78,623.85,206.18,620.475,-3390,6093,-3750,6039,1722,1444
554658,240.9,622.5,206.5,621.45,-3376,6078,-3748,6050,1719,1437
554660,240.74,622.5,206.1,620.025,-3378,6077,-3751,6033,1717,1443
554662,239.78,624,205.3,620.625,-3390,6094,-3760,6039,1719,1445
554664,241.3,624.15,205.22,621.975,-3374,6096,-3763,6055,1718,1445
554666,243.3,623.4,208.5,623.7,-3351,6088,-3729,6076,1723,1439
554668,245.94,626.175,215.78,623.175,-3325,6121,-3650,6072,1732,1436
554670,258.1,625.65,225.06,625.5,-3194,6121,-3551,6104,1723,1444
554672,271.62,622.725,240.18,625.65,-3045,6092,-3388,6112,1708,1447
554674,286.66,624.525,256.74,625.65,-2884,6119,-3209,6119,1724,1447
554676,306.34,627,276.02,624.375,-2674,6156,-2999,6112,1731,1452
554678,325.14,623.55,295.86,623.625,-2468,6125,-2784,6112,1728,1456
554680,346.26,617.55,314.58,620.325,-2236,6063,-2579,6081,1713,1468
554682,364.02,617.775,331.7,615.075,-2046,6074,-2390,6028,1721,1463
554684,380.74,612.75,348.5,613.575,-1863,6023,-2208,6019,1704,1460
554686,395.86,612.225,364.42,609.675,-1701,6024,-2035,5980,1715,1464
554688,414.82,606.525,376.26,608.4,-1494,5966,-1907,5971,1698,1462
554690,429.22,604.05,389.38,608.85,-1340,5944,-1767,5981,1688,1467
554692,442.5,605.475,398.9,610.725,-1199,5966,-1667,6008,1690,1473
554694,452.5,606.6,404.9,612,-1094,5984,-1604,6025,1696,1469
554696,459.7,604.35,408.82,612.975,-1015,5961,-1563,6038,1690,1469
554698,462.34,605.325,410.18,612.6,-989,5973,-1548,6034,1689,1474
554700,463.86,605.85,411.14,611.85,-972,5979,-1537,6025,1686,1469
554702,464.74,605.25,410.18,613.35,-963,5973,-1548,6042,1685,1472
554704,465.46,603.525,411.38,612.525,-954,5954,-1534,6033,1684,1472
554706,464.98,602.25,410.58,611.1,-958,5939,-1542,6016,1685,1474
554708,465.78,600.6,410.66,611.625,-948,5920,-1541,6022,1678,1474
554710,465.78,601.05,411.46,611.325,-948,5925,-1532,6020,1680,1477
554712,465.78,601.5,412.34,610.8,-949,5930,-1522,6013,1677,1469
554714,466.34,601.95,412.26,610.65,-943,5936,-1523,6012,1678,1479
554716,466.02,603.375,411.62,611.85,-947,5952,-1531,6026,1681,1477
554718,465.62,603.225,412.18,611.55,-951,5950,-1525,6022,1681,1479
554720,465.3,602.1,411.7,611.1,-954,5937,-1529,6017,1677,1477
554722,464.18,603.3,412.98,611.175,-966,5951,-1516,6019,1679,1482
554724,464.58,602.55,412.9,611.175,-961,5942,-1517,6019,1676,1482
554726,463.22,602.85,412.02,610.725,-976,5945,-1526,6013,1685,1481
554728,462.98,603.525,412.66,609.675,-978,5952,-1517,6001,1684,1474
554730,462.66,601.575,412.18,610.65,-981,5930,-1524,6012,1687,1481
554732,462.98,601.875,411.22,611.025,-977,5933,-1534,6016,1684,1485
554734,462.26,601.425,412.66,610.35,-985,5928,-1518,6009,1686,1480
554736,462.82,601.575,412.5,609.375,-979,5930,-1519,5997,1687,1478
554738,462.18,601.125,412.82,610.05,-985,5925,-1516,6005,1687,1479
554740,462.34,600.15,412.58,609.225,-983,5913,-1518,5995,1688,1480
554742,461.3,599.55,413.62,610.35,-994,5905,-1508,6009,1686,1481
554744,461.7,601.05,412.82,610.65,-991,5923,-1517,6011,1690,1487
554746,462.1,600.375,412.98,608.625,-986,5915,-1514,5988,1688,1485
554748,461.78,600,412.98,611.025,-989,5910,-1516,6016,1687,1484
554750,461.94,599.7,413.46,609.375,-987,5907,-1509,5997,1691,1490
554752,460.98,600.75,414.34,609.525,-999,5918,-1500,5999,1691,1484
554754,461.86,599.625,414.9,608.325,-988,5906,-1493,5985,1695,1485
554756,460.5,599.55,414.02,610.425,-1003,5904,-1505,6008,1691,1485
554758,461.62,600.225,413.86,608.925,-991,5912,-1505,5991,1688,1485
554760,461.14,599.025,415.22,609,-996,5898,-1490,5992,1695,1485
554762,460.74,600.225,414.74,609.375,-1001,5912,-1496,5996,1691,1489
554764,461.22,601.275,414.66,608.55,-996,5924,-1497,5987,1695,1485
554766,460.26,598.725,414.26,609.375,-1005,5894,-1501,5996,1694,1491
554768,459.94,601.125,414.5,609.225,-1010,5920,-1499,5994,1701,1490
554770,460.18,600.525,415.3,608.4,-1007,5914,-1490,5985,1696,1488
554772,460.5,599.55,415.7,608.1,-1003,5902,-1485,5981,1699,1490
554774,459.86,599.4,415.86,609.675,-1010,5901,-1485,5999,1696,1489
554776,460.34,598.275,415.94,609.45,-1004,5888,-1483,5996,1699,1495
554778,460.02,599.175,415.3,609.15,-1008,5898,-1490,5992,1696,1498
554780,460.1,599.325,415.54,609.975,-1007,5899,-1488,6002,1694,1493
554782,460.5,598.65,417.06,607.725,-1003,5892,-1470,5976,1697,1494
554784,459.94,599.25,415.86,609.15,-1009,5898,-1485,5992,1697,1497
554786,459.86,599.4,416.1,609.375,-1010,5899,-1482,5995,1695,1496
554788,459.54,598.5,416.42,610.05,-1013,5889,-1479,6003,1698,1496
554790,459.46,597.75,415.62,609.45,-1013,5881,-1487,5996,1700,1499
554792,460.34,599.325,417.38,609.75,-1005,5899,-1469,6000,1697,1500
554794,459.94,598.2,416.5,610.05,-1008,5886,-1479,6003,1699,1498
554796,459.7,599.775,416.34,609.15,-1012,5904,-1479,5993,1704,1497
554798,460.18,599.625,416.98,609.975,-1006,5903,-1473,6003,1700,1501
554800,459.62,598.05,416.98,609.75,-1012,5885,-1473,6001,1702,1502
554802,459.38,597.375,417.38,609.675,-1014,5877,-1468,6000,1698,1500
554804,459.38,598.8,416.5,608.925,-1014,5894,-1478,5991,1701,1500
554806,459.62,598.2,417.46,609.6,-1011,5888,-1468,5999,1704,1501
554808,459.86,597.975,416.82,610.2,-1008,5885,-1475,6006,1700,1500
554810,460.02,599.025,418.02,609.975,-1008,5897,-1462,6005,1700,1504
554812,459.54,598.2,418.5,609.45,-1012,5888,-1457,5999,1704,1501
554814,460.42,598.35,417.3,609.075,-1003,5891,-1469,5994,1703,1500
554816,459.78,600,416.74,609.6,-1011,5910,-1475,6001,1710,1504
554818,460.26,598.575,417.86,610.95,-1005,5893,-1465,6017,1704,1499
554820,460.26,598.35,418.02,609.9,-1005,5891,-1462,6006,1706,1503
554822,459.62,598.2,417.7,609.15,-1012,5889,-1465,5996,1703,1503
554824,460.02,599.025,418.02,609.525,-1008,5899,-1462,6002,1703,1502
554826,460.02,597.15,418.34,610.35,-1007,5878,-1459,6011,1704,1502
554828,459.78,597.6,417.78,608.775,-1009,5883,-1463,5993,1706,1500
554830,459.46,597.3,418.1,608.775,-1012,5880,-1460,5994,1705,1502
554832,460.02,597.6,418.82,608.625,-1006,5884,-1451,5992,1700,1505
554834,459.7,597.3,419.14,608.1,-1010,5881,-1448,5986,1707,1502
554836,460.1,598.125,419.38,608.925,-1005,5891,-1445,5996,1706,1504
554838,459.7,597.975,419.3,608.925,-1010,5889,-1447,5997,1703,1504
554840,459.7,596.775,418.42,607.95,-1008,5876,-1455,5985,1707,1503
554842,459.7,596.775,419.38,608.625,-1009,5875,-1445,5993,1705,1506
554844,459.3,596.475,418.66,608.1,-1012,5872,-1453,5987,1707,1505
554846,459.62,596.325,419.38,607.2,-1009,5870,-1444,5977,1705,1504
554848,459.86,597,419.3,608.025,-1007,5879,-1446,5987,1714,1503
554850,460.02,595.875,418.74,608.4,-1004,5866,-1452,5992,1703,1508
554852,459.86,596.475,419.62,607.2,-1006,5873,-1441,5978,1710,1502
554854,459.7,595.5,419.7,608.475,-1007,5862,-1441,5992,1706,1507
554856,459.46,595.95,419.06,607.575,-1009,5866,-1447,5982,1707,1506
554858,459.54,596.025,418.98,607.65,-1008,5868,-1448,5983,1712,1509
554860,459.38,596.7,419.78,608.025,-1011,5875,-1439,5987,1710,1503
554862,459.22,596.325,419.86,607.5,-1012,5871,-1438,5982,1710,1508
554864,459.86,595.725,418.9,608.4,-1004,5864,-1449,5991,1709,1508
554866,459.3,595.35,419.06,608.1,-1010,5860,-1447,5988,1712,1510
554868,454.74,603.675,420.1,607.725,-1064,5953,-1435,5984,1739,1508
554870,458.82,595.2,419.46,608.25,-1015,5858,-1443,5990,1712,1510
554872,458.74,594.75,418.58,609.075,-1015,5851,-1452,5999,1710,1517
554874,459.38,595.425,419.7,607.65,-1009,5859,-1439,5983,1711,1507
554876,458.74,596.175,419.3,608.175,-1016,5867,-1443,5988,1719,1515
554878,459.46,596.1,420.1,607.65,-1008,5868,-1435,5982,1716,1509
554880,459.46,596.55,419.86,606.6,-1008,5872,-1436,5970,1715,1504
554882,459.22,595.725,420.66,608.025,-1010,5863,-1429,5986,1714,1512
554884,459.38,593.85,420.58,606.825,-1006,5841,-1428,5973,1713,1506
554886,459.78,595.425,420.82,607.05,-1004,5859,-1426,5975,1711,1509
554888,459.62,593.925,420.66,607.875,-1004,5841,-1428,5985,1711,1509
554890,459.46,593.7,419.94,607.2,-1006,5838,-1435,5976,1712,1509
554892,459.06,594.45,420.74,606.9,-1010,5847,-1426,5973,1716,1511
554894,458.98,594.675,421.94,606.6,-1011,5849,-1413,5970,1717,1508
554896,459.3,593.625,420.98,607.35,-1006,5837,-1424,5978,1713,1512
554898,459.46,593.475,420.74,606.15,-1005,5836,-1425,5964,1715,1511
554900,459.38,592.95,420.98,606.9,-1005,5830,-1423,5973,1713,1509
554902,459.46,592.725,422.26,607.275,-1004,5827,-1410,5978,1712,1512
554904,459.22,593.85,421.7,606.975,-1007,5840,-1416,5973,1716,1516
554906,458.9,593.175,422.34,606.3,-1010,5832,-1408,5966,1713,1517
554908,459.38,592.95,421.38,605.475,-1004,5829,-1417,5956,1715,1515
554910,459.46,593.025,422.74,606.9,-1004,5830,-1404,5972,1713,1513
554912,458.66,592.95,421.46,607.575,-1011,5829,-1418,5980,1716,1516
554914,458.98,593.775,421.38,607.8,-1008,5838,-1419,5983,1716,1516
554916,458.74,593.85,421.86,605.775,-1011,5839,-1411,5959,1715,1512
554918,458.66,593.325,421.06,607.725,-1012,5833,-1422,5982,1715,1519
554920,458.58,593.925,421.7,607.05,-1013,5839,-1414,5974,1719,1516
554922,459.06,593.625,421.62,607.35,-1008,5837,-1415,5978,1715,1512
554924,459.14,593.4,421.46,606.975,-1007,5834,-1417,5973,1716,1515
554926,458.9,593.7,420.82,606.9,-1009,5837,-1423,5972,1715,1511
554928,458.26,593.325,421.22,606.975,-1015,5834,-1419,5974,1718,1515
554930,458.02,593.175,421.54,606.75,-1018,5831,-1415,5971,1711,1516
554932,458.42,593.475,422.66,606.6,-1014,5835,-1403,5970,1717,1515
554934,457.86,593.4,421.54,606.6,-1020,5834,-1415,5969,1717,1512
554936,458.82,594,421.78,606.6,-1010,5841,-1413,5970,1718,1512
554938,458.18,594.75,422.5,606.825,-1017,5850,-1405,5973,1720,1514
554940,458.42,592.8,422.26,605.625,-1013,5827,-1406,5959,1718,1516
554942,458.26,593.475,421.94,606.3,-1015,5835,-1410,5966,1721,1517
554944,458.58,593.7,422.26,605.925,-1013,5838,-1407,5963,1720,1513
554946,458.42,592.275,422.42,604.8,-1013,5821,-1404,5949,1715,1513
554948,458.42,592.35,421.86,605.625,-1013,5823,-1411,5959,1719,1513
554950,458.58,592.875,424.02,606.225,-1012,5829,-1389,5967,1716,1519
554952,458.66,592.95,422.9,605.175,-1011,5830,-1400,5954,1717,1515
554954,459.38,592.35,422.82,605.25,-1003,5824,-1401,5956,1715,1512
554956,458.98,592.8,422.9,605.775,-1009,5828,-1401,5962,1716,1512
554958,458.82,592.125,423.3,604.875,-1010,5821,-1396,5951,1714,1515
554960,458.58,592.875,422.82,606.075,-1013,5830,-1403,5965,1719,1515
554962,458.18,592.95,422.66,605.4,-1018,5831,-1403,5958,1722,1514
554964,458.26,592.65,422.82,605.325,-1017,5827,-1403,5957,1715,1515
554966,457.62,592.725,422.26,606.9,-1024,5828,-1409,5975,1719,1513
554968,458.02,592.05,423.78,605.85,-1020,5820,-1393,5964,1715,1515
554970,457.54,593.85,423.22,606.45,-1026,5841,-1399,5971,1717,1512
554972,457.38,594.375,423.22,606.9,-1029,5847,-1400,5976,1716,1508
554974,457.38,594.675,421.86,607.2,-1029,5850,-1415,5979,1716,1508
554976,455.86,594.15,423.14,607.275,-1045,5844,-1401,5980,1715,1509
554978,456.66,594.525,421.86,607.65,-1037,5849,-1416,5984,1713,1509
554980,456.18,595.875,421.86,608.1,-1043,5864,-1417,5990,1715,1509
554982,456.42,595.5,422.42,608.25,-1041,5860,-1411,5992,1719,1505
554984,456.02,595.875,422.98,608.775,-1046,5865,-1406,5999,1718,1510
554986,455.94,596.025,422.66,608.625,-1047,5867,-1409,5997,1713,1505
554988,455.94,597,423.78,608.4,-1048,5879,-1398,5995,1716,1509
554990,455.46,596.55,422.82,609.15,-1052,5873,-1409,6004,1717,1503
554992,455.54,596.85,423.14,609.75,-1052,5877,-1406,6011,1713,1506
554994,455.94,597.75,423.54,608.475,-1049,5887,-1401,5996,1716,1506
554996,455.54,597.75,423.54,609.825,-1054,5888,-1403,6013,1716,1504
554998,455.94,597.375,423.38,609.15,-1049,5884,-1404,6005,1713,1507
555000,456.1,598.35,424.34,608.7,-1048,5896,-1394,6001,1712,1505
555002,456.18,598.8,424.42,608.7,-1048,5901,-1393,6001,1711,1504
555004,456.26,598.05,423.7,609,-1047,5893,-1401,6004,1713,1503
555006,456.58,597.525,425.62,607.35,-1043,5887,-1379,5986,1710,1502
555008,455.94,598.35,424.02,607.275,-1051,5897,-1396,5984,1710,1497
555010,456.5,597.525,424.66,607.65,-1044,5887,-1390,5990,1712,1502
555012,455.94,598.35,425.3,607.275,-1051,5897,-1383,5985,1712,1503
555014,457.14,598.725,424.98,606.975,-1038,5901,-1385,5981,1715,1509
555016,456.98,597.675,424.42,606.45,-1039,5889,-1391,5976,1709,1496
555018,457.3,597.675,425.22,606.225,-1035,5889,-1383,5973,1707,1501
555020,456.74,597.525,424.98,605.55,-1042,5887,-1384,5965,1709,1495
555022,457.14,596.925,425.3,606.075,-1037,5880,-1382,5971,1712,1499
555024,456.74,596.175,425.3,605.325,-1041,5871,-1381,5962,1708,1499
555026,457.46,596.325,426.18,604.5,-1033,5874,-1371,5953,1708,1498
555028,456.74,596.175,425.06,604.2,-1040,5871,-1382,5949,1708,1491
555030,456.58,596.175,424.5,605.475,-1041,5871,-1390,5963,1706,1493
555032,457.3,596.775,424.02,604.65,-1035,5877,-1394,5952,1705,1488
555034,456.34,595.575,425.54,604.575,-1044,5862,-1377,5952,1706,1496
555036,455.78,595.35,424.34,605.4,-1049,5859,-1391,5960,1707,1496
555038,455.86,596.175,424.66,603.225,-1049,5868,-1386,5935,1703,1491
555040,455.38,595.95,425.06,604.8,-1054,5864,-1382,5952,1702,1488
555042,455.46,595.5,425.06,604.65,-1053,5858,-1383,5950,1702,1489
555044,455.94,595.65,424.5,604.575,-1047,5859,-1388,5947,1702,1486
555046,455.38,595.875,425.46,603.975,-1053,5861,-1378,5941,1702,1486
555048,455.78,595.125,424.26,604.05,-1049,5850,-1390,5939,1705,1485
555050,455.46,595.95,424.66,604.425,-1053,5861,-1386,5944,1702,1486
555052,455.54,596.325,424.34,604.65,-1053,5863,-1390,5944,1703,1486
555054,454.5,595.2,424.42,604.2,-1062,5849,-1389,5939,1703,1484
555056,454.82,596.025,423.06,604.95,-1060,5857,-1404,5945,1700,1477
555058,454.34,595.875,423.38,605.325,-1065,5855,-1401,5950,1700,1483
555060,454.9,595.875,423.7,604.35,-1059,5854,-1397,5938,1699,1480
555062,454.74,595.725,424.02,604.65,-1061,5853,-1394,5941,1700,1484
555064,455.22,596.55,424.82,603.825,-1057,5861,-1385,5930,1701,1478
555066,458.02,595.725,427.14,603.675,-1027,5852,-1360,5930,1701,1482
555068,462.42,598.35,433.54,606.15,-982,5882,-1294,5959,1703,1484
555070,471.78,597.375,441.54,606.825,-882,5876,-1210,5970,1701,1486
555072,483.78,599.85,454.1,608.1,-758,5908,-1078,5990,1702,1484
555074,498.9,602.4,468.66,608.7,-600,5944,-925,6003,1699,1496
555076,515.7,604.35,484.74,607.275,-425,5972,-754,5992,1695,1488
555078,533.86,602.25,503.7,606.9,-233,5957,-554,5997,1691,1494
555080,553.38,603.975,519.46,605.1,-30,5984,-386,5982,1697,1491
555082,572.58,603.975,538.74,600.975,171,5993,-181,5943,1690,1488
555084,591.62,606.45,556.58,598.125,367,6029,6,5919,1694,1478
555086,609.94,605.7,574.58,597.075,559,6029,195,5915,1674,1476
555088,629.94,605.625,592.02,599.475,767,6037,376,5950,1668,1465
555090,648.82,605.775,609.78,601.425,963,6046,560,5980,1661,1457
555092,666.58,603.375,625.94,602.025,1150,6027,728,5993,1641,1462
555094,685.86,602.475,638.74,606,1350,6026,858,6044,1639,1460
555096,702.02,606.15,651.94,607.65,1515,6074,995,6069,1637,1459
555098,714.9,602.475,662.02,610.275,1650,6038,1098,6104,1619,1462
555100,726.34,606.15,669.62,611.4,1766,6085,1176,6120,1629,1459
555102,733.94,606.75,674.1,611.25,1844,6095,1223,6120,1627,1462
555104,737.3,604.425,677.78,611.7,1880,6071,1261,6127,1619,1468
555106,738.9,602.925,678.98,611.1,1897,6054,1274,6121,1623,1470
555108,738.9,603.45,678.18,610.425,1896,6061,1265,6113,1622,1467
555110,737.46,599.85,677.7,611.25,1883,6019,1260,6122,1614,1472
555112,737.3,599.925,678.82,610.125,1882,6020,1272,6110,1612,1476
555114,736.18,599.625,679.3,610.65,1871,6017,1277,6117,1612,1472
555116,736.9,598.575,679.46,612.15,1878,6006,1278,6135,1609,1477
555118,737.22,600.975,679.94,612.75,1880,6033,1282,6142,1616,1475
555120,736.82,602.1,681.54,613.35,1876,6047,1298,6150,1620,1468
555122,737.86,604.125,682.1,612.45,1885,6070,1305,6141,1615,1468
555124,737.46,604.875,682.58,613.2,1881,6080,1309,6151,1620,1466
555126,735.94,603.75,681.7,613.2,1866,6066,1300,6150,1615,1468
555128,736.18,605.025,681.78,613.5,1868,6082,1301,6155,1613,1467
555130,735.62,606.15,681.54,613.575,1862,6095,1299,6155,1618,1467
555132,734.98,605.175,681.62,612,1855,6084,1300,6139,1617,1465
555134,735.54,605.85,682.58,613.125,1861,6092,1310,6152,1618,1467
555136,734.98,604.65,682.66,612.75,1855,6080,1311,6149,1617,1468
555138,734.34,605.175,682.5,612.6,1848,6085,1309,6147,1620,1469
555140,734.58,605.475,682.34,613.275,1850,6090,1306,6156,1621,1462
555142,734.58,604.425,682.74,612.525,1851,6078,1311,6147,1621,1464
555144,734.5,604.275,683.22,612.975,1850,6077,1315,6154,1617,1469
555146,734.82,604.8,683.46,613.875,1853,6083,1317,6164,1623,1467
555148,734.58,604.425,683.46,613.5,1850,6080,1317,6161,1622,1466
555150,734.9,604.725,684.02,612.3,1853,6084,1323,6148,1623,1463
555152,734.34,603.9,684.66,613.35,1848,6075,1329,6160,1618,1460
555154,733.7,604.575,683.78,613.2,1840,6083,1320,6158,1622,1464
555156,733.46,604.575,684.58,612.525,1838,6084,1328,6152,1622,1462
555158,734.26,605.175,684.18,612.075,1845,6090,1324,6147,1615,1461
555160,733.62,606.375,684.26,612.225,1838,6105,1325,6150,1624,1463
555162,733.38,605.7,684.58,612,1836,6097,1329,6147,1623,1465
555164,734.02,604.725,684.18,613.35,1843,6086,1323,6163,1626,1461
555166,734.42,605.325,685.14,612.6,1846,6093,1333,6155,1625,1465
555168,733.78,604.65,685.46,611.85,1840,6086,1337,6147,1624,1463
555170,733.46,605.55,685.86,612.075,1836,6097,1341,6149,1628,1464
555172,733.7,605.025,686.02,611.925,1838,6090,1343,6148,1628,1464
555174,733.54,604.725,686.26,610.725,1837,6087,1345,6135,1622,1464
555176,733.46,605.25,685.86,612,1835,6093,1341,6149,1627,1465
555178,734.02,605.175,686.58,610.425,1842,6093,1349,6131,1629,1466
555180,733.78,605.325,686.42,611.4,1839,6094,1346,6142,1627,1461
555182,733.86,605.55,686.5,610.95,1840,6097,1348,6137,1628,1464
555184,733.38,605.7,686.9,610.725,1835,6098,1352,6135,1633,1467
555186,733.38,606,686.98,609.75,1835,6101,1354,6123,1631,1467
555188,732.74,606.225,687.3,610.725,1828,6104,1356,6135,1631,1465
555190,733.06,604.575,687.62,611.025,1833,6085,1360,6139,1629,1469
555192,732.42,605.475,687.7,610.275,1826,6095,1361,6130,1633,1463
555194,732.9,604.8,688.5,609.3,1831,6088,1370,6119,1629,1469
555196,732.26,604.5,687.54,609.225,1825,6084,1360,6118,1632,1466
555198,732.42,604.2,687.54,608.85,1826,6081,1361,6114,1632,1470
555200,732.34,605.1,688.34,609.9,1825,6091,1368,6126,1634,1470
555202,733.22,603.375,688.58,608.925,1836,6072,1372,6115,1633,1464
555204,733.3,605.25,688.18,609.15,1835,6092,1367,6117,1630,1471
555206,732.66,605.1,689.14,608.925,1829,6091,1378,6114,1635,1468
555208,732.74,603.975,688.5,608.85,1831,6077,1371,6113,1635,1465
555210,733.06,603.975,687.7,608.475,1834,6078,1363,6109,1628,1469
555212,731.94,604.425,688.26,609.15,1823,6082,1369,6116,1636,1467
555214,731.62,604.5,690.02,608.325,1819,6083,1387,6107,1639,1470
555216,732.1,604.65,689.06,608.1,1824,6085,1378,6105,1634,1465
555218,731.62,603.975,688.26,608.25,1819,6077,1370,6106,1634,1467
555220,731.3,605.325,688.34,608.85,1815,6092,1370,6113,1637,1469
555222,731.54,604.125,689.54,608.625,1819,6079,1382,6111,1638,1467
555224,731.14,603.3,689.14,607.875,1815,6069,1379,6103,1631,1469
555226,730.9,605.175,687.86,609.375,1812,6091,1365,6119,1640,1468
555228,731.3,604.275,689.54,608.325,1816,6080,1383,6107,1636,1471
555230,731.54,604.8,688.82,608.925,1818,6086,1375,6114,1637,1465
555232,731.14,605.175,688.58,609.45,1814,6090,1372,6120,1637,1470
555234,731.22,604.125,688.18,609,1815,6078,1368,6115,1640,1470
555236,730.82,604.425,688.02,608.025,1811,6081,1367,6103,1638,1467
555238,730.58,604.65,688.98,608.4,1808,6084,1376,6108,1639,1470
555240,730.9,604.725,689.22,608.7,1811,6086,1379,6112,1640,1471
555242,730.9,603.825,688.98,608.25,1812,6075,1376,6107,1634,1471
555244,731.46,604.35,689.38,607.65,1817,6081,1381,6099,1641,1467
555246,731.46,605.775,690.1,607.275,1816,6098,1388,6096,1645,1472
555248,731.14,605.925,689.78,608.25,1813,6099,1385,6107,1644,1472
555250,731.38,605.25,689.94,608.325,1816,6091,1386,6108,1643,1472
555252,731.7,605.625,689.54,608.25,1819,6096,1382,6107,1642,1471
555254,730.74,604.8,690.1,607.275,1809,6087,1388,6096,1641,1468
555256,731.46,603.675,690.1,607.725,1817,6075,1388,6102,1635,1467
555258,731.54,604.5,691.06,607.575,1817,6084,1398,6101,1639,1469
555260,730.98,605.1,690.34,608.175,1811,6091,1390,6107,1640,1472
555262,730.82,604.95,690.34,606.9,1810,6089,1390,6093,1643,1466
555264,731.46,606,690.34,606.525,1815,6102,1391,6089,1650,1471
555266,731.22,605.55,690.58,606.9,1813,6096,1393,6093,1642,1472
555268,731.62,604.425,690.34,606,1818,6084,1390,6083,1644,1472
555270,730.98,604.65,690.5,606.6,1811,6086,1392,6090,1640,1469
555272,731.14,604.725,690.42,606.675,1812,6087,1391,6091,1640,1471
555274,730.98,603.525,691.06,606.6,1811,6073,1397,6091,1640,1471
555276,730.66,604.725,690.1,606.825,1807,6087,1387,6093,1643,1469
555278,729.78,603.9,690.1,606.75,1798,6077,1386,6092,1642,1473
555280,730.02,604.35,690.42,606.675,1800,6082,1389,6091,1643,1470
555282,729.06,604.575,689.3,606.3,1790,6085,1378,6087,1646,1468
555284,729.3,604.575,689.54,606.3,1791,6085,1380,6087,1648,1479
555286,728.98,603.375,689.86,606.6,1789,6071,1384,6090,1641,1474
555288,728.9,605.1,688.9,606.525,1787,6091,1373,6089,1645,1472
555290,728.26,604.425,690.1,607.425,1780,6083,1385,6100,1647,1473
555292,728.1,604.2,689.7,607.35,1779,6080,1380,6099,1646,1474
555294,727.38,603.525,689.7,606.9,1771,6073,1380,6094,1645,1472
555296,727.7,604.575,689.62,606.825,1773,6084,1378,6093,1647,1476
555298,728.18,604.05,689.3,606.75,1778,6079,1375,6092,1642,1473
555300,727.54,604.725,688.98,606.45,1771,6086,1371,6089,1647,1472
555302,727.54,603.825,688.5,607.2,1771,6076,1366,6097,1646,1473
555304,727.46,603.075,688.74,606.975,1770,6067,1367,6094,1648,1475
555306,727.06,603.3,689.14,607.5,1766,6070,1371,6101,1651,1475
555308,727.54,603.375,689.54,607.425,1769,6071,1375,6100,1649,1482
555310,727.54,602.4,689.3,606.15,1770,6059,1373,6085,1645,1480
555312,727.14,603.3,689.14,606.45,1765,6069,1371,6088,1649,1480
555314,727.06,603.375,689.46,607.05,1764,6070,1373,6095,1650,1478
555316,727.06,603.525,689.7,606.225,1763,6072,1376,6085,1650,1477
555318,726.9,602.4,689.38,605.85,1762,6059,1372,6081,1651,1477
555320,727.3,603.375,689.22,606.525,1765,6070,1370,6089,1649,1475
555322,727.38,603.525,690.74,605.925,1766,6071,1385,6082,1649,1478
555324,727.3,602.175,690.02,606.075,1765,6056,1377,6084,1648,1477
555326,727.14,602.7,689.54,604.8,1762,6062,1373,6068,1649,1476
555328,727.7,602.7,690.74,606.225,1767,6062,1383,6085,1648,1478
555330,727.94,602.025,689.7,605.025,1770,6054,1373,6071,1646,1484
555332,727.46,602.25,690.02,604.725,1764,6056,1376,6067,1647,1475
555334,727.38,602.55,690.26,605.775,1763,6060,1378,6079,1650,1480
555336,727.54,602.025,690.9,605.775,1765,6053,1384,6080,1649,1479
555338,727.38,602.475,690.26,605.025,1763,6059,1378,6070,1647,1481
555340,727.46,601.2,691.7,605.175,1763,6044,1392,6073,1650,1477
555342,727.7,602.325,690.02,604.65,1765,6056,1375,6066,1648,1477
555344,727.86,602.25,690.9,605.7,1766,6055,1383,6078,1650,1480
555346,727.78,601.95,690.98,605.55,1766,6052,1384,6076,1649,1474
555348,727.94,602.775,691.22,605.25,1766,6060,1386,6072,1650,1473
555350,727.78,602.325,691.3,605.175,1765,6056,1387,6072,1648,1478
555352,728.02,601.95,691.38,605.625,1767,6051,1387,6076,1646,1473
555354,727.94,602.775,691.94,605.475,1766,6060,1393,6075,1652,1477
555356,728.42,603.075,691.14,606.075,1770,6063,1384,6081,1648,1477
555358,728.34,602.55,691.38,606.45,1770,6057,1386,6085,1646,1475
555360,728.26,603.45,692.02,606,1768,6067,1392,6080,1648,1476
555362,728.34,602.7,692.66,606.15,1769,6059,1399,6082,1647,1475
555364,727.86,602.775,691.94,606.45,1765,6059,1391,6085,1646,1472
555366,727.86,602.925,692.18,605.7,1764,6061,1395,6076,1646,1477
555368,727.7,602.85,691.62,605.925,1762,6060,1388,6078,1648,1471
555370,728.5,602.775,691.62,606.525,1771,6059,1388,6085,1642,1475
555372,727.78,603,692.02,606.375,1764,6061,1393,6083,1647,1472
555374,728.9,603.6,691.54,605.325,1775,6068,1388,6071,1640,1472
555376,727.94,602.85,692.18,605.775,1766,6058,1395,6076,1646,1470
555378,727.78,602.775,692.58,605.7,1765,6058,1399,6075,1645,1476
555380,728.34,603.45,691.7,606.375,1770,6065,1390,6082,1641,1474
555382,728.58,602.625,692.02,606.375,1773,6056,1393,6083,1644,1470
555384,727.86,603.675,692.26,606.675,1766,6067,1396,6086,1644,1472
555386,728.26,603.225,691.54,606.225,1769,6062,1388,6080,1643,1469
555388,728.26,602.55,692.1,606.225,1770,6055,1395,6081,1641,1466
555390,728.82,603.75,692.26,606.15,1775,6069,1397,6079,1641,1471
555392,729.46,604.35,693.54,607.275,1782,6075,1410,6093,1639,1470
555394,731.46,603.825,695.94,608.55,1803,6070,1434,6108,1632,1472
555396,737.94,604.05,701.06,609.15,1870,6075,1486,6118,1633,1472
555398,748.9,603.75,708.58,613.65,1983,6077,1562,6172,1630,1462
555400,760.66,605.55,718.58,615.45,2103,6102,1664,6197,1624,1464
555402,774.98,606.075,730.74,615.45,2250,6115,1790,6202,1631,1476
555404,791.86,609.675,742.9,616.725,2421,6163,1915,6221,1632,1479
555406,807.22,607.875,756.66,616.875,2580,6149,2057,6230,1624,1476
555408,823.62,608.475,770.74,614.4,2747,6163,2202,6207,1625,1475
555410,839.7,606.6,784.74,613.275,2912,6149,2347,6200,1619,1476
555412,854.18,605.4,799.46,611.775,3061,6141,2499,6190,1609,1466
555414,870.74,602.775,813.22,609.15,3230,6119,2641,6166,1601,1467
555416,885.46,603.075,825.06,609.45,3380,6128,2761,6175,1586,1456
555418,897.94,602.1,837.22,610.425,3507,6123,2886,6191,1587,1438
555420,908.82,606.3,846.26,610.575,3615,6175,2977,6196,1576,1436
555422,916.9,606,849.94,611.55,3697,6175,3015,6209,1571,1439
555424,922.1,605.7,853.94,611.925,3750,6174,3055,6215,1574,1430
555426,925.06,607.5,856.82,613.875,3779,6195,3083,6238,1573,1429
555428,926.02,606.15,857.78,613.875,3789,6180,3093,6238,1566,1429
555430,925.54,604.05,856.5,615.675,3784,6156,3079,6258,1564,1428
555432,924.66,603.675,857.38,616.5,3775,6152,3087,6267,1565,1434
555434,923.3,602.7,856.98,614.55,3761,6140,3084,6245,1565,1432
555436,922.18,601.875,856.74,613.2,3750,6130,3081,6230,1567,1436
555438,922.1,603.9,858.1,613.8,3748,6153,3095,6237,1571,1436
555440,921.78,603.9,858.66,613.875,3745,6153,3100,6238,1572,1434
555442,921.86,604.875,858.58,614.025,3745,6164,3099,6240,1572,1436
555444,922.82,606.45,860.1,614.1,3754,6183,3114,6241,1564,1433
555446,922.98,608.325,859.38,614.85,3755,6203,3106,6249,1568,1432
555448,923.14,607.95,859.14,615.3,3756,6200,3103,6255,1566,1432
555450,920.74,606.9,858.98,614.1,3732,6186,3102,6241,1555,1430
555452,921.46,607.875,860.26,614.475,3738,6198,3114,6246,1559,1433
555454,920.02,608.025,859.38,614.025,3723,6200,3106,6241,1557,1428
555456,919.54,607.35,859.22,614.25,3719,6192,3103,6244,1554,1425
555458,920.34,608.175,859.78,614.1,3727,6202,3109,6242,1556,1429
555460,920.74,609.225,860.18,613.95,3730,6214,3113,6241,1561,1428
555462,920.34,607.65,859.62,614.625,3726,6196,3107,6248,1556,1427
555464,920.1,608.55,860.26,613.65,3723,6206,3114,6238,1553,1425
555466,919.54,607.05,860.18,614.7,3718,6189,3112,6249,1550,1429
555468,919.54,607.65,859.86,615.45,3717,6195,3108,6258,1554,1422
555470,918.9,607.575,860.66,613.875,3711,6194,3117,6241,1551,1425
555472,918.98,606.6,860.5,614.925,3712,6184,3115,6252,1548,1426
555474,918.9,607.725,860.5,614.025,3710,6197,3115,6242,1550,1418
555476,918.02,607.425,860.98,613.8,3701,6193,3120,6241,1546,1418
555478,918.66,608.55,861.3,613.575,3708,6206,3123,6238,1550,1418
555480,918.9,607.35,861.86,613.8,3710,6193,3128,6242,1546,1416
555482,918.58,607.275,861.7,612.9,3707,6192,3127,6231,1543,1420
555484,918.18,607.5,861.06,613.8,3702,6195,3120,6242,1546,1413
555486,918.58,607.5,862.34,613.125,3706,6195,3133,6234,1543,1414
555488,918.9,607.575,862.9,613.125,3709,6196,3138,6235,1542,1416
555490,919.06,607.95,862.74,613.8,3711,6201,3137,6242,1544,1411
555492,919.54,607.2,863.06,612.75,3716,6192,3141,6231,1542,1410
555494,918.18,607.875,862.58,612.525,3702,6200,3135,6228,1538,1408
555496,918.26,607.35,862.26,612.9,3703,6194,3132,6233,1542,1414
555498,918.98,607.65,863.22,612.225,3710,6198,3142,6225,1539,1413
555500,918.34,607.425,864.34,612.75,3703,6195,3153,6232,1537,1408
555502,918.26,607.275,864.42,612.375,3703,6193,3154,6228,1539,1408
555504,918.74,608.475,864.18,612.15,3708,6207,3152,6225,1538,1407
555506,918.66,607.65,864.58,611.625,3707,6198,3157,6219,1535,1403
555508,919.62,607.875,865.3,613.125,3716,6201,3163,6237,1537,1402
555510,918.5,607.875,863.86,612.6,3705,6200,3149,6230,1534,1402
555512,919.06,607.35,865.54,612.225,3711,6195,3166,6227,1532,1395
555514,919.22,608.55,865.7,611.925,3712,6208,3168,6223,1534,1403
555516,918.9,608.55,865.86,612.45,3710,6209,3169,6230,1536,1401
555518,919.78,608.175,865.46,612.3,3718,6204,3165,6228,1533,1396
555520,918.9,608.4,865.46,612.375,3710,6207,3165,6229,1531,1390
555522,919.62,609.225,866.5,611.325,3717,6216,3176,6217,1533,1397
555524,919.06,608.25,866.18,611.475,3712,6206,3173,6219,1531,1394
555526,919.46,608.55,866.34,611.85,3716,6209,3175,6223,1532,1396
555528,919.94,610.05,866.34,611.1,3721,6226,3176,6215,1534,1392
555530,919.86,608.25,865.62,610.725,3720,6205,3168,6210,1530,1394
555532,919.62,608.25,866.18,612,3718,6205,3174,6224,1530,1392
555534,919.46,608.4,866.82,611.325,3717,6207,3181,6217,1533,1393
555536,919.54,607.8,866.1,611.25,3718,6200,3174,6216,1528,1393
555538,919.54,607.95,866.5,610.95,3718,6201,3179,6212,1527,1393
555540,919.06,607.875,866.5,610.575,3714,6201,3179,6208,1527,1395
555542,919.86,609.825,867.14,610.725,3721,6223,3186,6210,1538,1395
555544,920.74,610.05,866.82,611.85,3731,6226,3183,6222,1539,1393
555546,920.18,608.925,866.98,610.125,3726,6212,3185,6203,1534,1391
555548,919.78,609.825,866.98,610.5,3722,6223,3186,6207,1533,1392
555550,920.02,610.125,866.34,610.8,3724,6226,3179,6210,1536,1394
555552,919.46,609.075,865.86,610.725,3720,6214,3175,6210,1531,1392
555554,919.78,609.75,866.74,610.35,3722,6221,3184,6206,1533,1392
555556,919.86,610.5,866.18,609.75,3724,6230,3178,6198,1534,1390
555558,919.7,609.975,866.42,610.725,3722,6224,3181,6209,1536,1393
555560,919.7,610.05,866.26,610.575,3723,6224,3180,6207,1535,1390
555562,919.22,610.125,867.14,610.05,3718,6225,3189,6202,1531,1392
555564,919.14,609.9,866.74,611.325,3718,6222,3184,6216,1530,1393
555566,919.14,609.9,866.26,610.425,3717,6222,3180,6205,1530,1390
555568,919.06,611.175,865.78,610.275,3717,6236,3175,6203,1531,1388
555570,918.66,609.525,865.62,610.8,3713,6217,3174,6209,1529,1389
555572,918.1,609.9,866.02,610.575,3707,6221,3178,6206,1527,1385
555574,918.26,611.325,866.74,610.65,3708,6237,3185,6207,1528,1388
555576,918.66,610.275,865.86,611.625,3712,6225,3176,6218,1529,1391
555578,918.1,610.65,865.78,610.95,3706,6229,3175,6210,1526,1390
555580,918.74,611.025,866.9,610.8,3712,6234,3186,6209,1527,1392
555582,918.42,610.425,866.66,610.95,3709,6227,3184,6211,1525,1392
555584,918.74,610.5,866.18,610.575,3712,6228,3179,6206,1524,1388
555586,918.5,611.025,867.06,610.5,3710,6234,3188,6206,1527,1388
555588,918.42,610.275,867.06,610.425,3710,6226,3188,6205,1525,1391
555590,918.5,611.175,867.3,610.125,3710,6236,3190,6202,1526,1390
555592,919.22,610.725,866.9,609.9,3717,6231,3186,6199,1523,1389
555594,918.5,610.275,865.94,610.5,3710,6226,3176,6205,1522,1387
555596,918.18,610.05,867.62,609.675,3707,6224,3193,6198,1521,1390
555598,918.98,609.225,866.66,609.975,3715,6215,3183,6201,1519,1387
555600,918.82,608.775,866.98,610.35,3713,6209,3186,6205,1519,1389
555602,918.9,608.475,866.5,610.125,3714,6206,3181,6202,1521,1382
555604,919.06,610.725,866.02,610.425,3715,6232,3176,6206,1522,1387
555606,918.82,608.25,867.3,609.9,3713,6205,3189,6201,1519,1386
555608,918.98,609.45,867.3,609.45,3713,6218,3189,6196,1519,1391
555610,918.42,608.475,866.58,610.65,3708,6208,3181,6210,1520,1386
555612,918.26,608.1,866.42,609.75,3707,6203,3180,6200,1521,1383
555614,919.06,609.825,866.5,609.6,3714,6223,3180,6198,1525,1384
555616,917.7,608.925,866.42,610.65,3700,6213,3178,6211,1523,1383
555618,917.78,609.75,866.82,610.8,3701,6223,3183,6213,1525,1391
555620,917.62,609.75,866.18,610.875,3699,6223,3176,6214,1522,1391
555622,917.54,610.5,865.94,610.575,3697,6232,3174,6210,1520,1389
555624,917.38,611.85,866.74,611.025,3696,6248,3181,6216,1522,1387
555626,917.3,610.875,865.7,612.3,3695,6237,3171,6231,1516,1388
555628,917.22,610.5,866.9,612.075,3694,6233,3182,6229,1517,1390
555630,917.78,613.2,866.82,611.1,3699,6264,3182,6218,1519,1395
555632,917.62,611.85,866.5,611.925,3696,6250,3178,6229,1518,1389
555634,916.9,612.675,866.26,611.325,3689,6259,3176,6221,1519,1389
555636,916.5,612.6,867.22,611.025,3685,6258,3185,6219,1516,1392
555638,917.06,611.775,866.66,611.325,3691,6249,3179,6222,1522,1390
555640,916.98,613.5,866.1,611.1,3689,6269,3172,6220,1519,1389
555642,917.78,615.15,867.06,611.1,3697,6288,3182,6220,1529,1389
555644,917.14,613.65,867.22,611.25,3689,6271,3183,6223,1522,1391
555646,917.46,613.95,866.82,611.25,3692,6275,3179,6223,1529,1391
555648,917.46,614.625,867.54,610.8,3691,6283,3186,6218,1525,1391
555650,917.7,613.2,867.46,611.775,3695,6267,3184,6229,1520,1390
555652,918.1,613.425,867.62,611.025,3698,6270,3185,6221,1520,1394
555654,918.18,612.6,867.86,610.425,3699,6260,3188,6215,1521,1394
555656,917.86,613.2,868.74,609.525,3694,6267,3197,6204,1524,1391
555658,917.78,612,868.18,610.125,3694,6254,3191,6211,1520,1393
555660,918.74,612.075,868.42,609.45,3703,6254,3193,6203,1525,1393
555662,918.1,611.85,868.18,609.15,3697,6251,3191,6199,1522,1394
555664,919.06,611.85,868.42,609.975,3706,6251,3192,6208,1524,1393
555666,918.58,611.025,868.82,609.225,3702,6241,3197,6200,1524,1393
555668,918.82,611.85,868.58,609.225,3703,6250,3193,6199,1522,1390
555670,919.06,611.7,869.46,608.55,3705,6248,3202,6192,1524,1393
555672,918.58,608.775,868.58,608.925,3700,6214,3192,6194,1519,1394
555674,916.1,610.8,867.38,608.925,3675,6236,3180,6194,1525,1391
555676,910.1,610.725,862.98,610.05,3612,6231,3134,6203,1522,1389
555678,901.86,614.625,853.38,612.675,3528,6272,3035,6229,1519,1392
555680,889.06,616.875,841.14,615.3,3396,6290,2908,6252,1520,1392
555682,873.54,619.95,824.82,618.75,3237,6319,2740,6284,1523,1393
555684,855.14,623.625,809.94,622.725,3047,6351,2585,6321,1521,1400
555686,837.7,623.625,792.98,625.35,2868,6343,2409,6344,1528,1399
555688,822.66,625.2,779.14,627.75,2713,6353,2265,6364,1535,1403
555690,809.62,624.975,765.22,627.675,2579,6345,2122,6357,1534,1411
555692,797.46,625.725,753.14,626.325,2453,6347,1997,6334,1539,1416
555694,790.26,625.275,743.14,627.075,2378,6338,1892,6338,1542,1412
555696,781.94,628.125,736.02,625.275,2290,6365,1819,6313,1539,1410
555698,774.98,630.225,727.06,626.85,2218,6386,1725,6327,1533,1412
555700,770.66,630.6,718.42,631.5,2171,6386,1632,6375,1530,1413
555702,765.78,634.35,713.3,631.95,2119,6427,1578,6377,1530,1410
555704,762.66,638.625,708.66,632.7,2083,6473,1528,6382,1529,1403
555706,761.06,636,707.22,634.5,2068,6443,1512,6403,1522,1404
555708,760.82,640.05,705.78,634.875,2061,6487,1495,6404,1533,1407
555710,761.22,640.125,705.54,632.85,2066,6488,1494,6381,1533,1409
555712,761.46,640.575,705.54,632.55,2065,6492,1492,6376,1532,1407
555714,761.54,639,703.86,631.575,2067,6474,1475,6365,1532,1408
555716,760.74,641.025,703.78,630.075,2055,6496,1472,6347,1532,1404
555718,760.18,640.2,702.82,630.225,2050,6486,1462,6348,1532,1405
555720,759.62,639.075,703.14,631.725,2043,6472,1463,6364,1539,1400
555722,759.38,640.5,703.62,631.275,2040,6488,1468,6359,1537,1406
555724,759.22,639.15,705.14,630.6,2037,6471,1482,6351,1537,1403
555726,760.02,639.225,705.46,632.85,2045,6473,1484,6377,1538,1405
555728,760.74,638.025,705.54,631.875,2051,6459,1484,6365,1535,1406
555730,760.18,640.425,704.98,632.925,2045,6486,1478,6377,1538,1415
555732,759.86,639.675,706.02,633.825,2040,6477,1486,6388,1542,1413
555734,759.38,640.725,705.78,632.325,2034,6489,1484,6370,1538,1415
555736,759.06,640.95,706.66,632.1,2030,6491,1492,6367,1542,1415
555738,759.78,639.75,707.06,633.3,2038,6477,1496,6382,1540,1415
555740,760.1,640.275,707.46,631.5,2040,6483,1500,6361,1543,1411
555742,759.7,640.35,707.06,632.1,2036,6484,1495,6368,1549,1412
555744,760.34,641.775,708.02,630.45,2041,6501,1506,6349,1553,1416
555746,759.94,639.75,708.5,629.625,2038,6478,1511,6340,1548,1415
555748,760.02,639.75,707.94,630.75,2038,6478,1503,6352,1550,1413
555750,760.5,639.9,708.74,629.175,2042,6480,1513,6335,1544,1416
555752,760.34,638.55,709.14,628.875,2041,6464,1516,6332,1545,1417
555754,760.34,639.975,709.14,629.55,2040,6480,1516,6340,1550,1419
555756,760.02,640.5,709.54,628.2,2036,6487,1521,6324,1552,1415
555758,760.26,639.825,710.34,628.275,2039,6479,1529,6326,1544,1424
555760,759.86,638.475,709.94,629.025,2036,6464,1525,6335,1551,1419
555762,760.1,639.9,709.78,628.95,2037,6480,1523,6334,1553,1413
555764,760.26,639.6,709.62,628.8,2040,6477,1522,6332,1547,1420
555766,759.06,638.4,709.86,629.175,2028,6463,1524,6336,1548,1425
555768,758.9,639.525,710.1,628.425,2027,6476,1527,6328,1551,1420
555770,759.86,639.9,709.78,628.2,2036,6480,1525,6325,1550,1420
555772,759.46,638.25,709.94,629.4,2033,6462,1526,6339,1550,1423
555774,759.22,639.3,710.5,629.25,2031,6473,1532,6338,1552,1422
555776,759.62,640.425,710.58,629.175,2034,6487,1533,6337,1553,1420
555778,759.54,637.725,710.34,627.9,2035,6456,1531,6323,1547,1422
555780,759.22,639.675,710.82,628.35,2032,6479,1537,6329,1553,1424
555782,759.46,640.725,710.9,628.65,2034,6491,1538,6332,1553,1426
555784,758.74,639.075,710.18,628.5,2028,6473,1532,6331,1554,1424
555786,758.82,639.525,711.54,628.5,2029,6477,1545,6332,1552,1427
555788,759.22,640.575,711.38,628.5,2033,6490,1545,6332,1556,1424
555790,759.06,639.15,711.38,628.8,2032,6474,1545,6335,1554,1431
555792,758.74,639.9,711.54,628.425,2030,6483,1548,6332,1556,1427
555794,758.74,640.575,711.3,627.9,2029,6491,1546,6326,1558,1428
555796,758.98,639.825,712.1,629.1,2034,6483,1555,6341,1559,1430
555798,758.98,639.525,710.58,627.45,2034,6480,1540,6321,1556,1427
555800,759.22,640.425,711.38,628.125,2038,6491,1550,6330,1554,1430
555802,758.82,638.775,711.3,628.5,2035,6472,1549,6334,1550,1426
555804,758.5,639.075,711.22,627.6,2033,6476,1550,6325,1554,1424
555806,759.14,639.45,710.98,628.275,2039,6480,1547,6332,1554,1427
555808,758.9,639.675,712.02,627.375,2037,6484,1559,6323,1556,1427
555810,758.82,640.275,711.94,626.85,2036,6491,1558,6317,1558,1424
555812,758.18,639.225,711.62,627.3,2031,6479,1556,6323,1553,1426
555814,758.5,639.075,712.34,627.75,2034,6478,1564,6328,1554,1426
555816,758.82,638.25,712.5,628.275,2040,6470,1566,6336,1551,1434
555818,758.42,639.3,712.18,627.375,2035,6481,1563,6325,1556,1427
555820,758.42,639.3,712.74,627,2036,6482,1571,6322,1556,1429
555822,758.34,638.775,712.42,628.2,2036,6476,1567,6336,1555,1428
555824,758.34,639.525,711.78,625.65,2036,6486,1562,6307,1558,1425
555826,758.02,639.15,712.82,626.925,2033,6481,1573,6322,1557,1427
555828,758.18,638.625,712.98,627.3,2036,6476,1574,6327,1553,1426
555830,758.26,638.7,712.82,626.175,2037,6476,1574,6314,1553,1431
555832,758.02,638.475,713.62,625.95,2036,6475,1583,6313,1554,1427
555834,757.7,637.275,713.3,626.475,2033,6461,1579,6318,1550,1438
555836,757.54,638.55,712.5,625.575,2031,6476,1573,6308,1554,1435
555838,758.18,639.15,711.7,625.65,2038,6483,1564,6309,1560,1431
555840,756.66,641.025,710.18,625.5,2022,6504,1549,6307,1562,1431
555842,753.54,641.4,706.5,626.85,1990,6507,1510,6320,1567,1434
555844,747.7,642.75,700.42,627.9,1929,6521,1447,6331,1571,1437
555846,743.38,642.6,695.62,629.4,1885,6517,1397,6345,1570,1433
555848,736.02,644.175,690.5,629.925,1808,6532,1344,6350,1571,1432
555850,733.06,644.325,687.3,630.825,1777,6533,1311,6359,1573,1434
555852,731.06,644.325,684.9,630.075,1758,6532,1286,6349,1576,1438
555854,730.66,644.925,682.5,631.35,1753,6539,1261,6362,1580,1434
555856,732.02,643.95,683.78,631.275,1768,6528,1275,6362,1581,1437
555858,732.26,643.95,684.26,629.25,1770,6528,1281,6339,1573,1434
555860,733.54,642.9,686.34,628.65,1785,6516,1303,6333,1575,1438
555862,733.62,641.925,686.58,627.15,1786,6506,1306,6316,1571,1438
555864,734.18,643.05,686.34,627.075,1791,6518,1304,6315,1572,1436
555866,733.06,643.8,686.18,626.925,1780,6527,1302,6313,1573,1431
555868,733.14,643.275,685.14,627.825,1781,6520,1291,6323,1567,1441
555870,732.58,643.425,685.62,627.6,1774,6522,1296,6321,1568,1438
555872,732.1,643.125,685.38,627.975,1770,6518,1294,6324,1570,1438
555874,731.7,642.6,685.14,628.275,1766,6512,1291,6328,1571,1438
555876,732.58,643.875,684.9,629.025,1774,6526,1288,6336,1572,1442
555878,732.82,644.25,684.98,627.375,1777,6531,1289,6317,1574,1443
555880,731.94,644.1,685.22,629.4,1768,6529,1291,6340,1577,1439
555882,731.3,644.85,684.82,628.95,1760,6537,1287,6335,1576,1438
555884,732.18,644.925,685.22,629.475,1770,6538,1290,6341,1577,1437
555886,731.14,645.3,684.74,629.85,1758,6542,1286,6345,1580,1441
555888,731.06,644.4,685.06,628.5,1757,6531,1289,6329,1575,1443
555890,731.54,645.3,685.62,627,1761,6542,1295,6313,1581,1440
555892,731.78,644.55,685.78,627.3,1764,6533,1296,6316,1577,1445
555894,731.46,645.825,685.54,627.75,1760,6548,1294,6322,1581,1441
555896,732.26,645.825,685.22,628.05,1768,6548,1289,6325,1579,1442
555898,731.14,644.775,686.02,627.525,1757,6536,1299,6319,1578,1444
555900,731.54,646.275,685.3,626.775,1760,6553,1291,6310,1580,1443
555902,731.46,644.55,686.58,626.4,1760,6533,1305,6307,1579,1443
555904,732.02,645,686.66,627.3,1765,6539,1305,6317,1578,1442
555906,732.34,645.9,686.02,626.625,1768,6549,1298,6309,1580,1438
555908,732.18,645.6,687.06,626.175,1766,6546,1309,6305,1579,1442
555910,731.14,645.45,685.94,627.975,1755,6544,1296,6324,1578,1448
555912,732.42,646.5,686.42,626.625,1768,6556,1301,6309,1578,1444
555914,731.38,645.375,686.9,626.925,1758,6544,1306,6313,1581,1446
555916,731.3,644.85,686.66,626.7,1757,6537,1304,6310,1578,1443
555918,731.38,646.125,686.98,626.625,1757,6551,1307,6309,1586,1449
555920,731.3,645.675,686.66,627,1756,6546,1303,6314,1580,1444
555922,730.82,645.45,686.58,626.25,1751,6543,1303,6305,1581,1446
555924,730.42,644.85,687.54,625.5,1748,6537,1313,6297,1583,1445
555926,730.98,644.625,686.58,627.15,1753,6534,1302,6315,1584,1446
555928,731.38,645.6,686.82,626.25,1756,6545,1305,6304,1583,1447
555930,729.86,643.275,687.46,626.925,1742,6518,1311,6313,1583,1451
555932,729.86,643.95,686.26,625.2,1741,6526,1299,6292,1583,1450
555934,725.54,644.175,684.74,624.75,1697,6526,1283,6287,1579,1445
555936,719.22,643.35,678.82,626.325,1631,6514,1221,6302,1578,1445
555938,707.38,646.425,668.58,626.85,1507,6544,1114,6304,1587,1443
555940,691.3,645.45,654.5,627.15,1340,6526,968,6301,1592,1443
555942,671.54,644.775,636.26,627.675,1135,6511,777,6299,1594,1443
555944,649.54,644.1,616.66,626.625,905,6493,573,6278,1603,1452
555946,628.5,643.5,594.98,624.9,686,6478,347,6249,1618,1454
555948,607.78,639.075,572.66,624.675,472,6417,113,6237,1621,1465
555950,588.18,637.275,551.7,620.25,268,6388,-103,6176,1624,1465
555952,568.42,633.975,532.26,617.775,62,6342,-306,6140,1629,1454
555954,547.7,626.175,513.46,615.45,-149,6243,-502,6104,1629,1454
555956,527.54,624.975,491.54,612.675,-362,6219,-732,6062,1632,1459
555958,507.14,620.475,469.86,613.05,-573,6159,-962,6057,1618,1459
555960,488.42,621.675,448.98,612.3,-772,6165,-1183,6039,1618,1452
555962,472.82,620.775,431.78,613.5,-936,6147,-1367,6045,1611,1452
555964,457.06,621.45,414.82,614.25,-1105,6147,-1548,6045,1596,1445
555966,447.3,623.925,400.98,616.275,-1210,6172,-1697,6063,1603,1441
555968,440.02,626.85,388.26,619.575,-1291,6202,-1835,6094,1602,1447
555970,433.46,629.7,379.06,621.75,-1362,6232,-1935,6116,1596,1441
555972,430.42,630.6,373.7,622.275,-1396,6241,-1994,6119,1598,1442
555974,428.66,632.4,371.3,622.5,-1416,6261,-2019,6121,1600,1449
555976,430.1,631.65,372.18,620.85,-1400,6252,-2009,6102,1604,1442
555978,430.9,629.55,373.22,618.975,-1390,6229,-1996,6081,1607,1440
555980,431.62,629.475,374.82,618.075,-1382,6228,-1978,6071,1600,1446
555982,432.58,627.225,375.22,616.65,-1370,6202,-1972,6054,1611,1442
555984,431.54,627.075,374.82,615.6,-1381,6200,-1976,6042,1609,1449
555986,430.26,627.75,375.54,615.525,-1395,6207,-1969,6041,1605,1440
555988,428.82,628.05,374.02,615.075,-1410,6210,-1984,6035,1609,1438
555990,428.5,627.75,373.14,617.475,-1414,6206,-1996,6062,1608,1445
555992,428.5,628.05,373.3,617.475,-1414,6210,-1994,6063,1610,1438
555994,429.14,629.4,373.78,617.925,-1408,6225,-1989,6068,1611,1440
555996,428.42,628.5,375.22,619.5,-1415,6215,-1975,6087,1611,1443
555998,428.18,627.9,375.46,619.275,-1417,6208,-1972,6084,1608,1444
556000,428.82,628.125,376.42,620.475,-1410,6211,-1963,6099,1617,1444
556002,428.18,627.075,376.74,619.725,-1416,6198,-1958,6090,1609,1448
556004,427.86,627.9,376.9,620.4,-1420,6208,-1957,6099,1610,1445
556006,427.78,627.75,376.82,619.2,-1420,6206,-1957,6084,1610,1450
556008,427.7,627.825,377.86,617.925,-1421,6207,-1944,6071,1611,1446
556010,427.7,626.7,377.06,617.55,-1420,6194,-1952,6066,1609,1449
556012,427.94,626.775,378.1,617.025,-1417,6195,-1940,6061,1606,1446
556014,427.62,627.45,378.18,617.475,-1421,6202,-1940,6065,1614,1451
556016,427.14,627.075,379.38,615.975,-1425,6198,-1925,6049,1618,1447
556018,427.06,626.025,379.06,615.675,-1425,6186,-1928,6045,1615,1450
556020,426.5,627,380.02,616.725,-1431,6197,-1918,6058,1615,1451
556022,427.06,624.9,379.94,614.775,-1424,6174,-1917,6036,1618,1445
556024,426.34,625.5,380.34,615.45,-1432,6180,-1914,6044,1616,1450
556026,426.1,624.3,380.82,615.525,-1434,6166,-1909,6045,1618,1450
556028,426.58,624.6,379.94,615.075,-1428,6170,-1917,6038,1620,1451
556030,425.94,624.675,379.3,613.875,-1435,6170,-1923,6025,1616,1448
556032,425.94,624.525,380.5,614.175,-1435,6168,-1911,6028,1622,1450
556034,426.26,624.525,379.46,614.775,-1431,6168,-1922,6035,1621,1450
556036,425.38,624.15,380.18,615,-1440,6164,-1914,6038,1623,1454
556038,425.06,623.025,380.82,614.925,-1443,6150,-1908,6037,1622,1449
556040,425.06,623.7,380.1,613.725,-1443,6158,-1914,6023,1620,1450
556042,424.9,624.375,381.06,612.75,-1445,6166,-1902,6012,1627,1449
556044,425.14,623.175,380.66,613.575,-1442,6152,-1907,6021,1630,1456
556046,425.3,623.7,380.34,612.075,-1441,6158,-1910,6003,1624,1453
556048,424.58,623.025,381.22,612.75,-1448,6149,-1901,6011,1627,1457
556050,424.1,623.325,381.06,613.125,-1453,6153,-1903,6016,1630,1454
556052,424.98,622.95,380.98,612,-1444,6148,-1903,6003,1630,1453
556054,423.06,622.575,381.06,613.5,-1463,6143,-1903,6020,1638,1453
556056,423.38,624.3,380.82,612.825,-1462,6163,-1906,6011,1640,1457
556058,423.46,622.65,381.54,612.225,-1460,6144,-1897,6005,1632,1456
556060,423.38,622.575,381.94,613.725,-1460,6143,-1895,6021,1635,1458
556062,423.14,621.825,381.14,613.425,-1462,6133,-1903,6018,1631,1459
556064,423.06,622.725,381.46,613.575,-1464,6143,-1900,6019,1634,1456
556066,422.5,621.75,381.06,612.375,-1469,6132,-1903,6005,1635,1457
556068,421.78,621.975,380.82,613.65,-1477,6134,-1907,6019,1629,1461
556070,422.66,622.5,381.06,612,-1468,6140,-1903,6001,1632,1458
556072,421.78,622.05,381.7,613.2,-1477,6134,-1897,6014,1635,1466
556074,422.1,621.9,380.34,612.075,-1474,6133,-1911,6000,1632,1460
556076,421.7,621.975,381.14,612.75,-1478,6133,-1903,6009,1635,1463
556078,420.82,621.9,381.06,613.725,-1488,6132,-1905,6020,1636,1463
556080,421.14,622.125,380.98,612.6,-1485,6134,-1905,6006,1633,1462
556082,421.14,621.075,381.06,612.375,-1484,6122,-1904,6004,1636,1462
556084,420.9,621.375,380.42,612.375,-1487,6125,-1911,6003,1634,1463
556086,420.26,621.675,381.3,611.475,-1495,6129,-1901,5993,1636,1462
556088,419.38,620.925,380.42,613.275,-1504,6119,-1912,6013,1637,1466
556090,419.78,621.15,380.42,612.675,-1499,6122,-1912,6007,1635,1465
556092,419.22,621.45,381.22,612.075,-1507,6124,-1903,6000,1635,1468
556094,419.46,621,380.74,612.225,-1504,6119,-1909,6001,1638,1464
556096,419.3,621.225,380.26,612,-1507,6122,-1914,5998,1639,1468
556098,419.62,620.925,381.14,612.975,-1503,6119,-1906,6010,1636,1470
556100,419.78,620.925,380.9,612,-1502,6119,-1908,5998,1636,1464
556102,419.14,621.225,381.46,612.3,-1509,6122,-1903,6002,1640,1470
556104,419.06,621.225,381.54,611.925,-1511,6121,-1902,5997,1640,1469
556106,418.82,621.45,381.46,612.975,-1513,6124,-1905,6010,1637,1478
556108,418.1,621.075,381.62,611.1,-1521,6119,-1901,5988,1638,1469
556110,418.9,621.3,382.18,610.575,-1513,6122,-1895,5982,1643,1469
556112,418.9,620.325,382.58,611.475,-1512,6112,-1893,5993,1644,1474
556114,418.42,621.45,381.86,610.8,-1519,6124,-1900,5985,1642,1471
556116,419.46,621.975,382.9,611.325,-1508,6130,-1889,5991,1646,1477
556118,418.58,621.075,383.06,609.825,-1517,6120,-1886,5974,1643,1476
556120,419.14,620.925,382.9,610.05,-1512,6118,-1888,5977,1643,1473
556122,419.22,620.025,382.42,610.05,-1510,6108,-1894,5976,1648,1471
556124,418.9,620.775,383.62,609.975,-1515,6117,-1881,5976,1643,1474
556126,418.58,620.85,383.94,608.775,-1518,6118,-1877,5962,1642,1474
556128,417.54,621.825,383.38,609.15,-1530,6129,-1884,5967,1645,1469
556130,413.46,622.875,379.46,612.6,-1575,6139,-1928,6005,1648,1473
556132,406.5,623.1,373.06,611.1,-1649,6139,-1996,5985,1645,1473
556134,395.38,626.1,361.62,613.425,-1770,6169,-2120,6007,1649,1475
556136,381.94,628.275,345.46,615.15,-1916,6188,-2295,6019,1644,1467
556138,365.86,632.25,330.74,616.125,-2092,6227,-2454,6024,1650,1460
556140,351.14,632.625,311.46,617.175,-2250,6225,-2663,6028,1658,1459
556142,334.58,633.15,293.94,619.05,-2429,6224,-2853,6042,1651,1464
556144,320.18,633.75,276.1,619.725,-2584,6225,-3046,6042,1640,1461
556146,307.7,633.825,259.46,621.975,-2719,6220,-3229,6060,1649,1463
556148,294.18,632.625,246.74,620.1,-2864,6200,-3364,6033,1640,1463
556150,281.46,631.575,232.74,621,-3000,6182,-3517,6037,1630,1473
556152,271.3,633.525,220.18,621.975,-3112,6201,-3654,6043,1634,1466
556154,263.94,635.475,210.26,621.9,-3194,6220,-3761,6038,1627,1470
556156,258.66,636.9,204.02,623.175,-3252,6235,-3831,6050,1622,1468
556158,256.02,636.45,199.38,621,-3280,6229,-3879,6023,1619,1462
556160,255.22,637.5,198.26,624.15,-3290,6241,-3895,6059,1617,1470
556162,254.74,641.4,199.06,623.85,-3299,6286,-3886,6056,1628,1465
556164,256.5,637.725,201.62,623.175,-3276,6244,-3856,6049,1615,1461
556166,255.62,637.05,202.42,623.25,-3285,6235,-3848,6051,1619,1468
556168,255.46,638.7,203.62,621.525,-3288,6255,-3832,6031,1628,1464
556170,255.38,636.3,204.5,619.575,-3286,6227,-3822,6009,1628,1469
556172,254.42,637.05,203.06,619.65,-3297,6236,-3836,6009,1628,1473
556174,253.38,636.6,202.66,619.8,-3308,6230,-3841,6011,1628,1465
556176,253.7,636.75,201.54,619.05,-3305,6232,-3852,6002,1629,1466
556178,252.9,636.9,201.06,619.95,-3314,6233,-3859,6012,1628,1463
556180,251.94,636.3,201.86,621.3,-3323,6226,-3851,6028,1631,1466
556182,252.9,636.75,202.1,622.05,-3313,6232,-3849,6037,1628,1469
556184,251.78,636.075,202.18,623.025,-3324,6223,-3848,6049,1631,1473
556186,252.02,635.85,202.5,623.925,-3321,6221,-3846,6060,1629,1468
556188,252.18,635.025,203.94,622.65,-3318,6211,-3828,6046,1630,1468
556190,251.78,634.35,204.9,621.9,-3321,6203,-3817,6037,1633,1470
556192,251.22,634.725,203.06,623.7,-3327,6208,-3839,6058,1633,1472
556194,250.98,635.025,204.82,621.975,-3330,6211,-3818,6038,1632,1474
556196,251.54,634.65,204.5,621.825,-3322,6208,-3819,6036,1635,1475
556198,251.06,634.425,205.46,620.7,-3328,6205,-3808,6024,1634,1471
556200,250.66,635.175,205.46,620.775,-3332,6213,-3808,6025,1631,1471
556202,250.74,634.05,205.78,621.6,-3330,6200,-3805,6035,1637,1473
556204,250.66,635.475,206.1,620.1,-3331,6216,-3799,6017,1638,1472
556206,250.74,634.35,206.66,619.725,-3329,6203,-3793,6013,1638,1472
556208,250.82,633.9,206.9,618.45,-3328,6198,-3788,5998,1638,1468
556210,250.82,634.2,207.3,617.7,-3328,6202,-3783,5990,1637,1464
556212,250.58,634.2,207.7,618.525,-3330,6202,-3779,6000,1636,1466
556214,250.5,633.525,206.58,620.1,-3331,6194,-3793,6017,1638,1472
556216,250.1,632.625,207.46,618.975,-3334,6184,-3782,6005,1641,1461
556218,249.3,633,207.62,618.15,-3343,6187,-3780,5995,1641,1467
556220,248.74,633.225,207.38,617.325,-3348,6190,-3780,5986,1638,1464
556222,247.94,631.725,207.14,618.075,-3356,6172,-3784,5994,1641,1464
556224,248.5,631.35,207.62,618.3,-3349,6168,-3779,5997,1648,1467
556226,247.86,633.075,207.22,617.175,-3357,6188,-3782,5984,1641,1461
556228,247.38,631.8,207.22,617.925,-3362,6173,-3783,5992,1642,1468
556230,246.42,631.875,206.58,618.6,-3373,6173,-3791,6000,1644,1472
556232,246.42,631.65,207.7,617.25,-3372,6170,-3777,5985,1640,1468
556234,246.5,630.825,207.78,616.95,-3370,6161,-3776,5981,1642,1469
556236,246.02,631.65,205.94,618.975,-3376,6170,-3798,6004,1641,1466
556238,246.26,632.025,206.5,618.225,-3374,6175,-3792,5996,1640,1468
556240,246.26,632.25,208.02,616.2,-3374,6177,-3773,5973,1642,1459
556242,246.34,631.8,207.3,617.175,-3373,6172,-3781,5984,1643,1460
556244,246.18,632.55,206.66,618,-3376,6181,-3790,5993,1645,1465
556246,246.26,631.275,207.7,616.275,-3374,6166,-3777,5974,1643,1460
556248,245.78,632.025,206.98,618.075,-3381,6174,-3787,5995,1644,1460
556250,245.7,632.25,207.86,616.125,-3381,6177,-3775,5972,1646,1459
556252,245.3,632.175,207.86,616.65,-3387,6176,-3777,5978,1645,1462
556254,245.06,631.275,207.46,616.875,-3388,6166,-3781,5981,1643,1467
556256,245.94,630.75,207.06,618,-3378,6159,-3787,5993,1641,1465
556258,245.78,632.325,207.86,617.325,-3381,6179,-3778,5986,1647,1464
556260,245.78,630.9,207.94,615.375,-3381,6161,-3775,5963,1643,1460
556262,245.46,631.05,207.38,616.05,-3384,6163,-3782,5970,1641,1460
556264,245.54,630.6,208.1,614.925,-3383,6158,-3773,5958,1643,1458
556266,245.38,629.1,208.74,614.325,-3383,6139,-3765,5951,1643,1459
556268,244.82,629.475,207.46,616.125,-3390,6144,-3782,5972,1641,1458
556270,245.78,628.875,208.66,615.3,-3379,6137,-3768,5962,1645,1456
556272,245.06,629.7,207.62,614.925,-3389,6146,-3779,5957,1642,1453
556274,245.06,628.875,208.42,614.4,-3387,6137,-3770,5952,1645,1455
556276,244.42,628.5,207.46,615,-3395,6133,-3782,5959,1645,1453
556278,244.5,628.8,207.7,615.6,-3394,6136,-3779,5965,1646,1459
556280,244.42,628.5,207.46,616.65,-3395,6132,-3784,5977,1644,1454
556282,244.58,628.875,208.26,615.3,-3394,6137,-3773,5963,1647,1452
556284,244.26,629.625,208.34,614.25,-3399,6146,-3772,5950,1645,1444
556286,244.1,629.175,207.3,615.825,-3400,6140,-3785,5969,1644,1450
556288,243.94,629.925,207.78,616.275,-3403,6150,-3781,5974,1642,1449
556290,243.22,629.55,207.78,615.675,-3410,6145,-3781,5967,1644,1447
556292,243.7,629.175,207.3,618.375,-3405,6141,-3789,5998,1644,1451
556294,243.38,629.25,206.66,615.975,-3409,6142,-3793,5970,1643,1443
556296,243.22,629.625,207.46,615.6,-3411,6146,-3784,5966,1644,1442
556298,243.22,629.625,206.34,618,-3411,6147,-3800,5994,1644,1445
556300,243.38,630.3,207.06,617.925,-3411,6154,-3792,5993,1644,1444
556302,243.06,631.125,208.26,616.35,-3415,6164,-3778,5976,1645,1441
556304,242.9,631.875,207.86,619.725,-3418,6174,-3786,6016,1641,1442
556306,243.22,631.425,207.7,618.15,-3415,6168,-3786,5997,1644,1447
556308,243.54,631.725,208.34,617.025,-3412,6173,-3779,5986,1640,1444
556310,243.14,632.1,208.1,617.1,-3417,6177,-3782,5986,1642,1442
556312,243.7,632.4,208.5,616.425,-3412,6182,-3777,5979,1638,1440
556314,243.38,632.1,208.18,618.15,-3415,6178,-3782,6000,1639,1444
556316,243.06,632.1,209.62,615.825,-3419,6178,-3765,5974,1641,1436
556318,243.62,632.85,208.66,615.825,-3413,6187,-3775,5973,1640,1439
556320,243.7,632.55,210.42,616.35,-3412,6185,-3757,5981,1639,1439
556322,245.06,632.475,211.62,617.925,-3398,6185,-3745,5999,1644,1441
556324,248.98,631.65,217.46,617.7,-3354,6177,-3683,6000,1643,1430
556326,256.74,630.6,225.86,618.45,-3269,6168,-3591,6012,1639,1437
556328,271.14,628.575,241.38,618.825,-3112,6151,-3424,6024,1653,1438
556330,287.62,623.7,259.54,614.775,-2929,6102,-3223,5985,1644,1435
556332,307.62,617.4,282.02,611.1,-2707,6037,-2977,5953,1642,1437
556334,330.58,611.925,305.94,603.525,-2456,5984,-2712,5876,1648,1447
556336,353.06,605.925,329.3,595.2,-2209,5925,-2454,5790,1651,1449
556338,377.22,596.775,352.42,584.55,-1943,5830,-2197,5678,1658,1446
556340,400.42,586.65,375.14,575.775,-1687,5724,-1947,5588,1658,1445
556342,424.5,579.15,397.3,566.25,-1425,5649,-1703,5489,1654,1440
556344,447.06,571.2,420.5,556.65,-1180,5568,-1449,5390,1648,1434
556346,470.58,564.975,442.34,547.425,-927,5508,-1211,5295,1638,1435
556348,494.18,562.65,464.98,543.075,-677,5492,-970,5255,1636,1431
556350,516.9,562.575,483.86,543.75,-438,5502,-772,5272,1622,1419
556352,539.22,564.525,500.58,546.525,-207,5533,-598,5311,1619,1423
556354,558.74,564.825,514.5,549,-2,5546,-455,5346,1618,1421
556356,576.18,568.2,525.62,551.475,176,5591,-339,5377,1616,1417
556358,589.06,571.2,533.78,554.325,309,5632,-256,5414,1623,1422
556360,598.1,571.35,539.54,554.7,402,5636,-196,5419,1622,1425
556362,603.86,570.45,542.9,556.125,462,5629,-162,5438,1617,1433
556364,605.38,568.8,543.62,555.375,479,5609,-155,5428,1617,1433
556366,605.54,568.125,544.42,553.875,481,5601,-146,5411,1618,1437
556368,605.46,567.6,544.58,553.65,481,5594,-144,5408,1618,1436
556370,603.46,565.05,543.78,552.75,461,5564,-152,5397,1619,1440
556372,603.22,563.325,544.42,552.45,459,5543,-146,5393,1622,1437
556374,603.54,563.475,545.54,552.375,462,5545,-134,5392,1624,1440
556376,603.54,563.475,546.5,552.825,462,5544,-124,5397,1618,1434
556378,604.02,565.65,546.5,551.925,466,5569,-124,5386,1621,1432
556380,604.98,566.025,548.1,554.1,475,5573,-109,5411,1619,1434
556382,604.66,566.7,548.9,553.35,471,5580,-100,5403,1612,1434
556384,603.62,567.525,548.98,553.425,459,5588,-100,5402,1620,1433
556386,603.3,567.675,549.3,554.325,456,5589,-97,5413,1618,1433
556388,602.42,567.525,548.82,554.55,446,5586,-103,5414,1619,1434
556390,601.14,567.6,548.5,553.125,433,5587,-106,5398,1620,1429
556392,601.14,567.825,549.62,553.35,433,5588,-95,5400,1623,1429
556394,600.82,566.775,550.1,552.525,430,5576,-89,5391,1617,1428
556396,600.9,567.225,549.62,553.125,429,5580,-95,5396,1619,1429
556398,600.58,566.175,550.82,552.675,427,5568,-82,5392,1622,1435
556400,600.82,566.475,551.46,552.825,429,5571,-76,5392,1620,1431
556402,600.5,565.95,552.02,551.625,426,5565,-69,5380,1622,1437
556404,600.9,565.875,551.94,552.975,429,5563,-72,5394,1623,1428
556406,600.82,566.475,553.06,553.65,428,5570,-60,5402,1624,1435
556408,600.9,565.875,553.14,553.05,428,5563,-60,5395,1621,1432
556410,600.5,565.725,553.38,552.825,424,5561,-57,5392,1623,1427
556412,600.82,565.65,553.62,552.375,427,5560,-55,5387,1624,1434
556414,600.82,566.25,553.94,553.35,427,5566,-52,5398,1627,1433
556416,600.82,565.725,554.1,552.825,427,5560,-51,5392,1625,1433
556418,600.02,565.5,554.66,553.5,419,5557,-45,5400,1626,1435
556420,600.34,565.725,554.9,552.3,422,5559,-42,5385,1625,1433
556422,600.34,563.55,554.5,552,423,5534,-46,5382,1634,1432
556424,600.42,564.675,554.82,552.75,422,5547,-44,5390,1630,1434
556426,600.82,565.65,555.78,552.6,427,5559,-33,5389,1627,1434
556428,599.86,564.225,556.18,551.7,417,5541,-29,5379,1630,1438
556430,599.78,565.275,556.02,552.825,416,5553,-31,5392,1631,1435
556432,600.34,565.425,555.62,553.125,421,5555,-36,5395,1631,1432
556434,599.78,563.625,556.42,552.3,417,5535,-27,5385,1638,1440
556436,600.42,564.3,555.7,553.35,423,5543,-35,5397,1636,1435
556438,600.42,564.975,556.82,551.475,422,5550,-22,5376,1630,1439
556440,600.02,562.5,556.9,552.525,419,5522,-22,5389,1635,1437
556442,600.1,564.075,556.9,553.05,419,5540,-22,5394,1637,1435
556444,599.86,563.625,556.98,553.2,417,5535,-21,5397,1638,1437
556446,599.14,563.325,556.9,552.6,410,5531,-22,5390,1641,1437
556448,599.78,564.9,556.66,552.675,416,5550,-24,5391,1637,1435
556450,598.98,563.175,557.54,552.975,409,5530,-15,5395,1644,1436
556452,600.1,565.275,557.38,552.675,419,5554,-17,5392,1640,1437
556454,599.86,563.775,557.94,552.75,417,5538,-11,5393,1642,1438
556456,599.86,563.25,558.74,552.375,418,5532,-2,5389,1640,1438
556458,599.46,564.375,557.3,552.75,413,5545,-18,5393,1640,1437
556460,599.3,563.775,558.66,552.15,412,5538,-2,5388,1643,1434
556462,600.02,562.125,557.38,552.525,421,5520,-16,5391,1642,1437
556464,599.86,562.5,557.7,552,419,5525,-13,5386,1642,1440
556466,599.06,562.95,557.94,552.3,410,5530,-10,5389,1643,1435
556468,599.22,563.25,557.7,552.75,412,5534,-13,5396,1642,1439
556470,599.7,563.325,558.66,553.35,417,5535,-4,5403,1644,1440
556472,598.66,562.875,557.62,552.375,407,5530,-13,5392,1646,1436
556474,599.3,562.35,558.58,552.825,414,5525,-3,5398,1643,1441
556476,598.5,562.95,559.46,552.375,406,5532,5,5393,1643,1438
556478,599.06,562.725,558.74,552.75,412,5529,-1,5397,1647,1443
556480,599.7,561.375,558.98,552.825,420,5516,1,5399,1648,1439
556482,599.46,563.4,558.82,553.275,416,5538,0,5404,1639,1443
556484,598.9,562.5,559.38,552.9,411,5529,5,5401,1642,1438
556486,598.58,562.35,558.66,551.925,408,5526,0,5390,1646,1439
556488,599.14,563.4,558.9,552.9,413,5539,1,5401,1642,1443
556490,598.66,563.7,559.78,552.3,408,5542,11,5395,1649,1440
556492,598.66,562.35,559.14,553.5,409,5528,4,5409,1650,1442
556494,599.22,563.4,559.14,553.575,415,5540,3,5410,1646,1443
556496,598.26,563.175,558.74,553.35,405,5538,0,5408,1647,1444
556498,598.1,562.575,558.98,552.15,404,5531,3,5394,1650,1440
556500,598.34,562.35,560.26,553.5,407,5529,16,5411,1649,1446
556502,598.98,562.725,559.38,554.1,413,5534,6,5417,1650,1445
556504,599.06,562.2,560.5,553.2,415,5529,20,5408,1648,1439
556506,598.58,561.3,560.1,552.825,410,5518,15,5404,1651,1444
556508,599.94,560.4,560.02,552,426,5508,15,5395,1653,1443
556510,599.38,560.55,559.22,552.225,420,5510,7,5397,1656,1448
556512,598.74,560.1,559.7,551.25,414,5505,14,5387,1654,1438
556514,598.66,559.5,559.94,552,414,5498,16,5395,1658,1447
556516,599.3,559.575,560.26,551.55,420,5499,20,5390,1658,1445
556518,599.14,558.15,559.94,551.325,420,5483,16,5387,1656,1441
556520,599.7,558.825,560.66,550.875,426,5491,24,5383,1654,1446
556522,599.78,558.375,559.7,550.575,427,5486,15,5379,1657,1449
556524,599.46,558.45,560.58,550.2,423,5487,24,5375,1658,1444
556526,599.14,558.3,559.62,551.4,420,5485,13,5388,1657,1447
556528,598.98,558.075,559.54,551.55,419,5482,13,5390,1660,1452
556530,598.9,557.175,558.98,550.8,419,5472,7,5381,1660,1445
556532,598.98,558.225,560.1,551.325,419,5484,19,5387,1658,1449
556534,599.22,557.7,559.38,551.4,422,5477,11,5387,1660,1446
556536,598.82,557.7,558.34,551.175,418,5477,1,5384,1659,1446
556538,599.06,558.225,559.86,550.8,420,5483,16,5381,1660,1451
556540,598.26,557.55,559.38,552,413,5475,11,5393,1662,1449
556542,598.82,558.525,560.1,551.7,417,5487,19,5391,1664,1450
556544,598.9,558.45,558.5,551.85,418,5485,2,5392,1665,1448
556546,597.7,558,558.26,550.425,406,5480,0,5375,1663,1450
556548,598.1,558.45,559.46,551.55,410,5484,12,5388,1667,1457
556550,597.78,558.225,558.98,550.65,407,5482,8,5378,1665,1452
556552,598.18,558.75,558.74,550.05,411,5487,6,5370,1666,1448
556554,598.26,558.6,559.54,551.775,412,5486,13,5390,1667,1458
556556,597.86,557.325,558.5,550.875,408,5470,2,5379,1662,1447
556558,597.78,558.15,558.42,551.55,406,5480,1,5387,1663,1451
556560,598.26,559.65,559.3,552,411,5497,10,5392,1667,1453
556562,597.78,558,559.7,552.075,406,5478,14,5393,1666,1456
556564,598.02,558,559.06,551.325,409,5478,8,5384,1661,1452
556566,598.02,559.65,559.54,551.55,408,5497,12,5387,1670,1452
556568,597.86,558.375,560.18,551.925,406,5482,18,5392,1665,1459
556570,598.18,559.95,559.62,551.55,409,5501,13,5387,1666,1455
556572,598.1,559.425,559.22,552.225,408,5495,8,5395,1669,1459
556574,598.42,558.3,560.02,551.25,412,5482,17,5384,1668,1458
556576,597.62,558.75,558.74,551.85,404,5487,3,5390,1667,1456
556578,597.86,559.65,559.22,551.4,406,5497,8,5385,1674,1459
556580,597.78,558.9,560.74,550.725,405,5488,25,5379,1671,1459
556582,597.62,558.675,560.1,551.55,403,5486,17,5387,1667,1461
556584,599.06,559.95,559.3,551.625,417,5501,9,5388,1672,1461
556586,597.94,558.9,559.86,552.375,407,5488,14,5396,1667,1461
556588,598.66,560.025,559.54,551.325,413,5502,11,5385,1674,1455
556590,598.26,558.75,560.1,550.8,410,5487,18,5379,1672,1464
556592,597.46,558.6,559.7,551.1,402,5485,13,5382,1668,1458
556594,597.86,558.3,559.22,552.45,405,5482,7,5397,1670,1464
556596,598.18,558.9,559.38,550.95,408,5489,9,5381,1673,1464
556598,597.14,557.85,559.78,552,398,5476,13,5392,1671,1464
556600,597.86,559.275,560.02,552.075,404,5493,15,5394,1675,1466
556602,597.46,558.9,560.02,551.475,401,5488,15,5386,1674,1465
556604,597.46,558.6,559.94,551.925,401,5485,14,5392,1672,1460
556606,597.22,557.85,559.3,552.525,398,5477,7,5399,1673,1466
556608,597.78,558.825,558.98,552.3,403,5488,3,5396,1671,1461
556610,597.38,558.45,559.22,551.625,400,5483,6,5389,1673,1463
556612,597.14,558.45,558.98,551.4,397,5483,4,5385,1674,1466
556614,596.9,558,558.26,552.375,395,5478,-3,5397,1671,1462
556616,597.54,558.975,558.9,551.7,400,5490,3,5389,1675,1466
556618,596.98,558.45,559.38,551.25,395,5483,8,5384,1675,1467
556620,596.82,558.6,557.86,551.55,393,5484,-7,5386,1675,1461
556622,597.06,558,559.06,551.625,396,5478,4,5388,1674,1470
556624,597.14,558,558.9,551.25,396,5478,2,5383,1672,1467
556626,596.82,558.525,558.98,551.625,392,5483,3,5388,1674,1465
556628,596.98,558.225,558.74,552.075,394,5480,0,5392,1674,1468
556630,597.3,558.375,559.14,551.475,397,5481,4,5386,1671,1469
556632,597.62,558.525,559.78,550.5,399,5484,10,5375,1672,1462
556634,597.54,558.675,558.26,551.025,398,5485,-4,5380,1675,1470
556636,596.9,558.6,559.22,550.95,391,5484,3,5379,1676,1468
556638,596.9,558.6,559.38,550.575,391,5483,6,5375,1676,1468
556640,597.14,558.525,559.54,551.625,393,5483,6,5386,1675,1468
556642,596.74,557.85,559.14,551.25,389,5475,2,5383,1674,1468
556644,597.46,558.45,559.7,551.55,396,5482,7,5386,1677,1471
556646,597.54,558.6,559.38,550.65,397,5483,5,5375,1675,1465
556648,597.22,559.35,559.86,551.325,393,5491,9,5382,1678,1465
556650,597.14,557.85,558.98,552.3,393,5474,0,5393,1678,1467
556652,597.94,559.05,560.42,552,399,5487,14,5390,1680,1469
556654,597.46,558.15,559.22,550.875,395,5477,2,5377,1676,1468
556656,597.78,558.525,559.78,551.25,398,5481,6,5381,1677,1467
556658,597.62,557.175,559.62,550.05,397,5466,6,5367,1675,1468
556660,597.46,558.3,559.46,550.725,394,5478,4,5374,1677,1467
556662,597.46,558.375,559.46,551.25,394,5478,3,5381,1676,1474
556664,598.02,558.75,559.86,549.825,399,5483,7,5364,1678,1468
556666,597.7,557.625,559.7,550.5,397,5470,5,5371,1680,1469
556668,597.38,558.075,558.9,549.9,392,5474,-2,5364,1678,1464
556670,597.06,557.1,560.1,549.975,390,5463,9,5366,1674,1468
556672,597.46,558.375,559.46,550.2,393,5478,3,5367,1678,1466
556674,597.3,558.225,560.02,550.275,391,5476,8,5369,1679,1471
556676,597.94,557.7,559.3,550.575,397,5470,0,5371,1680,1469
556678,598.26,557.85,560.98,549.9,401,5472,18,5364,1677,1464
556680,597.94,557.7,559.62,550.275,398,5469,4,5368,1678,1472
556682,597.86,556.65,560.58,550.575,397,5458,14,5371,1675,1471
556684,597.86,558.3,560.82,550.725,396,5476,16,5372,1678,1468
556686,598.42,557.775,559.46,549.825,402,5470,2,5362,1680,1468
556688,597.3,557.55,561.06,549.225,391,5467,20,5355,1674,1470
556690,598.34,558.15,560.5,550.275,401,5474,12,5367,1678,1473
556692,597.7,558.375,560.34,550.725,395,5476,11,5372,1677,1469
556694,598.26,558.225,560.58,550.5,401,5474,13,5369,1676,1469
556696,597.78,557.775,560.5,551.325,396,5469,12,5379,1677,1471
556698,597.54,557.625,560.34,550.125,394,5468,12,5365,1676,1470
556700,596.98,558.525,560.5,551.025,387,5477,12,5375,1678,1470
556702,597.38,557.925,560.98,550.425,392,5470,18,5368,1679,1471
556704,598.18,558.525,560.42,550.875,400,5478,12,5373,1680,1472
556706,597.3,558.9,560.5,550.575,390,5481,13,5369,1678,1473
556708,597.3,558.825,560.18,550.425,391,5480,9,5367,1679,1472
556710,597.54,559.05,560.58,549.9,393,5483,14,5362,1680,1469
556712,597.7,558.45,559.86,550.35,395,5476,7,5366,1679,1470
556714,597.06,558.6,560.26,550.5,388,5477,10,5368,1679,1468
556716,596.9,558.9,560.66,550.35,387,5481,15,5366,1678,1468
556718,597.94,558.225,560.58,551.1,398,5473,14,5375,1680,1473
556720,600.18,558.975,562.74,551.475,421,5483,36,5380,1678,1471
556722,606.18,559.5,567.22,552.9,483,5491,82,5398,1675,1472
556724,613.22,561.3,573.86,556.275,555,5515,149,5439,1676,1485
556726,622.98,564.375,581.78,558.6,654,5554,230,5469,1672,1485
556728,634.82,569.4,590.34,562.5,774,5617,316,5517,1669,1489
556730,644.42,568.875,598.74,563.4,875,5615,404,5532,1667,1483
556732,653.14,571.425,606.5,563.1,963,5648,484,5532,1665,1485
556734,660.5,570.3,611.46,562.05,1040,5639,536,5522,1665,1481
556736,663.86,570.75,614.74,561.9,1075,5645,570,5522,1660,1482
556738,667.14,571.725,617.14,561.6,1108,5657,596,5519,1661,1481
556740,667.78,570.6,616.18,561.075,1115,5645,586,5513,1662,1480
556742,666.02,570.15,616.58,561.225,1097,5639,591,5515,1663,1481
556744,665.22,568.05,616.18,560.925,1090,5614,586,5511,1656,1480
556746,664.1,567.525,613.62,562.875,1079,5608,559,5532,1658,1482
556748,663.46,567.825,613.38,563.85,1072,5611,555,5543,1662,1479
556750,662.42,566.025,613.14,562.725,1062,5590,553,5529,1654,1478
556752,662.34,566.55,613.38,564.45,1061,5596,554,5548,1660,1480
556754,661.78,565.8,613.46,563.1,1055,5587,556,5533,1656,1482
556756,662.02,566.85,614.02,562.875,1057,5598,562,5531,1656,1482
556758,661.78,566.025,613.86,563.475,1055,5588,560,5537,1654,1478
556760,662.02,566.475,613.78,563.175,1057,5594,559,5534,1650,1482
556762,662.1,567.075,615.3,561.675,1057,5601,576,5518,1653,1490
556764,661.78,567.525,614.42,563.25,1053,5605,565,5535,1652,1486
556766,661.22,567.75,614.66,561.375,1047,5607,568,5513,1655,1490
556768,661.06,567.45,615.3,561.225,1045,5603,575,5512,1652,1489
556770,660.82,567,615.3,562.2,1043,5598,574,5522,1648,1484
556772,660.18,568.125,614.34,563.025,1035,5610,563,5531,1655,1483
556774,659.7,567.15,614.82,562.275,1031,5599,569,5523,1651,1485
556776,660.1,566.55,615.78,562.95,1036,5593,578,5530,1648,1482
556778,659.62,566.775,614.74,563.475,1030,5594,567,5536,1650,1483
556780,659.94,567.675,614.58,562.35,1033,5605,566,5523,1651,1485
556782,660.26,566.025,615.78,562.8,1037,5587,577,5529,1648,1489
556784,660.34,568.425,615.78,563.925,1036,5613,577,5541,1657,1483
556786,660.74,567.825,616.5,561.75,1040,5607,586,5517,1653,1486
556788,659.86,566.325,615.7,564.375,1032,5590,575,5546,1646,1484
556790,659.86,566.7,615.54,563.025,1032,5594,574,5531,1649,1484
556792,660.1,566.925,615.94,562.2,1033,5596,578,5522,1650,1487
556794,659.38,565.875,616.34,563.175,1026,5584,582,5533,1651,1488
556796,659.86,566.625,616.9,561.9,1030,5593,588,5519,1651,1491
556798,659.3,566.175,615.62,563.1,1025,5587,574,5532,1649,1487
556800,660.1,567,616.82,562.725,1033,5597,586,5528,1653,1489
556802,659.38,566.475,616.82,560.85,1025,5591,587,5507,1650,1485
556804,659.38,566.175,617.14,561.45,1025,5587,590,5514,1649,1484
556806,659.38,565.8,616.34,561.9,1026,5584,582,5519,1650,1488
556808,659.7,566.475,616.82,560.85,1028,5592,587,5508,1652,1486
556810,659.54,566.625,617.62,562.425,1026,5593,595,5526,1653,1485
556812,659.14,565.5,617.3,561.9,1022,5581,591,5520,1651,1486
556814,659.54,565.875,617.38,561.3,1026,5585,592,5513,1650,1490
556816,659.86,566.4,617.86,560.775,1029,5591,597,5508,1654,1487
556818,660.02,566.325,618.42,561.375,1031,5591,603,5515,1653,1488
556820,659.7,565.275,618.1,561.45,1028,5579,599,5515,1654,1490
556822,659.94,565.575,618.02,560.55,1030,5582,599,5505,1657,1489
556824,660.34,567.075,618.42,561,1033,5599,603,5511,1658,1489
556826,659.7,565.875,618.74,561.3,1027,5585,606,5515,1648,1486
556828,660.18,566.475,619.54,561.525,1033,5593,615,5517,1651,1485
556830,660.02,565.35,618.9,561.3,1031,5580,608,5514,1653,1490
556832,659.38,565.275,618.9,561.9,1025,5579,607,5522,1652,1492
556834,660.5,565.5,619.86,560.775,1036,5582,618,5509,1653,1487
556836,660.02,566.4,618.5,560.55,1031,5592,604,5507,1656,1489
556838,659.86,564.975,620.34,561.075,1030,5576,623,5513,1650,1491
556840,660.18,566.025,619.06,560.475,1033,5588,610,5506,1654,1486
556842,659.46,565.2,619.06,561.15,1026,5579,610,5514,1650,1491
556844,660.02,565.8,619.78,560.625,1032,5586,618,5509,1655,1490
556846,659.62,565.125,619.3,560.025,1028,5578,614,5502,1653,1487
556848,659.54,564.675,620.02,560.25,1028,5573,622,5504,1654,1496
556850,660.1,566.775,619.7,561.6,1032,5597,617,5519,1660,1491
556852,659.3,565.5,619.94,561.075,1026,5582,620,5514,1653,1486
556854,659.46,564.3,620.18,561.075,1028,5569,624,5514,1653,1490
556856,659.78,565.5,620.34,561,1031,5582,625,5513,1656,1488
556858,659.7,564.6,619.7,560.85,1031,5572,619,5511,1656,1489
556860,659.14,564.075,620.1,561.225,1026,5566,623,5516,1654,1492
556862,659.62,564.825,620.42,561,1030,5575,627,5513,1654,1492
556864,659.06,565.05,620.02,559.725,1025,5577,624,5499,1656,1491
556866,659.46,564.75,620.74,560.775,1029,5574,631,5511,1654,1490
556868,659.14,565.425,619.94,559.95,1026,5582,624,5501,1656,1492
556870,658.82,563.625,620.42,559.2,1024,5562,629,5493,1655,1496
556872,659.3,563.925,622.1,560.25,1030,5565,647,5506,1656,1493
556874,659.7,564.45,621.54,558.975,1033,5571,642,5491,1653,1501
556876,659.22,564.975,621.22,561,1028,5577,637,5514,1661,1494
556878,659.06,564.3,621.78,561,1028,5569,643,5515,1654,1491
556880,659.86,565.05,621.86,560.475,1035,5579,644,5508,1656,1493
556882,658.58,563.55,621.94,559.95,1023,5560,646,5502,1666,1495
556884,657.06,565.125,619.86,559.65,1007,5578,625,5498,1663,1496
556886,650.5,563.85,615.86,559.725,940,5561,583,5497,1665,1491
556888,641.94,568.2,606.98,558.975,849,5605,492,5485,1673,1491
556890,625.06,567.9,593.22,559.95,674,5594,348,5489,1666,1491
556892,605.94,569.625,576.74,559.275,475,5605,177,5473,1681,1499
556894,582.9,569.775,555.46,557.4,235,5595,-42,5442,1691,1495
556896,558.26,565.275,531.22,555.975,-18,5533,-294,5414,1689,1489
556898,532.5,558.975,508.18,550.575,-283,5449,-531,5342,1696,1482
556900,508.34,554.625,483.14,546.3,-533,5387,-791,5280,1700,1493
556902,483.38,549.3,455.94,543.15,-791,5315,-1074,5232,1698,1489
556904,458.34,546.075,428.5,543.9,-1052,5266,-1364,5226,1686,1490
556906,433.3,544.65,400.58,542.025,-1314,5237,-1657,5191,1680,1476
556908,407.86,545.1,373.06,541.05,-1583,5230,-1948,5166,1673,1473
556910,383.78,545.925,345.94,541.5,-1839,5227,-2237,5158,1676,1466
556912,357.62,546.3,316.98,537.825,-2117,5218,-2542,5101,1666,1457
556914,332.82,547.575,289.14,534.45,-2382,5221,-2835,5049,1666,1456
556916,308.98,548.4,264.26,531.375,-2637,5218,-3098,5001,1665,1444
556918,285.38,549.3,237.38,532.05,-2890,5216,-3387,4995,1659,1436
556920,262.58,552.225,212.98,532.125,-3137,5239,-3650,4983,1655,1430
556922,243.54,555,190.18,532.425,-3345,5261,-3896,4975,1654,1422
556924,223.7,556.425,168.58,533.4,-3560,5268,-4130,4974,1649,1422
556926,207.22,558.3,149.86,535.05,-3740,5281,-4335,4984,1644,1419
556928,194.58,559.2,135.7,533.1,-3877,5285,-4485,4954,1642,1410
556930,186.18,557.85,126.5,533.55,-3967,5265,-4586,4955,1638,1413
556932,182.1,556.35,120.34,532.875,-4009,5246,-4653,4944,1637,1413
556934,181.54,554.475,119.54,533.475,-4013,5224,-4662,4951,1644,1414
556936,182.58,552.3,121.78,532.2,-4000,5200,-4636,4937,1646,1423
556938,183.22,551.925,124.5,529.95,-3992,5196,-4604,4913,1648,1424
556940,184.02,549.3,127.46,528.375,-3981,5166,-4570,4896,1660,1424
556942,185.3,550.5,127.78,528.825,-3968,5180,-4567,4901,1668,1428
556944,183.78,551.025,127.22,528.6,-3985,5185,-4573,4899,1664,1424
556946,182.9,552.375,125.3,529.425,-3997,5200,-4595,4907,1662,1422
556948,181.7,551.55,124.1,530.325,-4008,5191,-4609,4917,1662,1425
556950,180.82,553.65,123.7,531.075,-4020,5214,-4614,4926,1662,1425
556952,180.58,553.65,122.9,529.65,-4023,5215,-4621,4908,1659,1422
556954,180.5,552.525,122.58,531.375,-4023,5201,-4627,4928,1659,1426
556956,180.1,553.05,124.1,530.4,-4028,5208,-4610,4918,1661,1421
556958,181.22,552.45,124.1,530.4,-4015,5201,-4610,4918,1661,1421
556960,180.9,553.05,125.3,530.85,-4020,5208,-4598,4924,1662,1417
556962,181.14,552.225,126.26,529.275,-4017,5199,-4585,4906,1660,1418
556964,180.82,552,126.9,530.325,-4020,5196,-4580,4920,1658,1416
556966,180.18,552.525,127.22,530.4,-4028,5202,-4576,4921,1659,1419
556968,180.26,552.3,127.38,529.65,-4026,5200,-4574,4912,1659,1414
556970,179.78,552.825,127.46,529.725,-4032,5206,-4573,4913,1661,1417
556972,178.74,551.775,126.42,530.55,-4042,5193,-4585,4922,1658,1420
556974,178.66,553.05,127.38,529.05,-4045,5209,-4574,4906,1661,1421
556976,178.58,553.35,128.66,530.4,-4047,5212,-4562,4923,1665,1421
556978,177.7,551.925,129.14,529.125,-4054,5195,-4554,4909,1661,1425
556980,177.94,553.05,129.14,528.75,-4053,5209,-4554,4904,1662,1420
556982,177.7,552.825,129.62,528.525,-4055,5206,-4549,4902,1662,1423
556984,177.7,553.05,129.38,528.525,-4055,5209,-4551,4902,1658,1421
556986,177.46,552.825,130.74,527.475,-4058,5206,-4535,4891,1661,1422
556988,176.98,551.625,129.86,529.35,-4062,5193,-4547,4912,1666,1425
556990,176.5,551.25,130.5,527.325,-4066,5189,-4538,4889,1662,1418
556992,176.74,551.775,130.26,528.375,-4065,5195,-4542,4902,1663,1429
556994,175.62,551.025,130.18,526.725,-4076,5186,-4541,4882,1665,1423
556996,176.02,551.1,131.3,527.4,-4072,5187,-4530,4892,1664,1423
556998,175.46,551.025,130.66,528.3,-4078,5186,-4538,4901,1664,1428
557000,175.14,549.15,131.46,527.175,-4080,5165,-4528,4890,1663,1429
557002,176.1,551.325,131.78,527.1,-4071,5190,-4524,4889,1666,1429
557004,175.22,550.65,131.54,528.375,-4080,5182,-4529,4903,1663,1432
557006,176.02,551.55,132.18,526.5,-4073,5193,-4519,4882,1667,1425
557008,175.14,550.725,132.34,526.35,-4082,5183,-4517,4881,1667,1423
557010,174.9,550.725,131.7,526.95,-4084,5183,-4525,4887,1670,1430
557012,174.1,550.2,131.3,525.525,-4092,5176,-4528,4871,1669,1425
557014,173.78,549.375,131.06,526.8,-4095,5167,-4532,4885,1671,1432
557016,172.74,549.375,131.06,527.475,-4106,5166,-4533,4893,1670,1431
557018,172.98,549.375,132.18,524.7,-4104,5166,-4518,4861,1671,1428
557020,172.02,549.675,131.06,525.975,-4115,5169,-4531,4875,1671,1430
557022,171.78,549.075,131.46,527.025,-4116,5161,-4529,4888,1672,1432
557024,172.1,548.025,130.58,525.825,-4112,5150,-4537,4873,1667,1430
557026,171.46,548.475,132.1,524.775,-4120,5154,-4519,4861,1667,1432
557028,170.98,549.15,130.26,526.125,-4126,5161,-4541,4875,1667,1433
557030,170.82,548.475,129.94,524.85,-4127,5153,-4543,4860,1668,1430
557032,170.66,548.7,129.3,526.5,-4129,5155,-4552,4878,1665,1439
557034,170.02,548.025,130.82,525,-4136,5147,-4535,4862,1672,1431
557036,169.38,546.9,129.54,524.925,-4142,5132,-4549,4859,1669,1437
557038,169.14,546.825,129.94,524.4,-4144,5131,-4544,4854,1666,1437
557040,168.74,547.35,130.1,523.875,-4150,5136,-4542,4847,1667,1438
557042,168.66,546.975,129.54,523.875,-4150,5132,-4548,4846,1668,1436
557044,168.9,546.075,130.26,523.95,-4147,5120,-4540,4846,1665,1439
557046,168.18,546.45,130.02,523.35,-4156,5124,-4543,4839,1669,1437
557048,168.34,546.75,129.78,524.4,-4154,5127,-4547,4850,1667,1440
557050,169.3,546.075,129.22,525,-4143,5119,-4554,4856,1664,1444
557052,168.02,546.45,129.38,525.45,-4158,5121,-4553,4860,1664,1439
557054,167.38,545.625,129.3,523.725,-4164,5112,-4552,4840,1672,1443
557056,168.34,545.475,130.26,523.875,-4154,5109,-4542,4841,1670,1440
557058,167.54,546.3,130.58,523.35,-4164,5118,-4538,4836,1670,1438
557060,167.3,545.775,129.86,525.3,-4167,5111,-4548,4856,1671,1444
557062,167.22,545.025,130.42,523.35,-4166,5102,-4541,4834,1674,1438
557064,167.46,546,129.7,524.7,-4166,5113,-4551,4848,1669,1448
557066,167.7,545.55,130.82,523.125,-4162,5108,-4536,4831,1669,1438
557068,167.14,546.3,129.62,523.95,-4170,5115,-4551,4838,1672,1442
557070,167.3,545.55,130.66,523.35,-4167,5106,-4539,4833,1674,1443
557072,167.62,545.7,130.9,523.275,-4164,5107,-4536,4831,1672,1442
557074,167.78,544.875,131.54,524.85,-4161,5098,-4531,4849,1671,1448
557076,167.78,545.7,132.9,522.45,-4162,5107,-4514,4822,1674,1441
557078,168.1,545.85,131.14,524.175,-4159,5108,-4535,4840,1674,1444
557080,167.46,545.55,131.14,522.675,-4165,5105,-4533,4823,1671,1442
557082,167.14,545.55,131.86,523.5,-4169,5104,-4526,4832,1671,1445
557084,167.7,546,132.58,522.525,-4164,5109,-4517,4821,1674,1439
557086,166.9,545.1,131.78,523.5,-4171,5098,-4527,4832,1676,1451
557088,167.3,545.85,132.98,522.675,-4167,5108,-4512,4823,1672,1443
557090,167.3,545.775,132.5,522.825,-4167,5107,-4518,4825,1676,1441
557092,166.9,545.475,131.78,524.625,-4171,5102,-4528,4845,1676,1446
557094,167.54,546.075,132.02,525.375,-4165,5110,-4526,4854,1677,1451
557096,166.9,545.55,132.58,523.95,-4171,5104,-4518,4838,1676,1449
557098,167.22,545.1,132.9,524.625,-4167,5099,-4516,4846,1677,1450
557100,167.54,545.85,131.94,525.675,-4164,5108,-4526,4857,1676,1448
557102,167.14,545.925,133.54,523.05,-4168,5108,-4506,4829,1676,1444
557104,166.98,545.175,132.58,523.875,-4169,5100,-4517,4838,1675,1446
557106,167.54,545.775,133.3,521.925,-4163,5108,-4507,4816,1675,1444
557108,167.3,546,132.9,525.375,-4165,5111,-4515,4856,1678,1449
557110,166.66,545.625,132.74,523.2,-4172,5106,-4514,4831,1677,1446
557112,167.62,546.15,132.98,524.85,-4162,5113,-4512,4851,1677,1452
557114,167.78,546.15,133.3,523.2,-4160,5114,-4507,4832,1679,1446
557116,167.3,546.3,133.94,522.825,-4164,5116,-4499,4829,1677,1445
557118,166.98,546.45,133.22,523.875,-4168,5117,-4508,4840,1679,1444
557120,167.06,545.475,133.14,524.4,-4165,5107,-4509,4847,1679,1444
557122,166.82,545.85,133.7,524.1,-4168,5112,-4503,4844,1677,1449
557124,167.54,546,133.94,523.425,-4160,5114,-4498,4838,1685,1446
557126,167.3,546.075,133.94,523.95,-4163,5115,-4499,4844,1681,1447
557128,166.9,545.475,133.54,524.175,-4166,5109,-4503,4847,1677,1449
557130,167.7,546.075,133.22,524.625,-4158,5116,-4507,4852,1682,1451
557132,166.82,546.525,133.3,521.85,-4167,5122,-4502,4822,1677,1436
557134,166.82,546.15,133.22,525.375,-4167,5118,-4507,4862,1679,1452
557136,166.74,545.4,133.62,523.875,-4167,5111,-4500,4846,1684,1447
557138,167.3,546.075,134.82,521.175,-4161,5119,-4484,4816,1681,1442
557140,167.54,546.6,134.02,523.65,-4158,5126,-4495,4844,1681,1447
557142,166.34,546.75,134.26,524.475,-4171,5127,-4493,4854,1682,1449
557144,167.06,546,134.58,522.825,-4161,5119,-4487,4836,1679,1444
557146,166.66,546.075,132.9,523.95,-4165,5120,-4506,4848,1683,1447
557148,167.38,545.625,133.54,522.975,-4156,5117,-4497,4839,1683,1447
557150,166.9,545.1,133.7,524.775,-4161,5110,-4497,4860,1684,1452
557152,166.9,545.55,134.02,523.8,-4160,5116,-4491,4850,1680,1444
557154,167.62,545.175,134.26,524.175,-4152,5112,-4489,4854,1687,1448
557156,167.06,545.25,134.18,523.35,-4156,5114,-4488,4846,1685,1446
557158,167.62,546,133.7,523.575,-4151,5123,-4493,4848,1683,1445
557160,167.06,546.075,135.14,524.775,-4156,5124,-4478,4863,1683,1443
557162,167.14,545.625,134.74,524.25,-4155,5119,-4482,4857,1686,1444
557164,166.98,545.325,134.26,523.05,-4155,5117,-4484,4844,1683,1438
557166,167.22,546.3,134.34,523.5,-4154,5128,-4484,4849,1685,1443
557168,166.58,544.575,134.26,523.8,-4158,5108,-4484,4853,1683,1442
557170,167.06,545.325,134.34,523.8,-4153,5118,-4483,4853,1682,1440
557172,167.7,545.175,133.7,523.95,-4145,5117,-4489,4855,1686,1442
557174,166.1,545.55,133.94,523.95,-4162,5120,-4486,4855,1682,1442
557176,167.14,545.325,133.94,524.325,-4150,5118,-4486,4860,1684,1446
557178,167.3,544.725,134.5,521.475,-4147,5111,-4477,4827,1685,1438
557180,167.46,544.35,133.7,524.25,-4144,5107,-4487,4859,1685,1441
557182,166.74,545.175,134.26,521.7,-4153,5116,-4478,4830,1684,1434
557184,167.06,544.425,134.66,523.125,-4147,5108,-4475,4846,1687,1434
557186,167.38,543.825,134.82,522.075,-4144,5101,-4471,4835,1685,1435
557188,166.9,543.375,133.22,523.2,-4148,5096,-4489,4847,1683,1440
557190,167.46,543.075,133.22,522.225,-4141,5093,-4488,4836,1684,1441
557192,167.38,543.225,133.7,521.25,-4142,5095,-4481,4824,1683,1436
557194,167.46,542.25,134.98,522.15,-4139,5083,-4468,4836,1683,1437
557196,166.9,542.4,134.1,521.55,-4144,5084,-4476,4828,1681,1433
557198,167.46,542.475,133.86,522.675,-4139,5086,-4480,4841,1686,1439
557200,167.46,541.875,134.02,522.075,-4137,5078,-4477,4834,1684,1436
557202,167.38,543.15,133.06,522.525,-4139,5093,-4488,4838,1684,1438
557204,166.5,542.325,133.78,521.325,-4148,5082,-4478,4824,1684,1428
557206,167.14,542.55,134.18,522.525,-4141,5085,-4475,4838,1683,1431
557208,167.54,542.025,132.9,521.925,-4135,5078,-4488,4830,1679,1436
557210,166.34,541.425,134.98,521.25,-4148,5071,-4465,4823,1681,1430
557212,166.34,541.725,134.34,520.95,-4148,5074,-4471,4819,1677,1429
557214,167.3,542.55,134.5,521.7,-4139,5084,-4470,4827,1680,1428
557216,166.66,543.525,135.14,521.625,-4147,5094,-4462,4826,1684,1427
557218,166.82,543.075,133.78,523.425,-4144,5089,-4480,4847,1678,1432
557220,166.58,542.925,133.86,522.375,-4146,5086,-4477,4834,1679,1421
557222,166.26,542.85,133.7,523.35,-4149,5086,-4480,4845,1681,1428
557224,166.02,542.775,134.02,521.625,-4151,5084,-4474,4825,1678,1422
557226,166.74,543.075,133.78,522.375,-4144,5088,-4478,4834,1682,1423
557228,166.66,543.225,133.38,523.575,-4145,5089,-4482,4847,1679,1426
557230,167.22,543.75,133.22,523.875,-4139,5096,-4485,4850,1676,1427
557232,167.62,543.45,133.14,522.675,-4135,5092,-4484,4836,1676,1418
557234,167.62,541.575,133.46,521.55,-4133,5071,-4479,4823,1676,1415
557236,169.3,536.55,134.26,519.15,-4108,5014,-4467,4796,1667,1417
557238,167.7,530.775,132.82,510,-4119,4947,-4472,4690,1661,1413
557240,168.66,520.65,133.7,496.275,-4097,4831,-4446,4534,1661,1415
557242,169.62,508.35,132.74,486.9,-4073,4691,-4446,4426,1661,1418
557244,169.78,496.8,133.14,475.575,-4058,4560,-4428,4298,1652,1411
557246,172.18,489.225,132.34,462.225,-4024,4475,-4422,4146,1651,1415
557248,172.34,474.975,129.14,453.3,-4006,4313,-4446,4043,1646,1414
557250,175.3,468.15,128.5,444.825,-3967,4237,-4443,3948,1645,1411
557252,176.02,461.625,127.94,439.725,-3952,4164,-4443,3890,1633,1410
557254,177.14,454.575,126.82,433.125,-3932,4085,-4447,3815,1625,1401
557256,178.5,450.9,125.46,429.975,-3913,4045,-4458,3780,1609,1393
557258,180.1,447.825,124.5,423.825,-3893,4011,-4461,3710,1610,1402
557260,180.82,446.55,123.14,423.075,-3883,3998,-4474,3701,1608,1401
557262,181.14,445.725,123.38,422.625,-3879,3989,-4471,3696,1608,1398
557264,180.58,446.475,122.02,422.325,-3886,3997,-4485,3693,1605,1388
557266,180.82,446.85,122.42,422.85,-3883,4002,-4482,3699,1610,1393
557268,181.14,446.925,122.34,422.7,-3880,4004,-4482,3697,1608,1393
557270,180.58,447,122.42,422.325,-3886,4004,-4481,3693,1610,1393
557272,180.58,447.525,123.14,421.875,-3886,4011,-4473,3689,1611,1397
557274,180.02,446.85,124.02,422.4,-3891,4003,-4464,3696,1607,1400
557276,178.9,446.4,124.42,422.85,-3903,3998,-4460,3701,1607,1395
557278,178.42,446.4,125.06,421.575,-3908,3997,-4452,3688,1609,1400
557280,178.42,446.475,126.1,422.475,-3908,3999,-4442,3699,1610,1396
557282,177.7,446.4,125.7,422.85,-3916,3997,-4447,3702,1608,1395
557284,176.82,446.4,125.78,424.125,-3926,3997,-4448,3717,1609,1393
557286,176.1,446.7,126.18,424.05,-3934,4000,-4443,3716,1606,1391
557288,174.82,445.875,126.5,426.3,-3947,3990,-4443,3743,1610,1389
557290,174.82,446.1,126.26,426,-3948,3993,-4445,3739,1610,1390
557292,174.1,446.1,125.86,424.725,-3956,3993,-4449,3725,1603,1389
557294,174.02,446.625,126.5,425.325,-3957,3998,-4442,3732,1607,1392
557296,173.14,445.95,126.34,426.525,-3966,3991,-4446,3746,1608,1390
557298,172.66,445.275,126.66,423.825,-3971,3983,-4439,3715,1604,1383
557300,173.78,445.875,126.18,425.4,-3960,3991,-4447,3733,1601,1386
557302,171.86,444.825,126.98,424.725,-3979,3978,-4437,3726,1604,1384
557304,172.66,445.05,126.82,422.025,-3971,3981,-4437,3695,1600,1385
557306,172.82,444.15,126.98,422.775,-3969,3971,-4436,3704,1602,1387
557308,171.78,443.925,127.7,423.9,-3980,3968,-4430,3717,1603,1380
557310,171.38,443.775,127.94,421.5,-3984,3966,-4425,3690,1603,1387
557312,170.66,443.925,127.14,423.525,-3994,3967,-4437,3712,1603,1385
557314,170.42,443.4,127.22,422.025,-3995,3961,-4434,3695,1603,1382
557316,170.82,443.475,128.58,421.65,-3991,3962,-4420,3692,1600,1381
557318,169.86,442.125,128.42,421.725,-4001,3946,-4422,3693,1607,1382
557320,170.1,442.725,128.1,420.375,-4000,3952,-4424,3677,1602,1379
557322,170.02,442.35,129.06,420.75,-4000,3948,-4414,3682,1605,1384
557324,170.34,442.575,129.3,420,-3997,3951,-4412,3673,1603,1378
557326,169.54,442.125,129.3,419.25,-4005,3945,-4410,3664,1606,1385
557328,170.1,441.525,130.98,419.325,-3999,3938,-4393,3666,1604,1387
557330,169.78,441.825,129.62,418.875,-4003,3941,-4407,3660,1604,1383
557332,169.94,441.525,129.38,418.125,-4001,3937,-4410,3650,1605,1383
557334,170.42,440.175,129.38,418.425,-3995,3922,-4410,3654,1605,1382
557336,170.26,440.55,129.38,418.5,-3997,3925,-4411,3654,1604,1382
557338,170.58,439.95,130.66,418.5,-3994,3919,-4397,3655,1606,1381
557340,170.5,441.075,130.34,418.425,-3996,3931,-4402,3652,1602,1382
557342,170.58,440.775,131.22,417.9,-3995,3927,-4391,3648,1604,1382
557344,170.58,440.325,130.9,418.425,-3995,3921,-4395,3652,1605,1381
557346,169.62,440.25,130.74,417.975,-4006,3920,-4396,3647,1600,1384
557348,169.3,439.425,130.82,417.525,-4008,3910,-4396,3642,1608,1379
557350,169.54,438.375,131.06,417.9,-4005,3898,-4394,3646,1608,1380
557352,169.22,439.425,130.82,417.075,-4009,3908,-4396,3635,1602,1384
557354,169.3,438.225,131.38,418.5,-4007,3895,-4392,3651,1605,1381
557356,168.82,437.85,130.98,418.05,-4013,3890,-4396,3646,1608,1382
557358,169.3,440.4,132.42,418.5,-4011,3919,-4381,3651,1606,1378
557360,170.82,440.025,134.02,421.275,-3995,3915,-4368,3683,1606,1375
557362,176.34,441.75,141.62,423.825,-3937,3937,-4289,3716,1607,1382
557364,186.1,444.45,151.86,430.5,-3837,3973,-4188,3796,1604,1375
557366,202.42,449.55,166.42,436.575,-3668,4039,-4038,3873,1609,1381
557368,220.34,456.225,185.54,443.475,-3484,4123,-3842,3961,1619,1380
557370,244.18,461.7,207.14,454.575,-3235,4198,-3623,4098,1614,1380
557372,270.58,472.8,230.82,464.85,-2966,4338,-3382,4226,1633,1379
557374,296.34,481.65,254.82,472.35,-2701,4451,-3133,4324,1636,1390
557376,323.86,492.975,279.62,481.95,-2420,4594,-2880,4446,1644,1394
557378,350.42,498.825,302.5,489.6,-2144,4674,-2643,4544,1643,1390
557380,377.78,509.175,330.18,500.4,-1864,4805,-2360,4681,1655,1403
557382,405.54,517.35,353.86,509.475,-1578,4912,-2117,4796,1659,1423
557384,434.02,523.35,380.98,515.175,-1283,4994,-1836,4875,1652,1423
557386,460.9,529.575,407.62,522.675,-1005,5078,-1560,4974,1660,1422
557388,491.06,535.35,432.58,528.3,-694,5159,-1302,5050,1661,1427
557390,516.58,543.975,458.5,532.8,-433,5269,-1033,5114,1662,1427
557392,541.14,550.95,481.54,540.6,-181,5361,-798,5215,1667,1428
557394,566.26,561.825,503.78,549.45,72,5496,-571,5326,1657,1424
557396,589.3,569.175,523.38,556.275,308,5591,-370,5413,1658,1430
557398,610.18,574.2,541.14,566.1,522,5658,-192,5533,1659,1434
557400,628.66,580.725,555.22,573.825,709,5740,-50,5628,1669,1434
557402,641.7,579.375,566.58,576.975,846,5731,65,5669,1654,1439
557404,653.3,582.975,574.9,577.8,964,5778,152,5682,1662,1438
557406,661.86,585.9,582.66,578.25,1051,5815,232,5691,1663,1442
557408,666.34,585.375,586.18,579.525,1097,5811,268,5707,1661,1441
557410,667.22,583.2,587.94,581.175,1108,5787,285,5727,1657,1448
557412,666.26,582.375,587.22,582.3,1099,5777,278,5739,1657,1453
557414,665.14,580.05,586.74,581.325,1088,5750,273,5728,1656,1449
557416,664.58,579.6,585.46,579.525,1083,5745,261,5707,1654,1448
557418,664.66,578.175,586.98,579.225,1084,5729,277,5704,1654,1452
557420,665.06,578.925,588.74,580.65,1089,5738,295,5722,1654,1450
557422,665.14,580.05,590.02,580.275,1089,5751,309,5718,1655,1448
557424,665.3,580.65,591.7,580.5,1090,5757,325,5722,1651,1452
557426,665.3,581.175,591.86,582.825,1090,5763,326,5748,1651,1452
557428,664.5,582.9,592.1,583.425,1080,5782,327,5755,1649,1450
557430,663.54,583.5,592.66,583.05,1069,5789,333,5751,1651,1455
557432,662.26,582.15,592.42,582.225,1057,5773,331,5741,1646,1454
557434,661.14,581.4,592.26,582.225,1045,5764,329,5740,1646,1454
557436,660.42,581.4,592.42,581.775,1038,5764,331,5736,1642,1455
557438,660.34,580.95,592.5,582.675,1037,5759,332,5746,1642,1450
557440,659.62,581.1,593.38,581.625,1029,5759,340,5734,1642,1452
557442,659.14,580.35,594.74,582.975,1024,5751,354,5751,1642,1449
557444,657.94,579.9,596.34,583.575,1012,5745,369,5758,1645,1453
557446,657.38,579.75,596.26,581.7,1006,5743,370,5736,1646,1450
557448,657.46,580.8,596.34,581.475,1006,5755,370,5734,1654,1455
557450,657.54,579,596.98,582,1008,5735,377,5740,1643,1448
557452,657.14,579.15,598.18,581.55,1004,5736,389,5736,1651,1448
557454,656.98,578.625,599.22,581.85,1002,5730,400,5740,1648,1459
557456,656.74,578.475,599.62,582.675,1000,5728,404,5749,1650,1454
557458,656.26,578.55,599.86,582.225,994,5729,407,5744,1654,1454
557460,656.1,578.4,600.9,582.825,993,5727,417,5751,1653,1456
557462,656.02,577.8,601.22,582.075,993,5720,421,5743,1651,1452
557464,655.94,578.7,600.5,581.475,991,5731,413,5736,1652,1451
557466,655.78,577.425,600.9,581.775,990,5716,417,5739,1652,1456
557468,655.78,578.7,602.26,583.5,989,5731,430,5760,1657,1456
557470,655.7,579.3,602.42,581.475,988,5738,434,5738,1660,1452
557472,655.54,577.5,602.82,581.85,987,5717,437,5742,1656,1454
557474,655.54,576.825,603.54,581.475,988,5709,445,5738,1655,1462
557476,655.38,578.4,603.3,580.725,985,5727,443,5729,1659,1457
557478,655.14,576.075,603.38,581.475,984,5701,444,5738,1657,1460
557480,655.22,577.8,603.3,581.325,984,5721,443,5737,1663,1461
557482,654.66,576.225,605.3,581.775,980,5703,464,5742,1653,1463
557484,655.22,576.075,603.7,581.4,985,5701,447,5738,1657,1457
557486,654.74,576.15,604.58,581.25,980,5703,457,5736,1662,1461
557488,655.54,576.9,605.14,581.25,988,5711,462,5737,1661,1464
557490,654.82,575.85,605.86,581.775,981,5699,470,5743,1663,1465
557492,655.3,575.025,606.66,581.625,988,5691,479,5743,1657,1470
557494,655.46,574.725,606.82,582.3,990,5688,480,5750,1656,1468
557496,655.3,576.45,606.5,581.475,987,5707,477,5741,1662,1469
557498,655.54,575.55,607.46,581.85,990,5697,488,5746,1658,1468
557500,654.5,575.025,606.82,581.775,980,5692,482,5745,1663,1466
557502,655.3,576.3,607.94,580.875,988,5706,493,5735,1668,1467
557504,654.5,575.85,607.38,581.475,981,5701,488,5742,1664,1468
557506,655.3,574.8,608.26,581.1,989,5690,498,5738,1663,1471
557508,654.74,577.125,608.98,581.25,983,5716,505,5741,1672,1469
557510,654.42,574.2,608.58,580.575,981,5683,502,5733,1664,1472
557512,654.9,575.475,609.7,581.475,986,5698,513,5744,1668,1469
557514,656.02,575.175,610.02,581.1,998,5695,517,5740,1669,1466
557516,655.06,574.95,611.7,580.275,989,5692,536,5732,1675,1466
557518,655.06,574.875,610.26,581.175,989,5692,520,5741,1671,1470
557520,655.3,577.2,609.3,581.625,991,5718,511,5747,1682,1467
557522,654.26,573.9,610.02,579.675,982,5680,519,5725,1666,1469
557524,654.5,574.35,610.1,580.425,985,5686,521,5733,1667,1471
557526,654.5,575.025,610.02,580.65,985,5694,520,5736,1678,1472
557528,654.42,573.825,611.7,580.35,986,5681,538,5734,1673,1467
557530,654.66,573.15,611.78,579.9,988,5673,540,5729,1674,1470
557532,655.14,574.875,610.98,580.275,993,5693,531,5734,1676,1471
557534,654.42,572.7,611.46,580.575,987,5668,536,5737,1672,1475
557536,654.74,574.35,610.82,580.65,990,5687,531,5737,1681,1472
557538,654.18,572.625,611.22,580.125,986,5667,535,5732,1672,1471
557540,653.78,573.75,611.94,580.275,981,5680,543,5734,1678,1473
557542,653.62,573.675,610.9,579.15,980,5679,533,5720,1677,1477
557544,654.26,572.1,610.98,580.5,988,5661,534,5736,1675,1474
557546,653.54,572.175,611.46,580.05,981,5662,540,5731,1675,1474
557548,653.7,573.3,611.7,579.975,983,5675,542,5731,1677,1479
557550,653.06,571.8,610.98,579.6,977,5658,535,5726,1674,1478
557552,653.38,572.625,612.02,580.5,980,5667,546,5737,1678,1478
557554,653.54,573.075,611.06,579.525,982,5672,537,5725,1680,1479
557556,652.9,571.65,611.62,580.05,976,5656,542,5732,1675,1478
557558,653.14,572.025,611.54,580.875,978,5660,541,5741,1676,1481
557560,652.9,573.6,611.62,578.85,975,5678,543,5718,1685,1475
557562,652.66,571.35,611.7,579.9,974,5652,544,5730,1675,1477
557564,652.82,573.75,611.46,580.95,974,5679,540,5742,1683,1482
557566,652.26,572.775,611.54,579.825,968,5669,542,5729,1685,1480
557568,652.02,570.825,611.06,579.525,967,5647,537,5725,1679,1482
557570,651.78,570.75,611.62,579.825,965,5645,542,5729,1684,1484
557572,651.86,572.175,611.46,579.225,964,5661,541,5722,1690,1477
557574,651.7,570.6,611.06,578.025,964,5644,538,5708,1684,1485
557576,652.18,572.775,612.34,579.525,968,5669,550,5726,1689,1482
557578,651.3,572.775,610.74,578.325,958,5668,534,5712,1691,1486
557580,651.86,570.15,611.46,579.45,965,5639,541,5725,1682,1485
557582,651.54,571.2,611.94,578.325,962,5651,547,5712,1686,1485
557584,651.38,572.475,612.02,578.625,959,5665,546,5716,1692,1487
557586,652.02,570.15,611.06,578.475,967,5639,537,5714,1682,1491
557588,651.46,572.475,611.46,578.625,959,5665,541,5716,1691,1488
557590,651.38,570.825,611.3,579.15,960,5646,539,5722,1686,1486
557592,650.98,572.85,611.7,578.625,953,5669,542,5716,1694,1491
557594,651.46,571.35,610.42,579,959,5653,529,5720,1686,1497
557596,650.9,570.975,611.38,578.85,953,5648,538,5719,1685,1487
557598,651.46,572.775,610.9,578.475,958,5669,534,5714,1696,1499
557600,651.62,571.275,610.9,578.7,960,5652,533,5717,1691,1488
557602,651.06,571.65,611.3,579.6,955,5656,537,5727,1691,1491
557604,650.42,572.85,611.14,579,946,5670,535,5720,1694,1498
557606,650.82,572.325,612.26,578.4,951,5664,547,5714,1694,1495
557608,650.26,573.075,611.22,579,945,5672,536,5720,1697,1497
557610,650.74,572.475,611.46,577.575,950,5665,540,5704,1698,1499
557612,650.26,571.95,611.54,576.825,945,5659,540,5696,1697,1499
557614,650.58,572.25,610.74,578.1,948,5662,531,5710,1697,1498
557616,650.5,573.45,611.78,578.175,946,5676,542,5711,1700,1501
557618,650.5,571.875,611.86,577.05,947,5658,544,5698,1698,1501
557620,650.34,574.35,611.38,577.725,944,5686,538,5705,1704,1494
557622,650.34,573,611.7,577.725,945,5671,541,5706,1702,1497
557624,649.46,571.275,611.54,576.9,937,5650,540,5696,1695,1503
557626,650.34,571.95,611.14,578.1,945,5658,535,5709,1697,1496
557628,650.9,573.45,611.3,577.8,950,5676,537,5706,1701,1499
557630,650.74,570.75,612.34,576.525,950,5645,548,5692,1696,1498
557632,650.66,572.25,612.5,576.525,948,5661,550,5692,1697,1501
557634,650.66,571.725,612.34,576.375,949,5656,548,5690,1702,1503
557636,650.98,570.975,612.82,577.425,952,5648,552,5702,1696,1503
557638,650.26,570.225,612.58,576.75,946,5639,550,5694,1698,1504
557640,650.5,569.775,612.34,575.7,948,5633,549,5682,1696,1501
557642,650.1,570.6,611.94,576.45,943,5643,544,5691,1700,1503
557644,650.74,571.875,612.5,577.2,949,5658,549,5699,1704,1505
557646,649.7,570,612.5,575.925,939,5635,550,5685,1703,1503
557648,647.38,572.25,610.34,576.3,914,5660,527,5689,1707,1506
557650,643.06,572.775,605.14,575.175,869,5664,474,5674,1711,1501
557652,636.1,572.925,597.86,574.575,797,5663,399,5663,1712,1502
557654,626.02,571.5,587.94,573.3,693,5642,296,5644,1710,1497
557656,614.42,568.8,578.58,568.725,574,5606,201,5588,1706,1503
557658,604.02,564.975,567.22,568.35,469,5557,83,5578,1711,1501
557660,596.18,565.275,559.22,567.225,387,5558,0,5562,1721,1500
557662,592.66,562.5,553.86,565.05,352,5524,-53,5535,1719,1498
557664,591.54,562.5,554.26,565.65,341,5524,-49,5542,1715,1499
557666,593.54,562.2,554.58,565.875,361,5522,-46,5545,1714,1502
557668,595.7,561.75,556.66,566.175,385,5518,-25,5550,1714,1505
557670,598.18,562.8,557.46,565.875,409,5532,-16,5547,1715,1496
557672,598.66,564.525,558.5,566.4,413,5552,-5,5554,1715,1501
557674,598.1,565.65,558.66,565.725,407,5565,-4,5546,1714,1500
557676,597.78,568.725,557.06,567.6,401,5600,-21,5568,1712,1498
557678,597.46,568.65,556.9,565.65,398,5599,-22,5546,1718,1500
557680,596.5,570.975,555.86,564.45,387,5626,-31,5532,1722,1500
557682,596.74,568.5,556.82,564.15,391,5598,-21,5529,1715,1495
557684,597.94,571.8,556.58,564.825,402,5636,-24,5537,1722,1495
557686,597.38,567.75,556.98,563.325,399,5590,-18,5520,1724,1497
557688,597.46,569.85,556.66,565.65,398,5615,-23,5547,1721,1496
557690,597.62,569.25,557.22,565.95,401,5608,-18,5551,1717,1492
557692,597.38,569.625,557.54,565.65,398,5612,-13,5548,1715,1492
557694,596.18,566.55,558.74,565.8,388,5577,-1,5550,1720,1493
557696,596.74,568.875,558.58,565.875,393,5604,-2,5552,1718,1491
557698,597.54,568.5,558.5,565.35,401,5600,-3,5545,1721,1495
557700,597.38,567.3,559.22,564.825,401,5587,4,5541,1725,1495
557702,597.3,566.7,560.34,564.075,400,5580,17,5532,1723,1497
557704,597.22,567.225,559.22,564.975,400,5586,6,5542,1723,1493
557706,596.98,566.475,559.46,563.475,398,5577,9,5525,1717,1491
557708,596.74,565.875,559.38,563.025,397,5570,9,5520,1713,1492
557710,597.06,566.175,559.54,562.95,400,5574,11,5519,1719,1493
557712,596.66,563.325,559.7,561.75,398,5541,15,5505,1717,1491
557714,597.46,564.675,559.22,561.15,406,5556,10,5498,1719,1493
557716,596.42,564.225,559.62,562.575,396,5550,13,5514,1719,1491
557718,596.5,564.675,560.26,562.95,396,5555,20,5518,1720,1491
557720,596.1,564.975,559.78,561.675,392,5557,16,5502,1721,1491
557722,595.62,562.5,559.38,562.5,389,5530,12,5512,1719,1491
557724,595.7,562.8,559.78,561.75,391,5532,17,5503,1716,1494
557726,595.54,562.425,559.7,560.4,389,5528,17,5487,1715,1492
557728,594.98,563.25,560.42,561.15,383,5536,24,5495,1719,1494
557730,595.94,563.25,560.42,562.05,393,5536,24,5505,1721,1496
557732,595.38,562.725,560.42,561.15,388,5528,26,5494,1714,1490
557734,595.22,562.575,560.74,561.15,387,5527,29,5494,1712,1488
557736,594.82,562.5,559.38,562.425,384,5524,14,5506,1715,1493
557738,594.34,562.2,560.58,560.55,378,5521,29,5485,1714,1495
557740,594.42,562.425,560.98,561.525,380,5521,32,5495,1711,1493
557742,594.42,563.25,559.86,561.375,379,5531,21,5493,1716,1495
557744,594.5,563.25,561.14,562.425,380,5530,33,5504,1715,1490
557746,594.02,561.975,560.58,561.75,376,5515,28,5496,1711,1489
557748,593.94,562.425,559.62,561.975,376,5518,18,5497,1710,1490
557750,594.34,563.025,559.86,561.6,379,5525,21,5492,1712,1491
557752,594.26,563.475,560.9,561.75,378,5529,32,5493,1714,1489
557754,594.02,563.4,559.62,561.3,375,5528,19,5488,1708,1488
557756,594.66,566.025,560.9,561.675,381,5557,32,5491,1717,1494
557758,594.1,563.025,560.1,561.675,377,5523,24,5491,1711,1487
557760,593.3,562.875,561.14,561.675,368,5520,35,5490,1707,1489
557762,593.54,563.175,560.66,562.65,371,5523,29,5502,1708,1488
557764,594.26,564.15,560.9,562.875,378,5534,31,5503,1712,1488
557766,593.78,563.475,560.5,561,373,5526,29,5482,1706,1483
557768,594.02,564.3,561.22,560.775,375,5535,36,5479,1712,1486
557770,593.86,563.775,561.62,560.775,374,5529,40,5479,1710,1486
557772,593.54,563.175,560.26,561.15,371,5521,26,5482,1703,1487
557774,593.78,564.45,561.54,560.925,373,5536,40,5480,1712,1489
557776,593.62,564.45,561.46,561,371,5535,39,5480,1705,1487
557778,593.62,562.95,561.54,562.125,372,5518,38,5493,1703,1492
557780,594.5,564.15,561.94,561.825,381,5532,43,5490,1708,1491
557782,593.94,563.775,561.46,561.75,375,5528,38,5488,1703,1485
557784,594.26,562.65,561.94,561.3,379,5514,44,5484,1704,1484
557786,594.42,562.5,561.22,561.525,381,5513,35,5486,1700,1486
557788,594.1,563.475,562.26,562.35,377,5524,46,5496,1702,1486
557790,594.18,563.025,562.18,561.525,378,5519,46,5487,1704,1488
557792,594.1,563.625,562.42,561.975,377,5526,48,5492,1702,1486
557794,594.5,562.725,561.06,562.575,382,5516,33,5498,1699,1489
557796,593.3,562.275,561.78,562.35,370,5511,41,5497,1700,1485
557798,594.98,560.25,562.9,560.55,389,5488,54,5476,1694,1490
557800,597.78,555.75,564.1,557.175,420,5439,69,5440,1695,1483
557802,601.78,548.175,567.3,552.825,467,5356,106,5392,1687,1489
557804,605.06,537.9,569.7,544.275,507,5242,137,5297,1676,1487
557806,609.78,527.925,574.1,534.3,563,5133,189,5186,1668,1489
557808,615.7,518.25,576.34,526.5,630,5027,217,5100,1667,1488
557810,622.66,512.25,578.5,518.775,706,4964,244,5015,1668,1479
557812,625.62,509.7,578.82,512.85,737,4938,252,4949,1667,1468
557814,626.82,507.675,578.26,510.675,751,4916,247,4924,1662,1464
557816,628.82,506.175,577.38,508.8,772,4900,239,4904,1661,1463
557818,627.7,505.275,576.5,508.875,761,4890,230,4904,1655,1465
557820,628.18,506.925,574.98,509.55,766,4910,214,4912,1656,1462
557822,627.54,506.625,574.9,511.35,759,4906,212,4932,1656,1459
557824,627.14,507.525,575.14,511.575,754,4917,214,4935,1656,1462
557826,627.54,507.45,574.66,512.1,758,4916,208,4942,1659,1459
557828,627.94,506.4,575.22,512.775,763,4906,214,4950,1655,1463
557830,627.94,505.95,575.94,510.6,763,4901,223,4926,1660,1467
557832,628.26,504.6,576.66,511.425,767,4887,229,4937,1660,1467
557834,627.06,505.05,576.74,510.6,754,4891,231,4928,1660,1474
557836,626.66,505.05,577.54,510.9,750,4893,239,4933,1661,1469
557838,627.06,505.275,578.58,510.975,754,4895,249,4934,1658,1469
557840,626.42,505.95,577.78,510.9,747,4903,240,4934,1662,1470
557842,626.34,505.8,578.42,511.875,746,4902,247,4945,1657,1473
557844,625.78,505.275,579.06,511.875,740,4897,253,4947,1659,1471
557846,625.46,505.35,578.82,510.825,736,4897,252,4935,1659,1471
557848,625.46,505.5,579.06,511.125,736,4900,254,4939,1660,1472
557850,625.62,505.8,579.54,510.6,738,4903,259,4934,1655,1471
557852,625.38,505.95,579.22,510.45,735,4906,255,4932,1660,1470
557854,625.62,503.55,579.14,510.375,738,4879,254,4932,1654,1473
557856,625.38,504,579.38,510.15,736,4885,257,4931,1657,1474
557858,625.62,504.15,580.58,509.625,738,4887,269,4925,1658,1469
557860,625.38,504,580.82,509.475,736,4886,272,4924,1656,1469
557862,625.06,504.225,581.78,509.325,733,4888,282,4924,1655,1473
557864,625.62,504.525,581.06,509.55,738,4893,275,4926,1655,1470
557866,625.22,503.475,580.82,508.425,735,4880,273,4914,1656,1474
557868,625.38,503.85,581.7,508.875,736,4885,281,4920,1654,1471
557870,624.9,503.625,582.02,509.175,732,4883,285,4923,1658,1470
557872,624.82,502.875,581.7,508.95,731,4875,282,4921,1656,1472
557874,625.06,502.275,582.58,508.575,734,4868,291,4918,1653,1473
557876,624.66,502.5,583.22,508.725,730,4871,298,4920,1656,1471
557878,624.5,501.975,582.98,508.575,728,4865,296,4918,1657,1473
557880,624.18,501.825,583.22,506.7,726,4863,300,4897,1657,1475
557882,624.42,501.45,583.14,507.525,728,4860,299,4907,1656,1473
557884,624.02,501.375,583.38,507.525,724,4859,301,4907,1657,1475
557886,624.66,500.1,584.02,507,732,4845,308,4901,1651,1475
557888,624.9,500.775,583.62,506.1,734,4852,305,4892,1654,1476
557890,624.1,499.875,584.34,505.65,726,4843,313,4887,1654,1479
557892,624.58,500.1,583.78,505.5,732,4845,308,4885,1652,1476
557894,624.74,499.35,584.5,506.25,734,4837,314,4893,1654,1481
557896,624.82,499.425,584.5,506.4,736,4838,315,4895,1653,1478
557898,624.66,498.15,584.5,505.5,735,4823,315,4885,1650,1477
557900,624.9,499.275,584.26,505.65,737,4836,314,4886,1655,1481
557902,624.02,498.825,584.58,506.4,728,4831,316,4895,1652,1479
557904,624.58,498.825,584.9,505.425,735,4831,321,4884,1655,1480
557906,624.58,498.9,584.1,506.025,735,4831,313,4890,1651,1479
557908,624.5,498.9,585.38,505.875,735,4831,327,4889,1651,1481
557910,624.82,499.2,584.98,505.725,738,4834,322,4887,1648,1478
557912,623.86,498.675,584.5,506.85,729,4828,318,4899,1652,1483
557914,623.78,498.375,585.78,505.875,728,4824,331,4889,1654,1483
557916,624.1,498.375,585.62,506.4,732,4825,330,4894,1652,1483
557918,623.38,498.75,584.5,505.425,724,4828,319,4883,1655,1480
557920,623.78,499.05,584.98,506.025,729,4831,324,4890,1651,1482
557922,623.78,498.375,584.58,506.025,729,4824,320,4889,1650,1480
557924,623.7,498.15,585.86,506.625,729,4822,333,4897,1650,1481
557926,623.3,498.675,585.22,506.025,725,4827,327,4890,1653,1481
557928,624.1,497.775,585.3,506.475,734,4818,328,4895,1650,1485
557930,623.14,498.975,584.82,505.35,723,4830,324,4882,1653,1482
557932,622.82,498.75,585.38,505.65,721,4827,330,4886,1655,1482
557934,623.94,498.825,585.38,505.8,732,4829,330,4888,1651,1485
557936,623.38,498.825,585.46,505.05,727,4829,332,4879,1651,1489
557938,622.9,498.375,585.14,505.65,722,4824,328,4886,1653,1483
557940,623.86,498.15,586.02,504.9,732,4822,338,4878,1655,1486
557942,623.3,499.125,585.14,505.8,726,4832,328,4888,1651,1484
557944,623.78,498.9,586.18,506.025,732,4830,339,4891,1656,1486
557946,623.78,499.125,586.02,505.875,732,4833,338,4889,1652,1491
557948,623.06,498.75,585.54,505.275,724,4828,333,4883,1655,1485
557950,623.94,499.5,586.74,504.9,733,4837,346,4878,1651,1490
557952,623.46,499.725,586.82,506.025,728,4840,346,4891,1656,1486
557954,622.5,498.825,586.5,504.9,719,4829,343,4879,1656,1492
557956,623.3,498.9,587.14,506.1,727,4831,349,4893,1654,1490
557958,623.06,498.825,586.18,503.925,724,4830,340,4868,1653,1491
557960,623.3,498.525,586.1,505.275,727,4827,339,4883,1653,1491
557962,623.46,499.2,585.86,505.05,728,4834,337,4881,1653,1489
557964,622.74,498.9,585.62,504.675,721,4831,334,4877,1655,1490
557966,622.58,499.275,585.7,505.65,719,4835,334,4888,1656,1491
557968,623.14,499.2,586.5,505.425,725,4835,342,4886,1657,1489
557970,622.42,498.975,585.62,504,717,4833,335,4870,1660,1495
557972,622.42,498.15,585.94,505.5,717,4824,336,4887,1653,1493
557974,621.7,498.15,586.02,503.775,710,4824,338,4868,1655,1494
557976,619.62,496.35,583.7,502.8,689,4803,314,4856,1656,1493
557978,615.86,493.95,578.98,497.475,652,4774,269,4794,1653,1503
557980,610.1,487.65,574.42,490.125,596,4701,226,4710,1656,1501
557982,603.14,476.1,567.22,480.375,531,4569,158,4598,1657,1502
557984,596.18,464.775,557.7,466.65,466,4440,68,4440,1666,1496
557986,590.82,447.225,550.18,448.95,422,4242,2,4239,1661,1490
557988,587.94,432.15,544.42,435.6,401,4074,-48,4089,1668,1496
557990,589.54,415.275,540.66,416.4,428,3889,-73,3874,1660,1496
557992,591.06,398.025,538.74,403.65,455,3700,-85,3733,1666,1482
557994,594.82,382.725,536.26,387.375,502,3535,-100,3553,1657,1486
557996,598.1,363.375,534.9,370.275,547,3326,-102,3366,1651,1470
557998,601.38,348.825,532.9,352.575,589,3170,-111,3171,1651,1473
558000,605.94,330.9,532.02,337.875,645,2978,-111,3011,1642,1473
558002,609.06,312.525,530.82,320.175,688,2781,-111,2818,1636,1462
558004,612.9,300.675,531.54,304.8,732,2656,-95,2652,1626,1462
558006,615.62,289.65,531.62,294.3,766,2539,-87,2539,1613,1458
558008,618.74,280.125,532.74,284.775,802,2439,-70,2437,1610,1450
558010,622.18,275.925,532.26,279.375,839,2396,-71,2379,1605,1443
558012,625.78,275.55,533.06,278.85,874,2395,-64,2374,1599,1442
558014,626.98,273.75,532.26,278.925,888,2376,-73,2373,1601,1444
558016,627.3,274.425,533.14,281.925,890,2383,-67,2406,1605,1441
558018,627.14,274.275,533.7,280.35,888,2382,-60,2389,1610,1446
558020,626.74,273.225,534.42,280.8,883,2370,-54,2395,1613,1446
558022,625.78,271.725,535.14,278.4,875,2353,-45,2370,1623,1454
558024,625.46,270.15,536.42,277.35,871,2336,-32,2358,1628,1462
558026,623.94,270.45,536.5,275.55,856,2338,-30,2340,1629,1464
558028,623.14,269.85,536.66,274.8,848,2331,-29,2331,1630,1463
558030,622.58,269.925,538.34,274.875,841,2331,-11,2333,1626,1471
558032,621.78,269.55,539.54,275.025,834,2327,-1,2334,1626,1464
558034,621.46,270.225,540.74,275.325,830,2334,11,2339,1625,1464
558036,621.7,270.3,542.02,275.175,832,2334,23,2338,1623,1468
558038,620.82,271.275,542.82,274.2,822,2344,32,2328,1625,1466
558040,620.58,272.775,542.5,274.875,818,2360,28,2334,1621,1465
558042,620.66,272.55,543.54,274.725,819,2358,39,2334,1620,1465
558044,619.7,273.225,543.94,274.575,809,2364,42,2332,1623,1471
558046,619.54,273.6,544.1,276.15,807,2368,43,2349,1622,1463
558048,619.22,272.325,543.94,274.65,805,2354,42,2333,1623,1469
558050,618.66,272.85,545.14,274.65,798,2359,54,2333,1624,1470
558052,618.74,272.025,544.66,275.7,800,2350,48,2344,1625,1464
558054,618.42,271.425,545.86,273.975,797,2343,62,2326,1625,1469
558056,617.46,270.6,546.02,274.05,788,2333,64,2327,1624,1465
558058,617.3,271.5,545.94,274.8,786,2343,62,2335,1621,1466
558060,616.82,271.425,547.14,273.6,781,2342,76,2323,1622,1467
558062,616.42,270.825,546.98,274.35,778,2335,73,2331,1631,1467
558064,615.78,270.9,548.42,274.125,771,2336,88,2329,1626,1468
558066,615.54,268.95,548.1,273.45,770,2315,86,2322,1625,1470
558068,614.98,269.4,548.98,273.675,765,2319,95,2325,1625,1467
558070,615.22,268.2,549.86,272.175,768,2307,105,2309,1626,1471
558072,614.34,268.575,550.42,270.6,759,2310,112,2293,1627,1471
558074,613.62,268.275,551.22,270.525,752,2306,120,2292,1625,1471
558076,613.06,268.875,551.7,271.2,746,2312,125,2300,1625,1469
558078,612.82,268.2,552.02,271.125,744,2305,128,2299,1625,1470
558080,613.7,267.6,552.02,269.7,754,2299,129,2283,1625,1475
558082,612.66,266.325,552.1,269.775,744,2285,130,2285,1627,1472
558084,612.82,267.525,553.14,268.95,745,2297,141,2276,1626,1474
558086,613.3,266.475,553.3,269.475,751,2286,143,2281,1626,1473
558088,612.74,267,552.74,268.65,745,2291,138,2272,1627,1473
558090,612.34,265.65,553.3,269.025,742,2277,143,2277,1629,1475
558092,612.02,264.975,553.54,268.725,739,2269,146,2273,1626,1475
558094,612.1,265.875,554.18,266.85,740,2279,154,2254,1631,1477
558096,612.58,265.35,553.86,269.1,745,2273,149,2277,1626,1474
558098,611.94,264.6,554.5,267.075,739,2264,157,2256,1628,1477
558100,611.86,264.825,554.66,268.05,738,2267,158,2266,1627,1478
558102,611.54,264.975,554.26,267.75,735,2268,154,2263,1629,1476
558104,611.06,264.6,554.66,267.225,730,2264,159,2257,1628,1478
558106,610.98,265.125,555.06,267.525,729,2269,163,2261,1631,1478
558108,610.9,264.6,554.18,267.45,729,2263,155,2259,1630,1478
558110,610.42,264.975,555.54,267.525,724,2267,168,2260,1628,1480
558112,610.82,264.375,555.7,267.675,729,2261,170,2262,1631,1479
558114,610.1,264,555.62,268.575,722,2256,169,2272,1631,1480
558116,609.94,263.925,556.1,267.525,720,2255,174,2260,1632,1478
558118,609.7,264.225,555.7,267.975,717,2258,170,2265,1634,1482
558120,609.7,263.85,555.38,267.975,718,2254,166,2264,1632,1482
558122,609.06,264.075,556.34,268.05,711,2255,176,2265,1634,1483
558124,610.1,263.4,556.02,267.975,722,2249,173,2264,1632,1482
558126,609.22,264.75,555.78,267.525,712,2262,171,2259,1634,1480
558128,608.34,264.675,556.66,267.45,703,2260,179,2259,1637,1479
558130,608.1,264.675,557.14,267.15,701,2260,184,2256,1637,1483
558132,607.86,264.3,556.58,268.425,699,2256,178,2268,1631,1482
558134,608.58,265.2,556.34,266.85,706,2266,177,2251,1633,1483
558136,608.58,264.15,556.26,266.325,707,2255,177,2246,1632,1484
558138,607.78,264,556.82,266.175,698,2252,182,2244,1636,1483
558140,608.58,264.375,557.46,267.3,706,2256,188,2257,1638,1488
558142,607.86,263.55,557.22,267.75,700,2247,186,2261,1633,1484
558144,606.42,264,557.38,266.625,685,2251,187,2250,1632,1485
558146,606.58,264.375,557.3,266.175,686,2256,187,2245,1637,1486
558148,606.5,263.775,557.86,266.7,685,2249,193,2251,1636,1488
558150,606.34,263.175,556.82,266.25,684,2242,182,2245,1632,1486
558152,606.18,264.75,557.14,266.7,682,2259,185,2250,1636,1489
558154,606.5,263.475,557.46,266.55,685,2246,188,2249,1634,1484
558156,605.3,263.1,557.06,265.575,674,2241,185,2238,1635,1480
558158,605.46,263.025,557.38,264.825,676,2240,189,2230,1637,1486
558160,605.14,264,557.54,266.325,672,2250,189,2246,1633,1486
558162,605.38,263.025,557.22,266.85,674,2240,185,2252,1635,1479
558164,605.78,263.925,557.54,265.35,678,2250,189,2236,1637,1485
558166,605.14,263.325,557.06,265.05,672,2243,185,2232,1634,1486
558168,605.14,263.1,558.02,266.475,672,2241,194,2248,1636,1484
558170,604.9,263.475,558.5,266.175,669,2245,199,2245,1634,1485
558172,605.22,264.225,558.1,266.55,672,2254,194,2249,1638,1482
558174,605.14,263.325,558.82,264.975,672,2244,203,2233,1634,1481
558176,605.3,263.625,558.74,265.125,673,2248,201,2235,1630,1485
558178,605.14,262.95,558.1,265.725,672,2240,195,2241,1634,1484
558180,605.06,263.625,559.06,266.1,670,2248,204,2246,1634,1480
558182,605.38,263.625,558.58,265.2,673,2248,200,2236,1635,1482
558184,605.14,263.4,558.66,265.875,671,2246,200,2244,1633,1480
558186,604.5,263.85,559.78,267,665,2250,211,2257,1634,1485
558188,606.58,263.7,559.46,265.425,686,2250,209,2239,1630,1477
558190,605.7,263.55,559.38,266.1,677,2248,208,2247,1634,1481
558192,605.78,262.95,559.38,265.95,679,2242,208,2245,1630,1480
558194,604.5,263.25,559.3,264.825,665,2244,208,2233,1631,1476
558196,605.62,264.15,560.82,265.125,676,2255,223,2238,1629,1479
558198,604.9,263.1,560.18,266.025,670,2244,216,2247,1628,1477
558200,604.58,264.075,559.38,266.475,666,2254,208,2252,1631,1478
558202,604.74,264.15,559.3,266.25,668,2255,207,2250,1629,1475
558204,604.74,262.8,560.1,266.55,668,2241,215,2254,1630,1475
558206,605.14,263.55,559.94,266.025,672,2250,214,2248,1627,1472
558208,604.5,263.7,561.06,265.575,666,2251,225,2244,1626,1467
558210,604.66,263.175,560.66,265.275,668,2245,222,2241,1628,1470
558212,604.34,262.575,561.38,265.425,665,2239,230,2243,1628,1467
558214,603.86,262.875,561.62,264,660,2242,232,2228,1627,1468
558216,604.02,262.95,561.3,264.9,662,2243,229,2238,1628,1466
558218,604.26,262.65,561.22,265.05,665,2240,228,2239,1624,1463
558220,603.94,262.8,560.74,265.425,662,2242,223,2243,1625,1466
558222,605.06,263.325,561.06,267.75,672,2248,225,2268,1624,1467
558224,604.74,266.7,558.9,270.3,668,2284,202,2294,1626,1467
558226,607.54,270.675,560.34,275.7,694,2328,213,2353,1627,1458
558228,607.38,275.625,558.74,282.675,689,2381,193,2426,1620,1453
558230,610.02,281.1,559.78,287.625,713,2441,200,2481,1627,1454
558232,613.06,290.25,558.98,291.825,739,2540,190,2525,1624,1458
558234,613.22,294.825,560.02,295.05,738,2590,198,2560,1630,1457
558236,614.42,296.475,559.7,297.375,749,2609,194,2585,1632,1455
558238,614.82,297.45,558.26,297.225,752,2619,179,2582,1634,1461
558240,613.94,298.425,558.26,297.525,743,2629,180,2586,1635,1459
558242,614.26,298.5,558.34,297.075,746,2629,181,2581,1633,1459
558244,614.42,298.8,558.26,296.925,749,2633,180,2579,1632,1458
558246,614.5,298.05,559.3,296.85,750,2625,191,2579,1635,1460
558248,612.98,296.4,560.58,295.725,736,2606,205,2567,1631,1452
558250,612.9,295.95,559.78,295.275,735,2601,198,2562,1630,1452
558252,612.58,295.65,561.7,295.725,733,2597,217,2567,1626,1453
558254,612.34,296.325,561.78,296.025,730,2604,218,2570,1627,1449
558256,611.94,295.575,561.46,297,727,2596,215,2581,1624,1446
558258,611.86,295.35,561.62,296.625,726,2594,216,2577,1621,1445
558260,612.58,297.15,561.46,298.35,732,2613,214,2595,1621,1440
558262,612.42,296.55,561.78,298.125,731,2606,217,2593,1620,1441
558264,612.02,297.6,561.7,298.65,727,2618,216,2598,1619,1444
558266,611.78,298.05,560.98,298.875,723,2622,209,2601,1618,1440
558268,612.02,297.75,561.22,298.875,727,2619,211,2601,1617,1438
558270,611.38,298.35,561.7,299.775,719,2625,216,2610,1617,1437
558272,610.98,297.9,560.98,300.15,716,2620,208,2615,1615,1435
558274,610.98,298.05,560.9,299.1,716,2622,208,2603,1614,1440
558276,610.98,298.275,561.54,299.7,715,2625,214,2610,1610,1434
558278,610.58,298.5,561.78,299.775,711,2627,216,2612,1612,1433
558280,609.94,299.625,562.18,299.775,705,2639,220,2612,1606,1434
558282,609.94,299.175,561.54,299.4,705,2634,215,2607,1609,1436
558284,610.18,298.95,561.38,301.05,707,2632,211,2625,1608,1428
558286,609.46,299.325,561.7,301.05,700,2635,214,2625,1605,1426
558288,610.26,299.325,561.86,300.225,708,2636,216,2617,1603,1424
558290,610.02,299.025,562.42,300.675,705,2633,222,2622,1607,1429
558292,609.78,299.775,561.78,300.525,703,2641,216,2621,1606,1424
558294,609.94,299.325,561.78,299.775,704,2636,216,2613,1604,1422
558296,609.62,299.4,562.26,300.3,701,2637,220,2619,1608,1425
558298,610.1,299.7,561.46,299.625,705,2641,212,2611,1601,1423
558300,610.34,299.175,561.78,300.9,707,2636,214,2625,1602,1419
558302,609.7,299.325,561.94,299.325,701,2637,217,2608,1603,1421
558304,609.7,298.65,562.5,299.7,701,2630,222,2613,1596,1419
558306,609.62,298.575,561.62,298.8,700,2629,214,2603,1602,1421
558308,609.14,298.425,562.1,300.675,695,2628,217,2624,1598,1414
558310,610.02,298.35,562.58,299.1,704,2627,223,2607,1599,1416
558312,610.42,298.425,561.86,298.65,708,2629,216,2602,1595,1417
558314,609.94,297.375,561.46,299.55,703,2617,211,2611,1599,1414
558316,610.1,297.975,561.94,300.3,705,2624,215,2620,1594,1407
558318,609.62,297.825,562.42,298.8,700,2622,221,2604,1598,1408
558320,609.94,297.825,562.1,299.4,703,2623,217,2611,1596,1408
558322,609.7,297.6,561.06,300.15,700,2620,205,2618,1595,1407
558324,608.58,297.75,561.7,300.075,688,2621,211,2618,1590,1408
558326,609.62,297.75,560.82,299.7,698,2621,202,2613,1592,1407
558328,608.82,298.05,561.14,300,689,2624,205,2617,1588,1409
558330,608.18,298.35,560.18,301.125,683,2628,194,2628,1589,1405
558332,608.98,298.875,561.22,301.875,690,2633,204,2637,1586,1404
558334,608.42,299.25,561.46,300.75,684,2637,207,2625,1587,1407
558336,608.5,299.625,559.94,301.275,685,2642,191,2630,1581,1402
558338,608.42,299.775,559.46,302.775,684,2643,185,2646,1590,1399
558340,608.9,300.3,559.62,303.075,687,2649,186,2650,1586,1398
558342,608.26,300.3,560.42,303.45,681,2649,194,2655,1583,1394
558344,608.26,300.825,560.5,304.425,680,2655,194,2665,1587,1395
558346,608.18,301.575,560.34,303.6,679,2663,193,2657,1581,1395
558348,607.78,301.125,561.14,304.35,675,2659,200,2665,1581,1397
558350,607.62,300.825,560.9,304.8,674,2655,198,2670,1580,1392
558352,608.1,301.5,560.18,304.2,677,2663,190,2664,1581,1389
558354,608.1,301.65,560.5,303.75,677,2665,194,2659,1576,1397
558356,607.86,302.625,559.7,305.775,674,2676,184,2681,1576,1388
558358,607.94,302.1,560.58,305.7,675,2670,193,2681,1578,1389
558360,607.54,301.8,560.5,304.725,671,2667,193,2670,1573,1389
558362,607.62,303.15,560.9,304.95,671,2681,196,2673,1573,1389
558364,608.18,301.875,560.74,304.8,677,2669,195,2672,1574,1384
558366,607.94,302.325,562.02,302.475,674,2673,209,2647,1570,1389
558368,608.82,301.575,562.02,303.075,684,2666,209,2654,1567,1388
558370,608.58,301.95,562.74,304.95,682,2670,215,2674,1572,1382
558372,608.34,302.475,561.14,304.575,679,2676,199,2670,1572,1382
558374,608.02,301.05,562.1,303.975,676,2660,209,2664,1568,1382
558376,608.18,301.95,562.74,303.9,678,2670,216,2663,1568,1376
558378,608.1,301.5,562.34,303.975,677,2665,211,2664,1569,1382
558380,608.5,300.525,562.02,302.325,681,2654,209,2646,1568,1382
558382,608.26,301.125,563.06,303.75,679,2661,219,2662,1564,1377
558384,608.74,301.425,562.34,302.7,683,2664,212,2650,1570,1378
558386,608.26,300.225,562.42,303.525,679,2651,212,2659,1566,1376
558388,608.18,301.125,562.26,303.15,677,2660,211,2655,1564,1378
558390,607.7,300.675,563.06,302.25,673,2655,219,2646,1566,1381
558392,608.26,299.925,562.58,302.85,679,2646,214,2651,1565,1380
558394,607.78,299.85,561.38,302.775,674,2645,202,2649,1564,1376
558396,608.42,298.875,562.66,300.525,682,2634,217,2625,1566,1381
558398,608.5,298.65,562.42,302.175,682,2632,213,2642,1556,1374
558400,607.62,299.25,563.14,301.8,673,2637,221,2638,1556,1376
558402,607.14,299.85,561.94,303.15,668,2643,207,2652,1557,1376
558404,607.86,298.725,562.02,302.475,676,2631,209,2643,1556,1375
558406,606.9,299.4,561.14,303.15,666,2637,200,2650,1557,1372
558408,607.46,300.6,561.86,303,671,2650,208,2648,1559,1371
558410,607.86,299.325,561.46,301.95,677,2636,204,2637,1554,1379
558412,607.22,299.625,561.14,301.425,670,2638,202,2629,1554,1374
558414,606.82,299.175,561.3,302.775,666,2633,202,2644,1553,1372
558416,606.9,299.25,561.62,301.875,668,2632,207,2633,1555,1380
558418,607.06,298.575,562.1,301.8,670,2625,211,2633,1550,1374
558420,606.58,299.7,561.46,302.4,664,2636,205,2638,1547,1372
558422,606.42,299.175,561.38,302.775,662,2630,204,2642,1550,1368
558424,607.46,299.025,561.06,303.9,673,2627,200,2652,1547,1368
558426,607.46,299.025,561.46,302.175,673,2628,205,2634,1546,1375
558428,606.74,299.55,562.1,300.975,666,2632,213,2620,1547,1374
558430,607.06,299.4,561.22,302.025,670,2631,203,2631,1547,1377
558432,607.62,299.775,562.42,302.775,675,2634,215,2639,1547,1371
558434,606.42,300,562.1,301.2,663,2635,213,2622,1547,1371
558436,607.54,299.7,561.78,302.475,675,2632,210,2634,1544,1368
558438,607.62,299.25,563.46,302.025,676,2627,227,2630,1547,1374
558440,608.18,299.925,562.58,302.625,682,2634,218,2636,1541,1370
558442,608.18,299.4,562.1,302.25,682,2629,213,2631,1542,1369
558444,607.78,299.55,561.38,302.325,678,2629,206,2631,1545,1371
558446,608.1,300,562.82,302.85,682,2634,220,2638,1542,1369
558448,607.7,299.925,562.58,302.475,678,2633,219,2633,1542,1371
558450,608.42,299.55,562.9,302.025,685,2629,223,2628,1545,1375
558452,607.7,301.05,563.62,302.475,677,2644,230,2633,1544,1373
558454,608.74,299.7,562.58,302.025,689,2631,220,2628,1542,1372
558456,608.74,299.625,563.14,302.325,689,2629,225,2631,1540,1367
558458,608.58,300.15,562.82,303.225,688,2635,222,2641,1536,1369
558460,608.42,299.925,563.62,302.175,686,2633,231,2629,1538,1367
558462,609.54,300.75,561.86,302.85,697,2642,213,2636,1536,1366
558464,608.26,300.825,562.58,303.375,685,2642,220,2643,1535,1363
558466,609.3,300.3,563.38,303.375,696,2637,228,2643,1536,1370
558468,609.62,301.575,563.06,303.375,698,2651,225,2643,1535,1366
558470,609.22,301.05,563.86,303.6,695,2646,234,2646,1537,1369
558472,608.66,301.05,563.06,303.825,690,2646,226,2648,1535,1365
558474,609.06,300.75,564.1,303.825,694,2643,237,2648,1533,1366
558476,609.14,300.525,563.46,302.85,696,2641,231,2639,1536,1370
558478,608.42,300.75,563.22,304.05,688,2643,228,2651,1537,1369
558480,606.82,301.575,562.18,302.775,672,2651,219,2637,1536,1369
558482,605.46,302.325,559.54,302.175,658,2659,192,2630,1541,1369
558484,602.9,302.4,556.66,303.075,632,2659,163,2638,1537,1365
558486,598.26,303.675,550.98,303.225,584,2669,105,2636,1538,1370
558488,593.38,304.35,545.86,303.45,535,2674,53,2636,1538,1368
558490,590.74,306.525,541.94,305.025,507,2696,12,2651,1541,1373
558492,588.34,307.275,539.06,306.225,482,2703,-17,2663,1539,1366
558494,587.86,306.9,537.22,306.15,478,2699,-35,2661,1538,1372
558496,587.38,307.35,536.98,307.5,473,2705,-39,2676,1537,1368
558498,588.9,306.525,538.66,306.6,489,2697,-21,2668,1539,1369
558500,589.22,305.025,539.38,306,493,2682,-13,2662,1534,1370
558502,589.94,305.85,540.74,305.325,500,2691,1,2656,1535,1373
558504,590.9,305.625,541.3,304.8,510,2690,7,2651,1539,1369
558506,591.14,304.875,541.22,303.3,513,2682,7,2635,1536,1375
558508,590.66,306,541.94,304.8,508,2695,13,2652,1540,1374
558510,590.5,306.375,541.06,304.575,506,2699,4,2649,1538,1367
558512,590.02,305.85,540.58,304.2,501,2694,0,2646,1534,1367
558514,590.98,306.3,540.58,305.775,510,2699,0,2663,1534,1367
558516,590.74,307.125,541.06,305.55,507,2709,4,2662,1541,1367
558518,590.66,307.05,541.86,305.1,507,2708,12,2657,1538,1369
558520,590.66,306.825,541.22,305.25,507,2706,5,2659,1540,1372
558522,589.94,306.525,541.3,305.55,500,2702,6,2663,1539,1373
558524,590.34,306.375,540.02,305.925,504,2701,-6,2666,1538,1371
558526,589.54,306.45,541.3,305.7,496,2702,6,2664,1539,1369
558528,590.1,305.475,540.82,306.3,503,2692,2,2672,1535,1369
558530,589.54,306.3,540.5,305.775,497,2701,0,2666,1535,1373
558532,590.1,306.075,541.06,305.325,503,2699,5,2662,1537,1368
558534,590.18,306.075,540.42,305.1,503,2699,0,2658,1536,1369
558536,589.94,307.2,540.74,305.025,501,2712,3,2659,1541,1372
558538,589.86,306.9,541.22,305.175,500,2708,8,2661,1537,1367
558540,589.86,307.275,541.54,305.325,501,2713,11,2663,1534,1370
558542,590.1,306.6,541.38,305.55,503,2706,9,2665,1538,1375
558544,589.7,306.825,540.58,304.05,500,2708,3,2649,1537,1373
558546,589.46,305.925,541.14,305.175,498,2698,7,2661,1536,1370
558548,589.94,305.925,541.54,303.525,503,2699,13,2644,1536,1367
558550,590.26,306,541.54,303.75,506,2700,13,2647,1536,1369
558552,590.1,305.025,541.3,303.375,506,2690,11,2643,1537,1369
558554,589.54,304.95,541.3,304.5,500,2689,10,2655,1536,1370
558556,590.1,305.175,541.62,303.15,506,2691,15,2641,1535,1370
558558,589.62,304.725,541.38,304.575,501,2686,11,2656,1529,1372
558560,589.62,305.7,541.14,303.975,501,2697,10,2649,1535,1369
558562,590.26,305.25,541.3,302.775,508,2693,12,2636,1541,1375
558564,589.46,305.25,541.94,303.225,500,2692,19,2642,1538,1372
558566,589.06,304.125,540.9,303.9,497,2680,8,2649,1535,1368
558568,588.9,303.6,541.06,303.375,496,2674,10,2643,1531,1371
558570,589.22,304.275,541.78,303.375,499,2681,17,2643,1537,1369
558572,589.06,303.45,541.14,303.75,498,2673,11,2647,1531,1373
558574,588.74,304.875,541.78,303.525,493,2688,17,2645,1535,1370
558576,588.98,304.8,541.14,304.275,496,2687,10,2653,1537,1368
558578,588.66,304.05,541.3,303.525,494,2679,12,2645,1532,1377
558580,589.06,305.175,541.22,304.275,497,2691,11,2653,1533,1370
558582,588.82,304.8,541.22,304.425,494,2687,11,2654,1538,1371
558584,588.1,303.6,540.98,304.2,488,2674,9,2651,1530,1370
558586,588.34,304.125,541.22,304.2,490,2679,11,2652,1532,1372
558588,588.74,305.325,541.3,303.525,493,2692,12,2644,1533,1368
558590,588.26,303.6,541.46,303.15,490,2674,14,2640,1533,1373
558592,589.3,305.4,541.22,304.8,499,2693,11,2658,1540,1371
558594,588.98,304.35,541.54,302.7,496,2682,15,2636,1538,1373
558596,588.82,302.7,541.78,302.325,496,2663,18,2632,1535,1375
558598,589.06,303,542.26,302.55,498,2667,23,2634,1531,1372
558600,589.14,303.675,541.7,303.075,498,2674,16,2640,1535,1369
558602,589.38,304.2,542.42,302.025,500,2680,25,2628,1534,1372
558604,589.46,303.225,541.94,304.425,501,2670,18,2654,1533,1371
558606,590.18,303.375,542.42,301.8,508,2672,24,2626,1536,1367
558608,590.18,302.25,544.26,303,509,2660,42,2640,1536,1366
558610,592.42,300.3,546.26,300.45,533,2641,64,2614,1532,1367
558612,598.66,297.45,553.14,298.35,598,2613,135,2596,1533,1373
558614,607.3,292.65,561.14,292.125,688,2567,221,2534,1534,1375
558616,618.34,284.7,570.34,285.675,804,2488,318,2470,1534,1377
558618,628.98,270.6,579.22,278.25,920,2344,413,2395,1531,1372
558620,640.26,259.2,589.38,267.45,1040,2229,522,2285,1530,1368
558622,653.62,248.625,597.7,255.675,1179,2125,614,2165,1526,1361
558624,661.94,239.025,604.02,244.35,1268,2028,684,2048,1511,1365
558626,671.22,230.55,608.42,234.975,1365,1944,734,1951,1496,1358
558628,679.54,222.975,611.86,224.85,1452,1869,774,1846,1490,1336
558630,686.26,214.575,616.5,218.25,1523,1784,824,1779,1480,1325
558632,690.74,205.2,618.1,215.25,1572,1688,842,1748,1475,1325
558634,694.9,201.075,620.34,213,1616,1648,866,1726,1464,1323
558636,698.18,200.475,620.26,211.725,1649,1644,866,1713,1464,1318
558638,700.1,201.525,620.82,213.225,1668,1656,870,1729,1468,1319
558640,701.54,203.325,621.46,213.975,1681,1676,876,1737,1462,1321
558642,701.22,203.4,621.46,215.4,1677,1676,875,1752,1468,1324
558644,701.06,203.925,621.38,215.7,1675,1682,874,1756,1472,1325
558646,698.74,202.725,620.9,215.625,1653,1668,869,1755,1474,1329
558648,697.78,201.45,621.38,214.425,1643,1654,875,1743,1477,1329
558650,696.66,199.65,621.78,211.65,1633,1634,880,1714,1479,1339
558652,695.94,198.45,622.02,210.825,1626,1621,883,1705,1478,1343
558654,694.9,198.225,622.1,212.325,1616,1618,882,1721,1477,1336
558656,694.1,200.1,622.66,210.375,1607,1638,889,1701,1473,1342
558658,693.78,199.725,623.3,212.025,1604,1633,894,1719,1478,1334
558660,694.58,200.85,624.5,211.65,1611,1646,906,1716,1475,1332
558662,694.02,199.8,624.82,211.5,1605,1635,910,1715,1473,1334
558664,693.3,199.425,624.9,210.6,1598,1631,910,1705,1475,1338
558666,693.22,199.35,624.5,209.55,1598,1630,907,1694,1476,1340
558668,692.98,199.575,625.46,212.25,1594,1632,914,1723,1479,1331
558670,692.5,199.725,626.34,210,1589,1634,924,1700,1479,1329
558672,692.9,199.5,625.14,211.8,1593,1632,910,1719,1472,1332
558674,692.42,198.225,625.78,209.325,1588,1619,918,1693,1479,1333
558676,692.1,199.05,626.98,211.05,1585,1627,928,1712,1481,1334
558678,692.18,197.925,625.3,208.95,1586,1615,913,1688,1475,1333
558680,692.5,198.15,626.5,207.6,1588,1617,925,1675,1478,1340
558682,692.26,197.325,627.3,208.425,1586,1609,932,1685,1479,1334
558684,691.7,197.85,626.98,208.425,1579,1614,929,1684,1474,1331
558686,691.94,197.25,627.22,207.975,1582,1608,931,1680,1481,1333
558688,691.86,197.475,627.78,205.8,1580,1610,936,1657,1477,1340
558690,691.46,198.375,627.3,207.9,1576,1619,931,1679,1476,1335
558692,692.1,197.1,628.74,208.35,1582,1606,944,1684,1477,1333
558694,690.9,197.55,628.98,206.7,1570,1610,948,1667,1481,1337
558696,691.54,197.625,629.54,206.25,1575,1611,953,1662,1476,1337
558698,691.3,197.325,629.62,206.475,1573,1608,953,1665,1480,1339
558700,690.5,197.7,629.7,207.6,1565,1611,953,1676,1483,1338
558702,690.26,196.95,629.94,205.725,1562,1603,956,1656,1483,1341
558704,690.74,196.575,630.02,207.6,1567,1599,956,1676,1479,1332
558706,690.74,196.5,630.42,205.125,1567,1597,961,1650,1481,1341
558708,690.5,197.325,631.62,205.275,1563,1606,972,1652,1481,1338
558710,690.58,196.275,630.5,206.475,1565,1595,961,1664,1480,1338
558712,691.22,196.35,631.38,206.4,1571,1596,969,1663,1477,1337
558714,689.54,196.875,631.7,206.1,1554,1600,973,1661,1483,1337
558716,690.58,197.025,631.38,204.825,1563,1602,969,1646,1483,1338
558718,690.66,197.1,631.7,204.3,1564,1602,973,1641,1480,1342
558720,689.7,196.125,631.7,206.475,1555,1591,972,1663,1478,1337
558722,689.94,196.95,630.5,205.8,1557,1600,960,1655,1481,1334
558724,689.78,196.95,632.5,204.45,1556,1600,980,1642,1481,1340
558726,688.82,196.275,632.82,205.425,1546,1591,983,1653,1482,1341
558728,689.14,196.05,632.26,205.2,1549,1589,978,1650,1480,1336
558730,689.62,196.35,633.38,203.925,1554,1593,990,1637,1482,1337
558732,689.7,195.9,632.82,204.45,1555,1588,984,1642,1480,1339
558734,689.14,197.025,632.66,204.975,1549,1599,982,1647,1478,1338
558736,689.7,196.875,632.66,204.15,1556,1598,983,1638,1481,1337
558738,689.54,196.05,633.14,204.3,1554,1589,988,1640,1480,1341
558740,689.86,196.575,633.78,204.825,1558,1595,995,1646,1480,1333
558742,689.54,195.825,633.94,203.1,1554,1587,997,1628,1478,1336
558744,688.42,195.9,632.98,205.8,1544,1586,986,1656,1480,1333
558746,688.9,195.9,634.5,202.875,1549,1587,1003,1626,1478,1337
558748,689.22,195.9,634.42,204.525,1552,1587,1002,1643,1477,1336
558750,688.58,196.125,633.94,204.825,1546,1589,997,1645,1479,1333
558752,688.66,196.35,634.66,203.775,1547,1591,1005,1635,1479,1337
558754,689.7,196.35,635.06,205.575,1557,1592,1008,1654,1479,1335
558756,689.3,196.35,634.74,206.475,1554,1592,1005,1663,1477,1332
558758,688.66,196.8,635.22,204.225,1548,1596,1011,1640,1476,1340
558760,688.74,196.05,635.3,204.9,1549,1588,1012,1647,1476,1334
558762,689.46,196.05,635.38,205.35,1557,1589,1013,1652,1479,1331
558764,689.46,196.35,634.9,205.35,1557,1592,1008,1652,1478,1329
558766,689.54,196.875,636.58,204.375,1558,1597,1025,1642,1478,1328
558768,689.46,196.725,636.42,204.975,1557,1596,1024,1649,1479,1334
558770,688.34,196.05,636.1,203.85,1546,1588,1022,1637,1480,1333
558772,689.38,195.9,636.02,204.675,1557,1587,1021,1646,1477,1329
558774,688.5,195.675,635.78,203.4,1548,1584,1019,1632,1476,1336
558776,687.86,196.425,636.82,204.075,1542,1592,1030,1640,1474,1331
558778,688.58,195.75,636.02,205.5,1550,1585,1021,1655,1480,1329
558780,688.02,196.125,636.34,203.85,1544,1589,1025,1637,1478,1330
558782,688.02,196.05,636.18,203.925,1544,1588,1024,1638,1476,1330
558784,688.58,195.6,636.1,204.9,1550,1584,1022,1648,1478,1329
558786,688.82,195.9,636.5,205.05,1552,1588,1026,1650,1475,1330
558788,687.22,195.3,636.02,205.95,1537,1580,1021,1660,1477,1328
558790,687.86,195.525,637.3,205.725,1543,1583,1034,1658,1476,1330
558792,688.02,195.3,636.9,204.525,1545,1581,1030,1645,1478,1332
558794,687.14,195.6,636.58,205.35,1536,1583,1027,1653,1479,1327
558796,688.1,195.075,636.34,204.6,1546,1579,1025,1645,1477,1328
558798,687.86,195.3,637.06,204.825,1544,1581,1032,1649,1478,1329
558800,687.3,195.75,637.06,204.375,1538,1585,1033,1644,1476,1332
558802,686.82,195.6,635.86,205.2,1533,1583,1021,1651,1476,1327
558804,687.7,195.225,636.66,203.7,1543,1580,1030,1637,1478,1329
558806,686.1,195.525,637.7,204.525,1527,1582,1039,1646,1475,1330
558808,686.5,195.525,636.42,204.75,1530,1582,1026,1647,1478,1327
558810,686.58,195.6,636.34,203.025,1531,1583,1026,1629,1478,1335
558812,686.82,195.975,637.06,202.425,1533,1587,1034,1624,1473,1335
558814,686.02,195.225,636.42,204,1526,1579,1027,1640,1476,1326
558816,686.34,195.375,636.34,203.325,1529,1580,1027,1633,1474,1329
558818,686.5,194.7,636.42,203.55,1531,1574,1027,1635,1479,1331
558820,685.86,195.675,637.22,203.925,1524,1583,1036,1639,1476,1333
558822,685.54,194.625,637.3,204.075,1522,1572,1036,1641,1476,1331
558824,685.78,194.85,635.78,203.025,1524,1574,1022,1629,1475,1332
558826,686.1,195.15,636.66,203.4,1527,1578,1030,1634,1478,1331
558828,685.54,194.85,637.22,203.025,1521,1574,1035,1629,1476,1330
558830,685.38,195.45,636.82,202.275,1520,1581,1032,1622,1477,1334
558832,685.78,195.75,636.9,203.625,1523,1584,1032,1636,1477,1328
558834,685.7,194.85,636.5,202.95,1523,1575,1028,1629,1477,1328
558836,685.54,195.075,636.98,203.25,1521,1577,1033,1632,1476,1335
558838,685.62,195.6,636.66,203.325,1521,1582,1030,1633,1476,1333
558840,685.7,194.1,638.26,204.6,1523,1567,1045,1647,1475,1328
558842,685.3,194.7,637.54,201.675,1519,1573,1039,1616,1475,1337
558844,686.18,194.625,637.14,204.3,1527,1572,1034,1643,1474,1331
558846,685.3,194.475,636.34,202.95,1519,1571,1026,1628,1478,1333
558848,686.1,194.325,637.46,203.325,1526,1570,1037,1634,1477,1332
558850,685.7,195.675,637.38,204.9,1521,1583,1035,1650,1476,1328
558852,684.98,196.725,635.78,207.15,1513,1594,1018,1673,1477,1329
558854,683.62,200.625,632.9,212.1,1498,1634,986,1723,1470,1326
558856,683.06,205.95,631.14,215.85,1489,1690,966,1762,1479,1325
558858,682.74,214.425,627.3,221.4,1482,1780,924,1818,1481,1328
558860,680.26,221.55,624.42,227.55,1454,1853,892,1882,1488,1333
558862,679.22,224.775,620.74,231.9,1442,1887,852,1926,1493,1341
558864,677.14,227.775,617.22,233.7,1419,1917,816,1942,1495,1343
558866,676.18,228.375,616.34,234.975,1409,1923,806,1955,1495,1345
558868,676.58,228.075,615.14,234.975,1413,1920,793,1955,1500,1350
558870,678.02,227.475,617.3,233.325,1427,1915,816,1939,1502,1350
558872,678.82,225,619.62,231.45,1436,1889,841,1920,1498,1349
558874,679.14,224.85,619.86,230.7,1440,1888,843,1912,1498,1350
558876,679.22,224.25,620.18,229.125,1441,1882,846,1896,1492,1350
558878,679.54,224.25,620.74,229.275,1443,1882,852,1898,1492,1343
558880,678.82,224.55,622.26,229.575,1435,1884,867,1902,1494,1344
558882,677.46,224.775,620.58,229.875,1422,1886,850,1905,1493,1343
558884,676.9,225.75,620.66,229.95,1416,1896,851,1905,1493,1342
558886,676.5,225.675,620.58,230.625,1412,1895,850,1912,1494,1342
558888,676.74,226.5,621.06,230.85,1414,1904,854,1915,1494,1347
558890,676.58,226.35,620.5,231.675,1412,1902,848,1924,1493,1344
558892,676.74,226.275,621.14,232.5,1414,1901,854,1932,1496,1345
558894,676.26,226.5,621.3,232.05,1409,1903,856,1927,1492,1348
558896,677.38,225.375,621.7,231.75,1420,1892,860,1925,1494,1347
558898,677.06,225.45,622.02,231.825,1417,1893,863,1926,1493,1345
558900,676.26,226.725,621.3,231.375,1408,1906,856,1920,1497,1349
558902,677.38,225.375,621.7,231.6,1420,1892,860,1923,1494,1351
558904,676.66,226.5,621.62,232.05,1412,1904,859,1928,1496,1347
558906,676.34,226.275,622.58,231.975,1409,1901,868,1928,1496,1343
558908,676.42,225.975,622.98,230.55,1410,1898,873,1913,1495,1344
558910,676.18,226.2,622.34,230.55,1408,1900,867,1912,1497,1347
558912,676.74,224.85,623.06,230.925,1414,1886,873,1916,1501,1346
558914,676.58,225.525,622.66,230.775,1412,1893,870,1914,1496,1344
558916,676.26,225.525,622.82,230.4,1408,1892,872,1911,1496,1352
558918,676.98,224.85,623.3,230.1,1416,1886,877,1908,1500,1345
558920,676.58,224.775,623.22,229.575,1413,1885,876,1902,1499,1347
558922,676.66,225,623.3,230.025,1413,1887,876,1907,1498,1350
558924,677.06,224.625,623.06,228.975,1417,1883,875,1895,1499,1346
558926,675.62,223.8,623.3,229.8,1403,1873,877,1904,1501,1347
558928,675.7,225.225,623.62,229.95,1403,1888,880,1906,1497,1347
558930,675.78,224.175,623.14,228.825,1405,1877,876,1893,1502,1350
558932,675.94,224.775,624.02,230.4,1406,1883,884,1910,1499,1349
558934,676.18,223.65,624.34,229.425,1409,1871,888,1900,1503,1348
558936,675.94,223.425,623.7,229.425,1407,1868,881,1899,1505,1346
558938,675.54,222.375,623.94,228.9,1404,1857,884,1894,1506,1354
558940,675.06,222.075,623.46,229.5,1398,1854,879,1900,1513,1351
558942,676.26,222.825,623.7,229.875,1411,1862,881,1904,1504,1351
558944,675.38,222.3,624.66,230.175,1402,1856,890,1907,1506,1348
558946,675.38,221.7,624.1,229.425,1402,1849,885,1899,1511,1350
558948,675.3,223.425,624.5,228.825,1400,1868,889,1893,1505,1349
558950,674.66,222.975,624.18,229.425,1394,1863,886,1899,1508,1350
558952,674.5,224.7,624.74,229.425,1392,1881,891,1899,1505,1351
558954,675.06,223.5,624.5,229.425,1398,1868,889,1899,1507,1352
558956,674.9,223.65,624.42,229.725,1396,1870,888,1902,1510,1354
558958,673.94,223.275,624.02,229.725,1387,1865,884,1901,1511,1355
558960,673.38,221.925,624.42,230.025,1382,1850,887,1905,1516,1354
558962,673.78,223.875,624.02,229.8,1385,1871,884,1902,1512,1353
558964,673.38,223.65,624.18,230.025,1380,1868,885,1905,1511,1355
558966,672.5,223.35,624.1,229.875,1372,1865,884,1904,1512,1350
558968,673.06,223.95,623.86,229.275,1377,1871,882,1897,1511,1357
558970,673.62,224.325,624.18,230.175,1382,1876,884,1906,1513,1356
558972,676.34,226.725,625.86,232.2,1407,1902,900,1929,1509,1357
558974,680.66,229.2,629.38,236.4,1449,1931,932,1976,1514,1357
558976,690.74,238.425,636.9,245.475,1545,2035,1002,2077,1521,1354
558978,703.22,250.5,644.66,260.775,1663,2171,1071,2245,1523,1359
558980,719.22,267.375,651.94,276.75,1814,2360,1135,2420,1523,1362
558982,736.34,284.775,663.14,296.1,1977,2556,1237,2634,1532,1362
558984,751.86,305.325,673.46,314.025,2121,2785,1331,2832,1540,1369
558986,767.14,319.275,682.26,328.8,2268,2943,1412,2996,1547,1366
558988,782.18,334.575,690.5,340.725,2411,3116,1488,3130,1541,1378
558990,792.02,347.025,698.1,356.25,2503,3256,1557,3302,1556,1381
558992,802.82,355.425,704.74,364.575,2608,3353,1619,3397,1560,1379
558994,812.26,365.85,708.98,372.15,2698,3470,1658,3481,1551,1385
558996,819.86,373.65,712.58,382.125,2770,3559,1689,3592,1554,1391
558998,823.7,381.45,715.22,390.45,2806,3646,1711,3684,1559,1381
559000,827.94,387.675,716.02,397.125,2845,3716,1715,3758,1564,1377
559002,828.98,392.925,718.98,403.2,2853,3773,1743,3826,1569,1383
559004,829.54,399.45,719.94,410.475,2856,3845,1748,3906,1566,1391
559006,828.74,405,719.7,414.375,2846,3905,1743,3948,1564,1392
559008,827.86,405.6,719.7,415.65,2836,3911,1742,3962,1564,1392
559010,825.78,404.25,721.46,414.675,2816,3895,1761,3953,1566,1397
559012,822.34,399.975,722.9,412.95,2783,3847,1776,3935,1562,1398
559014,820.98,399.3,725.14,410.55,2769,3839,1800,3910,1562,1397
559016,819.86,398.325,726.34,409.95,2758,3828,1812,3904,1558,1395
559018,819.86,398.7,727.22,410.7,2758,3832,1820,3913,1555,1399
559020,819.3,401.925,729.38,412.725,2751,3867,1841,3936,1554,1390
559022,819.94,405.45,730.66,414.975,2756,3906,1853,3962,1545,1396
559024,817.78,408,730.58,416.625,2733,3932,1851,3981,1547,1389
559026,817.22,410.025,731.7,418.8,2726,3955,1861,4005,1550,1395
559028,816.26,410.025,731.78,419.325,2717,3955,1861,4011,1550,1396
559030,816.26,410.475,732.26,418.575,2717,3960,1866,4003,1552,1397
559032,816.5,410.925,731.78,418.725,2718,3965,1861,4005,1551,1398
559034,816.02,411.15,733.3,418.8,2713,3967,1876,4007,1553,1396
559036,816.1,411.075,734.5,417.15,2713,3967,1889,3989,1557,1403
559038,815.54,409.95,733.54,415.8,2708,3954,1879,3974,1556,1397
559040,815.3,410.4,735.06,416.85,2706,3960,1894,3987,1559,1397
559042,815.14,408,736.02,415.35,2705,3934,1905,3971,1562,1401
559044,814.82,409.725,735.38,414.6,2701,3952,1898,3963,1559,1397
559046,814.9,410.25,735.7,415.575,2701,3958,1901,3974,1561,1402
559048,814.42,408.975,736.34,414.825,2697,3944,1908,3966,1562,1401
559050,814.66,409.875,737.7,413.7,2699,3954,1922,3955,1560,1402
559052,813.94,409.8,737.78,414.825,2692,3953,1923,3967,1563,1403
559054,813.22,407.1,739.3,413.775,2686,3923,1938,3957,1567,1406
559056,813.3,407.1,739.78,412.725,2686,3923,1943,3945,1566,1404
559058,812.82,407.25,740.34,412.575,2681,3924,1949,3944,1565,1405
559060,812.58,406.575,740.42,412.725,2679,3916,1950,3945,1568,1407
559062,811.86,405.225,740.82,412.05,2673,3902,1955,3938,1570,1405
559064,812.66,405.3,741.86,412.95,2681,3903,1964,3948,1572,1404
559066,812.66,404.475,742.18,411,2681,3893,1969,3927,1567,1407
559068,811.54,404.4,742.1,411.6,2670,3891,1967,3933,1569,1406
559070,811.94,404.25,743.06,409.575,2673,3890,1978,3911,1572,1409
559072,810.9,404.25,742.98,410.775,2664,3889,1977,3924,1572,1405
559074,810.5,403.5,742.82,410.7,2660,3880,1975,3923,1575,1408
559076,810.02,403.875,743.14,410.7,2655,3884,1979,3922,1574,1407
559078,809.78,404.025,744.1,410.175,2653,3885,1989,3916,1575,1411
559080,808.5,402.375,742.9,411.225,2641,3866,1977,3927,1579,1408
559082,808.9,403.125,743.94,410.325,2644,3873,1987,3917,1579,1412
559084,807.94,402.375,743.22,410.475,2636,3863,1980,3917,1582,1413
559086,808.26,402.075,744.5,410.025,2639,3861,1994,3914,1579,1415
559088,807.62,402.225,743.78,409.95,2632,3860,1986,3911,1581,1411
559090,808.02,402.825,743.78,411.375,2636,3867,1986,3927,1586,1411
559092,806.98,402.525,744.18,409.425,2626,3862,1991,3904,1582,1418
559094,806.98,402.45,745.06,410.55,2626,3862,1999,3916,1584,1417
559096,807.3,401.775,743.46,409.425,2630,3853,1983,3902,1587,1416
559098,806.98,402.45,744.1,409.8,2626,3860,1989,3907,1588,1419
559100,806.26,401.85,744.74,410.775,2619,3852,1996,3916,1586,1421
559102,806.02,401.1,744.74,409.5,2617,3844,1996,3902,1586,1414
559104,805.78,401.925,745.3,410.1,2614,3851,2002,3908,1589,1421
559106,806.02,401.4,744.42,409.425,2617,3846,1993,3900,1591,1423
559108,806.34,401.925,745.46,409.575,2620,3851,2004,3901,1591,1420
559110,805.38,401.7,745.94,409.65,2610,3848,2008,3903,1589,1424
559112,805.46,401.475,745.94,410.175,2612,3844,2009,3907,1591,1421
559114,804.74,402.15,745.54,410.25,2603,3851,2005,3907,1593,1423
559116,805.38,401.4,747.06,408.6,2611,3842,2021,3889,1592,1429
559118,805.94,401.475,746.18,408.525,2616,3843,2012,3887,1591,1425
559120,804.42,402.6,747.86,409.425,2600,3853,2028,3897,1593,1424
559122,804.5,401.775,748.26,407.7,2602,3845,2033,3879,1594,1431
559124,804.9,401.55,746.9,409.425,2606,3842,2018,3896,1594,1426
559126,804.26,400.5,747.38,408.375,2600,3829,2024,3885,1595,1427
559128,804.34,400.575,748.58,406.875,2601,3829,2037,3868,1594,1426
559130,804.34,400.65,748.34,408.225,2601,3831,2033,3883,1592,1426
559132,804.02,401.85,748.26,408.225,2597,3843,2033,3882,1598,1423
559134,804.02,401.475,748.74,405.825,2597,3838,2039,3856,1596,1431
559136,804.34,401.175,747.86,407.025,2600,3834,2030,3868,1594,1425
559138,803.94,401.1,748.5,407.55,2597,3834,2036,3874,1600,1423
559140,804.26,401.85,749.06,406.65,2600,3841,2043,3864,1597,1431
559142,803.94,401.55,749.62,407.55,2597,3838,2047,3874,1600,1428
559144,804.42,401.025,747.78,406.8,2602,3832,2029,3865,1602,1432
559146,803.14,401.7,749.7,406.725,2589,3839,2049,3865,1598,1431
559148,802.74,401.025,749.94,407.7,2585,3831,2051,3876,1598,1428
559150,802.42,400.875,748.82,406.5,2582,3829,2040,3862,1600,1433
559152,802.58,401.55,749.62,406.8,2584,3837,2049,3865,1604,1430
559154,803.38,401.175,749.54,407.25,2592,3833,2048,3870,1602,1431
559156,802.9,400.725,749.78,405.9,2587,3828,2051,3855,1602,1432
559158,803.3,401.7,749.94,406.575,2591,3839,2052,3863,1605,1437
559160,802.98,401.925,749.86,406.575,2588,3841,2051,3864,1604,1432
559162,803.78,401.175,749.86,406.5,2596,3834,2051,3862,1607,1434
559164,803.38,402,748.74,407.625,2592,3843,2040,3875,1606,1439
559166,801.86,401.625,749.14,408.3,2577,3838,2043,3883,1606,1436
559168,801.14,401.625,747.54,407.4,2570,3839,2028,3872,1605,1436
559170,797.3,400.875,744.18,407.25,2531,3828,1994,3869,1601,1443
559172,791.3,401.925,738.66,407.325,2472,3837,1938,3867,1599,1439
559174,784.66,403.275,729.54,409.575,2404,3848,1845,3887,1607,1440
559176,774.74,404.55,720.66,410.55,2304,3857,1756,3893,1606,1444
559178,764.74,405.6,710.42,410.475,2203,3863,1652,3887,1610,1445
559180,760.5,405.525,705.94,409.575,2160,3861,1607,3876,1615,1444
559182,755.78,405.525,700.82,409.35,2113,3859,1555,3870,1619,1448
559184,754.9,404.625,700.66,407.25,2104,3849,1554,3848,1616,1446
559186,755.62,402,700.26,406.05,2112,3821,1551,3834,1616,1447
559188,757.06,401.775,701.94,406.125,2128,3820,1568,3837,1616,1445
559190,759.22,403.95,702.66,407.025,2149,3845,1575,3847,1617,1450
559192,759.46,404.55,702.18,406.8,2150,3853,1570,3846,1618,1441
559194,759.06,405.45,702.34,407.25,2146,3862,1571,3851,1617,1447
559196,758.98,406.425,701.78,407.175,2145,3874,1567,3851,1614,1447
559198,758.58,405.675,701.22,406.575,2141,3866,1561,3844,1612,1449
559200,758.42,407.1,701.14,406.725,2140,3882,1560,3847,1620,1447
559202,758.58,406.575,700.66,406.65,2141,3876,1555,3845,1617,1446
559204,758.58,404.925,700.98,407.625,2142,3859,1558,3857,1616,1443
559206,758.18,404.325,701.3,405.45,2138,3853,1562,3834,1617,1443
559208,757.86,403.575,701.62,406.5,2135,3845,1565,3846,1615,1450
559210,757.38,405,701.62,406.575,2130,3860,1565,3847,1616,1445
559212,757.14,405.375,701.7,406.65,2127,3865,1567,3849,1622,1449
559214,756.02,404.625,701.78,407.175,2116,3856,1567,3854,1622,1448
559216,755.86,403.875,701.46,406.875,2115,3848,1564,3851,1621,1446
559218,755.46,404.625,702.58,406.275,2111,3856,1576,3846,1622,1449
559220,756.1,404.025,702.26,406.5,2118,3851,1572,3848,1626,1454
559222,755.38,404.4,702.1,406.725,2110,3854,1571,3850,1625,1453
559224,755.14,405.15,701.94,406.2,2108,3863,1569,3845,1623,1451
559226,754.98,404.775,702.26,406.125,2106,3859,1572,3844,1626,1455
559228,754.9,405,702.82,406.2,2105,3861,1578,3846,1625,1453
559230,755.38,405,702.74,405.75,2110,3862,1577,3841,1628,1454
559232,754.34,404.475,701.3,405.15,2100,3855,1563,3834,1624,1451
559234,754.58,404.4,701.94,405.075,2102,3855,1571,3833,1627,1456
559236,754.98,403.5,702.18,405.15,2107,3845,1573,3835,1628,1453
559238,754.5,402.6,701.94,405,2102,3836,1570,3833,1623,1459
559240,754.18,401.85,702.66,404.475,2100,3827,1578,3827,1628,1450
559242,753.86,402.525,702.42,403.05,2096,3834,1576,3812,1626,1454
559244,754.5,403.05,702.74,403.65,2102,3840,1579,3819,1625,1454
559246,754.26,402.375,702.74,403.35,2100,3833,1579,3816,1625,1455
559248,753.78,402.75,702.74,403.8,2095,3837,1579,3820,1627,1450
559250,754.74,401.175,702.74,403.875,2105,3820,1579,3821,1629,1455
559252,754.18,400.95,702.5,403.35,2100,3817,1576,3815,1625,1454
559254,753.94,400.5,702.98,402.15,2097,3811,1582,3802,1625,1454
559256,754.34,400.425,702.9,402.825,2102,3810,1581,3809,1628,1454
559258,753.06,400.95,702.74,402.825,2088,3816,1579,3808,1626,1451
559260,752.5,401.55,701.94,404.25,2082,3822,1570,3824,1626,1451
559262,751.94,400.35,702.5,403.05,2077,3808,1577,3810,1624,1452
559264,751.78,400.65,702.82,403.2,2076,3811,1579,3812,1623,1451
559266,751.94,400.875,702.26,403.125,2077,3814,1574,3811,1624,1457
559268,751.3,400.95,701.54,404.325,2070,3814,1566,3823,1626,1452
559270,751.62,400.725,702.66,402.675,2074,3811,1578,3806,1624,1451
559272,751.54,401.85,702.58,402.975,2072,3824,1576,3809,1623,1456
559274,751.46,400.5,702.18,403.575,2072,3809,1572,3815,1624,1454
559276,750.98,400.425,702.74,403.425,2066,3808,1578,3814,1625,1450
559278,750.66,400.8,701.86,403.05,2063,3812,1569,3809,1626,1454
559280,750.98,401.4,702.66,403.275,2066,3818,1577,3812,1626,1452
559282,750.9,400.35,702.5,403.425,2066,3806,1575,3813,1620,1456
559284,750.66,400.8,702.02,403.65,2063,3811,1570,3815,1623,1450
559286,750.42,399.9,702.58,403.575,2061,3801,1575,3815,1621,1456
559288,750.58,400.425,702.42,403.05,2062,3807,1574,3809,1624,1455
559290,751.06,400.8,704.26,401.55,2066,3811,1593,3794,1622,1455
559292,750.5,401.025,702.98,402.825,2060,3813,1579,3807,1622,1451
559294,750.34,399.975,703.14,402.825,2059,3802,1581,3807,1619,1452
559296,749.14,401.55,703.3,402.75,2046,3819,1582,3806,1619,1455
559298,746.34,402.9,701.38,403.5,2017,3832,1562,3814,1621,1451
559300,738.5,404.475,696.1,401.85,1937,3845,1509,3793,1625,1452
559302,725.62,405.75,684.82,399,1806,3852,1396,3756,1631,1444
559304,708.66,407.025,669.06,398.85,1634,3857,1236,3746,1627,1455
559306,685.78,404.25,648.5,394.875,1403,3814,1030,3691,1627,1452
559308,658.82,399.975,623.14,390,1131,3753,773,3624,1638,1455
559310,632.18,393.375,598.18,381.975,864,3666,523,3522,1653,1457
559312,603.94,387,570.9,374.475,579,3580,248,3425,1656,1468
559314,578.02,376.575,542.5,366.525,320,3452,-36,3322,1643,1463
559316,550.9,366.45,514.5,355.875,49,3327,-316,3190,1649,1460
559318,525.46,358.725,485.38,348.375,-206,3227,-610,3091,1635,1466
559320,497.94,350.1,458.02,338.4,-483,3118,-885,2966,1624,1450
559322,470.9,343.95,427.86,329.55,-756,3034,-1189,2852,1609,1448
559324,441.94,336.45,398.02,322.2,-1049,2936,-1492,2754,1590,1447
559326,413.38,329.1,367.7,316.575,-1338,2839,-1801,2675,1592,1436
559328,385.86,325.65,341.22,314.25,-1621,2785,-2074,2634,1579,1433
559330,358.82,321,312.18,311.25,-1897,2719,-2374,2584,1574,1424
559332,333.14,318.15,284.9,309.15,-2162,2672,-2657,2545,1560,1414
559334,308.82,318.225,259.38,307.875,-2416,2659,-2922,2515,1549,1415
559336,286.74,318.45,233.46,306,-2647,2648,-3192,2479,1547,1418
559338,265.86,319.575,210.42,304.65,-2867,2648,-3434,2450,1537,1419
559340,246.42,321.15,190.1,303.525,-3072,2654,-3646,2426,1532,1409
559342,230.82,320.1,170.18,303.825,-3235,2633,-3857,2417,1535,1403
559344,218.42,320.7,154.9,304.95,-3366,2632,-4019,2420,1530,1400
559346,207.94,317.925,142.5,301.575,-3474,2595,-4147,2376,1536,1401
559348,202.82,316.425,134.26,299.4,-3526,2576,-4231,2347,1537,1402
559350,200.26,313.425,131.62,296.85,-3550,2542,-4257,2317,1540,1403
559352,202.18,309.825,131.54,294.675,-3526,2504,-4256,2294,1548,1406
559354,203.7,309.825,133.38,292.2,-3510,2505,-4233,2268,1552,1410
559356,204.66,309.9,135.62,293.475,-3500,2506,-4211,2283,1556,1411
559358,205.7,311.175,137.46,293.625,-3490,2521,-4192,2286,1555,1410
559360,205.78,312.75,137.54,292.575,-3491,2538,-4189,2275,1554,1411
559362,204.58,314.175,136.98,293.475,-3505,2554,-4196,2284,1556,1417
559364,204.02,316.65,135.06,291.975,-3513,2580,-4215,2267,1550,1416
559366,203.14,316.575,133.94,292.95,-3522,2579,-4227,2277,1545,1413
559368,202.34,316.35,133.3,292.5,-3530,2576,-4234,2272,1543,1410
559370,202.58,315.525,132.66,292.275,-3526,2567,-4240,2269,1548,1407
559372,202.82,314.7,133.22,293.1,-3522,2559,-4234,2278,1547,1408
559374,203.3,312.975,134.18,291.825,-3516,2540,-4223,2265,1551,1406
559376,202.5,312.825,134.82,292.275,-3524,2538,-4217,2271,1552,1404
559378,202.74,312.075,135.06,292.425,-3521,2530,-4215,2272,1553,1406
559380,201.54,312.225,137.14,291.9,-3533,2531,-4191,2268,1549,1404
559382,201.94,310.575,137.38,291.525,-3527,2513,-4188,2264,1548,1405
559384,200.9,311.475,137.46,292.35,-3539,2522,-4187,2273,1546,1401
559386,200.42,310.8,137.62,290.55,-3543,2514,-4184,2253,1545,1398
559388,200.02,310.725,138.98,291.3,-3547,2513,-4170,2262,1540,1401
559390,200.18,311.25,138.26,290.4,-3546,2519,-4177,2252,1541,1405
559392,199.54,311.025,139.22,290.325,-3551,2516,-4166,2252,1542,1405
559394,199.38,311.25,140.26,289.725,-3554,2518,-4154,2246,1543,1405
559396,198.98,310.875,140.26,290.4,-3557,2514,-4155,2253,1538,1403
559398,198.34,309.75,139.54,288.675,-3563,2501,-4161,2233,1542,1406
559400,197.94,309.9,140.74,288.9,-3567,2502,-4148,2236,1541,1403
559402,197.06,310.425,140.98,287.4,-3576,2507,-4144,2220,1538,1405
559404,197.46,309.75,139.94,288.375,-3572,2500,-4156,2229,1538,1400
559406,197.54,308.85,140.5,287.475,-3569,2490,-4149,2220,1540,1405
559408,197.54,309.225,140.18,288.15,-3570,2494,-4153,2227,1538,1404
559410,196.66,308.925,140.58,287.85,-3579,2489,-4149,2224,1541,1404
559412,196.66,307.65,140.34,288,-3577,2475,-4151,2224,1543,1400
559414,196.18,308.4,140.42,286.8,-3583,2483,-4149,2211,1540,1407
559416,194.66,306.225,140.58,286.275,-3597,2457,-4146,2206,1544,1403
559418,194.82,307.35,140.5,286.875,-3596,2470,-4148,2211,1542,1401
559420,194.5,306.525,140.02,286.725,-3599,2460,-4153,2210,1542,1396
559422,193.86,306.075,140.98,286.725,-3605,2455,-4142,2210,1544,1396
559424,193.06,306.975,140.02,285.975,-3614,2464,-4152,2201,1545,1397
559426,193.3,306,140.42,285.3,-3611,2453,-4147,2194,1540,1402
559428,192.74,305.775,140.74,286.05,-3616,2450,-4144,2201,1542,1404
559430,191.78,304.8,140.18,284.775,-3626,2438,-4149,2187,1544,1401
559432,192.02,305.775,141.54,284.85,-3624,2449,-4135,2188,1541,1400
559434,192.34,304.725,141.38,285.6,-3620,2437,-4137,2196,1547,1403
559436,191.54,305.25,140.58,285.3,-3629,2442,-4146,2192,1543,1400
559438,191.62,304.575,140.66,284.4,-3628,2435,-4144,2182,1543,1403
559440,190.74,303.825,140.74,285.6,-3637,2426,-4145,2195,1548,1400
559442,190.98,304.8,140.82,285,-3635,2437,-4143,2189,1544,1403
559444,189.94,304.425,140.82,283.95,-3646,2431,-4142,2176,1549,1400
559446,190.02,303.825,141.94,284.775,-3645,2425,-4131,2186,1545,1403
559448,189.86,303.825,140.9,283.575,-3647,2424,-4142,2172,1549,1396
559450,190.1,303.225,141.06,284.025,-3644,2418,-4140,2177,1549,1403
559452,189.94,303.6,141.14,284.325,-3646,2422,-4140,2180,1548,1400
559454,189.78,303.45,142.02,284.025,-3647,2420,-4131,2177,1548,1399
559456,189.7,303.825,141.06,284.175,-3649,2423,-4141,2178,1546,1401
559458,189.62,303.825,140.9,282.825,-3650,2424,-4141,2163,1550,1400
559460,189.22,303.6,142.1,282.15,-3654,2421,-4129,2157,1549,1400
559462,189.3,303.825,140.9,283.5,-3654,2423,-4143,2170,1550,1404
559464,188.58,303.225,141.78,282.225,-3662,2416,-4133,2157,1545,1404
559466,189.14,303,141.3,282.15,-3656,2414,-4138,2156,1547,1398
559468,188.9,303.075,140.98,283.05,-3659,2414,-4143,2165,1550,1405
559470,188.66,301.95,140.58,282.675,-3660,2402,-4147,2161,1550,1397
559472,188.18,303.45,141.3,282.9,-3667,2418,-4140,2164,1551,1403
559474,187.78,301.8,140.74,282.3,-3670,2400,-4146,2157,1549,1403
559476,188.02,301.725,141.38,282.375,-3668,2399,-4140,2158,1550,1400
559478,187.54,301.5,141.54,282.15,-3673,2396,-4138,2156,1547,1397
559480,188.18,301.95,141.54,282.15,-3668,2401,-4139,2156,1551,1400
559482,188.26,301.05,140.98,282.45,-3666,2392,-4145,2159,1548,1398
559484,187.54,301.05,141.38,282.45,-3674,2391,-4141,2159,1545,1398
559486,187.22,301.2,140.58,281.25,-3678,2393,-4149,2146,1547,1398
559488,187.3,301.05,141.22,282,-3677,2391,-4144,2154,1551,1403
559490,186.82,301.575,140.1,282.45,-3683,2396,-4156,2158,1546,1399
559492,186.66,300.3,140.66,281.4,-3684,2383,-4150,2147,1546,1403
559494,187.06,301.2,140.74,281.175,-3681,2393,-4148,2145,1552,1402
559496,185.94,300.6,141.14,281.1,-3693,2385,-4144,2144,1550,1403
559498,186.26,301.2,141.14,281.55,-3690,2392,-4145,2149,1548,1403
559500,186.98,300.225,140.58,280.725,-3682,2382,-4151,2140,1549,1405
559502,186.26,300.45,141.38,281.025,-3690,2385,-4143,2144,1554,1405
559504,186.34,300,141.46,281.325,-3689,2379,-4143,2147,1547,1402
559506,186.5,299.625,140.66,280.125,-3687,2376,-4150,2134,1551,1404
559508,186.42,300.075,140.18,281.7,-3689,2380,-4157,2150,1552,1405
559510,186.02,300,140.02,280.425,-3693,2380,-4157,2136,1552,1403
559512,185.94,300.15,140.58,280.125,-3695,2381,-4152,2134,1552,1405
559514,185.94,299.55,140.74,280.275,-3694,2374,-4150,2135,1550,1401
559516,185.86,299.85,141.62,280.275,-3695,2377,-4141,2135,1551,1404
559518,185.7,299.7,140.9,279.15,-3697,2376,-4147,2122,1551,1404
559520,186.26,300.3,141.14,280.35,-3691,2382,-4146,2136,1552,1400
559522,186.42,300,141.38,280.35,-3690,2380,-4144,2136,1551,1408
559524,185.7,299.175,141.54,280.275,-3696,2370,-4142,2136,1554,1402
559526,187.14,299.25,140.9,279.9,-3681,2372,-4148,2131,1550,1403
559528,186.98,299.925,141.54,279.3,-3683,2378,-4141,2124,1551,1403
559530,186.58,299.7,141.22,279.525,-3687,2376,-4144,2127,1550,1409
559532,186.42,299.025,141.86,279,-3688,2368,-4137,2122,1554,1399
559534,186.9,299.1,141.22,278.7,-3683,2370,-4143,2118,1554,1405
559536,186.66,299.25,142.26,279.675,-3686,2371,-4132,2129,1553,1406
559538,186.82,298.875,142.1,278.775,-3684,2367,-4134,2119,1553,1403
559540,186.9,298.5,141.94,279.6,-3681,2363,-4136,2128,1559,1404
559542,186.42,298.5,142.58,279.225,-3686,2362,-4128,2124,1555,1403
559544,186.9,298.725,142.5,279.75,-3681,2366,-4130,2131,1553,1405
559546,187.22,298.8,141.86,280.125,-3678,2367,-4136,2134,1559,1406
559548,187.62,298.875,141.86,279.3,-3674,2368,-4136,2125,1559,1413
559550,187.62,298.575,141.62,279.525,-3673,2365,-4138,2128,1556,1411
559552,187.94,299.7,141.86,280.05,-3671,2377,-4136,2133,1557,1404
559554,187.38,298.725,142.26,280.125,-3676,2366,-4132,2135,1558,1408
559556,187.22,298.2,142.9,280.425,-3676,2361,-4124,2139,1558,1405
559558,186.34,298.725,142.66,280.05,-3686,2365,-4127,2134,1562,1408
559560,187.38,300.15,142.26,279.75,-3676,2382,-4129,2131,1559,1410
559562,186.9,298.875,141.78,279.975,-3679,2368,-4135,2133,1561,1404
559564,186.42,299.775,142.1,280.35,-3684,2378,-4131,2138,1562,1406
559566,186.66,299.1,142.34,279.15,-3681,2371,-4127,2125,1563,1403
559568,185.78,298.875,142.74,279.45,-3689,2368,-4123,2128,1558,1406
559570,186.26,299.25,142.26,279.6,-3685,2373,-4128,2130,1560,1409
559572,186.9,299.1,141.62,279.375,-3677,2372,-4134,2128,1563,1411
559574,186.34,298.95,141.7,279.825,-3683,2370,-4134,2132,1564,1406
559576,185.7,298.8,142.26,279.675,-3689,2368,-4128,2131,1561,1405
559578,186.34,298.575,141.62,279.6,-3682,2366,-4134,2130,1565,1401
559580,184.82,298.05,141.7,279.825,-3697,2359,-4133,2133,1563,1405
559582,185.86,298.5,142.02,280.125,-3687,2365,-4130,2136,1563,1412
559584,186.42,298.2,142.02,279.975,-3680,2363,-4129,2134,1566,1410
559586,185.54,298.5,141.86,280.05,-3690,2365,-4131,2136,1563,1405
559588,186.02,298.425,141.06,279.525,-3684,2365,-4138,2129,1565,1407
559590,185.94,297.825,141.22,279.75,-3685,2358,-4137,2132,1563,1410
559592,186.18,297.975,141.7,279.45,-3681,2360,-4131,2129,1564,1409
559594,185.62,297.825,141.94,279.075,-3688,2358,-4128,2125,1564,1414
559596,185.78,297.3,141.14,280.125,-3685,2353,-4137,2136,1568,1412
559598,186.34,298.05,141.22,279.675,-3680,2361,-4136,2131,1566,1411
559600,184.98,296.925,141.3,279.525,-3693,2347,-4135,2130,1562,1413
559602,185.62,298.05,141.62,279.45,-3687,2360,-4131,2130,1565,1412
559604,186.1,297.6,141.38,279,-3682,2356,-4133,2124,1568,1412
559606,185.46,297.75,141.54,279.375,-3689,2357,-4132,2129,1566,1412
559608,185.78,297.075,140.82,277.65,-3684,2350,-4138,2109,1566,1415
559610,185.86,297.75,140.34,277.65,-3684,2358,-4143,2109,1568,1411
559612,186.34,297.6,140.66,279.525,-3679,2356,-4142,2129,1570,1411
559614,186.82,296.55,141.7,277.8,-3673,2344,-4129,2111,1569,1410
559616,188.26,295.35,141.86,275.55,-3656,2332,-4124,2087,1563,1403
559618,190.66,290.1,144.26,272.25,-3626,2276,-4096,2052,1564,1406
559620,192.74,278.625,146.5,260.625,-3591,2152,-4060,1927,1562,1424
559622,196.98,267.6,150.5,252.375,-3536,2034,-4009,1839,1562,1414
559624,201.06,259.275,152.66,242.4,-3485,1947,-3975,1732,1563,1412
559626,206.42,248.7,154.82,233.925,-3418,1835,-3943,1641,1546,1411
559628,210.66,240.525,156.02,224.625,-3366,1749,-3921,1542,1539,1416
559630,214.26,234.15,156.66,217.2,-3322,1683,-3906,1461,1539,1406
559632,216.58,230.025,157.06,210.675,-3294,1639,-3895,1392,1529,1401
559634,218.98,223.275,156.66,204.975,-3262,1568,-3894,1330,1521,1394
559636,220.02,220.65,155.7,203.1,-3249,1541,-3902,1309,1520,1396
559638,221.62,217.35,154.26,200.475,-3229,1506,-3915,1280,1519,1392
559640,222.58,217.8,153.06,200.775,-3220,1511,-3928,1282,1519,1383
559642,223.54,217.95,152.66,201.075,-3210,1514,-3933,1285,1520,1388
559644,224.26,219.225,152.5,202.05,-3205,1528,-3936,1295,1516,1388
559646,225.06,219.525,152.1,202.35,-3196,1532,-3940,1299,1520,1387
559648,225.06,219.525,152.18,202.5,-3197,1532,-3940,1300,1524,1388
559650,223.94,220.05,153.3,203.775,-3209,1536,-3930,1314,1528,1391
559652,224.18,219.525,153.86,202.725,-3207,1531,-3923,1304,1532,1390
559654,222.18,218.325,153.22,202.95,-3227,1517,-3930,1305,1530,1393
559656,220.9,218.55,154.02,200.475,-3241,1518,-3920,1280,1533,1393
559658,220.74,217.875,154.74,200.625,-3242,1511,-3913,1281,1531,1393
559660,220.34,218.25,154.66,201.075,-3247,1515,-3915,1286,1531,1391
559662,220.02,218.85,155.7,200.625,-3251,1521,-3904,1282,1532,1396
559664,219.86,218.325,156.26,201.3,-3253,1515,-3899,1290,1530,1389
559666,219.86,217.95,156.82,201.15,-3253,1512,-3893,1288,1532,1393
559668,218.66,218.325,156.26,201.75,-3266,1515,-3901,1295,1528,1392
559670,218.26,217.95,156.74,201.375,-3269,1511,-3895,1291,1527,1395
559672,218.26,216.675,156.9,201,-3269,1497,-3894,1288,1527,1390
559674,218.18,217.35,156.74,200.1,-3271,1505,-3895,1278,1529,1390
559676,218.5,217.2,157.94,199.875,-3268,1503,-3882,1277,1525,1391
559678,219.54,216.15,157.06,198.675,-3256,1492,-3890,1263,1529,1393
559680,218.74,216.15,157.78,199.8,-3264,1492,-3884,1276,1526,1390
559682,218.74,216.15,156.74,199.35,-3264,1492,-3894,1270,1531,1390
559684,218.1,214.875,157.46,197.775,-3271,1478,-3885,1254,1528,1393
559686,218.74,214.2,157.86,197.25,-3263,1471,-3881,1249,1529,1390
559688,217.3,213.15,158.42,197.625,-3277,1459,-3876,1253,1529,1391
559690,216.9,213.375,158.9,197.85,-3282,1462,-3871,1256,1529,1392
559692,217.38,212.925,158.02,199.275,-3277,1457,-3882,1271,1528,1389
559694,217.38,213.075,158.98,198.225,-3277,1458,-3871,1260,1529,1392
559696,216.98,212.4,158.5,197.7,-3281,1451,-3876,1254,1530,1395
559698,216.66,212.175,158.34,197.7,-3284,1448,-3878,1254,1529,1392
559700,216.18,211.95,158.34,197.1,-3288,1446,-3876,1247,1529,1392
559702,216.74,212.325,158.74,198.525,-3283,1450,-3874,1263,1533,1389
559704,216.5,213.675,158.58,198.375,-3286,1465,-3875,1261,1533,1392
559706,215.78,212.25,159.54,198.75,-3293,1449,-3866,1266,1533,1391
559708,215.7,212.85,158.9,198.375,-3294,1455,-3872,1261,1535,1394
559710,215.62,212.775,159.14,197.775,-3295,1454,-3869,1255,1535,1395
559712,215.62,212.85,159.62,198.675,-3294,1455,-3865,1265,1535,1391
559714,215.38,212.775,159.38,198.225,-3297,1454,-3867,1260,1533,1392
559716,216.34,212.85,159.46,198.075,-3287,1456,-3866,1259,1536,1391
559718,215.7,212.85,159.86,197.85,-3294,1455,-3861,1257,1535,1393
559720,215.54,213.675,160.34,199.05,-3296,1464,-3858,1270,1535,1393
559722,215.3,212.85,160.26,198.525,-3298,1455,-3858,1264,1539,1393
559724,215.38,212.625,160.18,198.9,-3297,1453,-3859,1268,1536,1395
559726,215.3,213.075,161.3,198.525,-3298,1458,-3847,1265,1535,1394
559728,215.06,213.3,160.98,198.9,-3301,1460,-3850,1269,1536,1395
559730,215.62,212.7,160.74,198.45,-3294,1454,-3853,1264,1535,1399
559732,215.22,213.075,161.06,198.45,-3299,1458,-3849,1264,1535,1395
559734,216.1,213.375,161.54,198.225,-3290,1462,-3843,1262,1539,1394
559736,215.3,212.625,161.06,198.675,-3297,1454,-3849,1267,1536,1399
559738,215.14,212.25,161.38,198.3,-3298,1449,-3845,1263,1539,1395
559740,215.86,213.15,161.54,198.15,-3292,1460,-3843,1262,1538,1393
559742,215.3,211.95,161.3,197.85,-3296,1446,-3845,1259,1540,1395
559744,215.06,212.85,162.1,198.675,-3299,1456,-3838,1268,1535,1400
559746,215.94,212.55,162.82,197.4,-3290,1454,-3829,1255,1537,1397
559748,215.38,212.25,162.02,198,-3295,1450,-3837,1261,1537,1396
559750,214.34,212.85,163.06,197.55,-3306,1456,-3826,1257,1540,1391
559752,214.74,211.875,162.5,198.15,-3301,1446,-3833,1263,1538,1395
559754,214.66,212.025,162.1,198.075,-3302,1447,-3836,1262,1541,1393
559756,214.74,212.325,161.94,198.225,-3301,1451,-3838,1264,1538,1393
559758,214.42,212.025,162.82,198,-3304,1447,-3829,1262,1540,1397
559760,214.82,211.65,161.86,197.55,-3300,1443,-3838,1256,1542,1396
559762,213.78,211.575,162.26,196.875,-3310,1442,-3833,1249,1543,1397
559764,213.78,211.2,162.66,197.325,-3310,1437,-3829,1254,1540,1398
559766,214.5,210.15,162.1,198.075,-3301,1427,-3835,1261,1544,1395
559768,213.94,210.525,162.42,197.4,-3307,1429,-3831,1254,1544,1400
559770,213.86,209.475,162.34,197.7,-3307,1418,-3832,1257,1543,1400
559772,214.5,209.55,162.1,196.875,-3300,1418,-3834,1247,1542,1395
559774,213.62,209.4,162.42,196.425,-3309,1416,-3830,1243,1544,1398
559776,213.54,209.4,161.46,195.6,-3310,1415,-3839,1232,1544,1401
559778,212.26,209.25,163.14,196.35,-3322,1413,-3822,1241,1546,1398
559780,212.42,208.95,162.34,196.35,-3321,1409,-3831,1240,1543,1398
559782,213.06,208.275,162.1,196.8,-3313,1402,-3833,1244,1543,1401
559784,213.06,208.2,161.86,196.2,-3313,1400,-3835,1237,1547,1399
559786,212.58,208.125,162.66,195.525,-3318,1399,-3826,1230,1545,1402
559788,213.22,207.525,161.78,195,-3310,1392,-3834,1222,1542,1403
559790,212.18,207.375,162.74,195.75,-3321,1390,-3825,1232,1546,1399
559792,212.1,207.15,162.34,194.325,-3322,1386,-3827,1214,1547,1402
559794,212.58,208.05,162.66,194.85,-3317,1395,-3825,1220,1541,1404
559796,212.1,207.525,162.58,195.75,-3321,1388,-3826,1228,1546,1400
559798,211.86,207.075,161.3,194.55,-3323,1383,-3838,1215,1546,1402
559800,211.46,206.4,161.94,192.3,-3327,1374,-3829,1189,1545,1408
559802,211.78,207.375,162.42,194.325,-3324,1385,-3827,1212,1548,1405
559804,211.38,206.1,162.18,193.95,-3328,1370,-3828,1206,1550,1399
559806,212.18,207.075,162.82,192.675,-3320,1381,-3821,1193,1548,1406
559808,211.54,207.45,162.42,191.85,-3327,1383,-3824,1183,1549,1411
559810,211.06,206.55,163.14,194.1,-3331,1373,-3818,1207,1548,1403
559812,211.78,207.075,163.22,194.175,-3324,1378,-3818,1207,1549,1403
559814,212.34,207.825,162.9,193.875,-3319,1386,-3821,1203,1550,1405
559816,211.7,207.6,162.26,194.1,-3326,1383,-3828,1204,1550,1408
559818,212.1,207.75,163.38,194.7,-3322,1385,-3817,1212,1549,1407
559820,211.46,207.9,163.3,192.15,-3329,1385,-3815,1184,1549,1413
559822,211.54,207.975,162.98,193.8,-3328,1386,-3820,1201,1549,1410
559824,211.94,207.825,163.06,195.375,-3324,1384,-3821,1217,1548,1404
559826,211.46,207.675,162.82,193.8,-3328,1382,-3822,1200,1551,1412
559828,211.3,207.6,162.9,195.075,-3331,1381,-3822,1214,1549,1410
559830,210.98,207.75,162.74,196.5,-3334,1383,-3826,1229,1554,1409
559832,212.1,208.8,162.98,194.475,-3323,1395,-3821,1208,1553,1410
559834,210.9,209.175,163.14,196.5,-3336,1397,-3821,1229,1553,1413
559836,210.66,207.75,163.46,195.9,-3338,1382,-3818,1224,1555,1409
559838,210.82,209.175,163.06,195.225,-3337,1398,-3821,1215,1557,1412
559840,210.82,209.1,162.58,197.025,-3337,1397,-3828,1235,1553,1411
559842,211.46,208.575,162.66,195.375,-3330,1392,-3826,1218,1555,1412
559844,211.38,208.725,162.18,196.725,-3332,1395,-3832,1232,1556,1409
559846,211.06,209.1,162.34,197.7,-3335,1398,-3832,1243,1557,1412
559848,210.26,208.35,162.02,197.1,-3343,1391,-3834,1237,1559,1413
559850,209.78,208.875,161.94,197.175,-3348,1396,-3835,1238,1558,1409
559852,210.74,209.775,161.94,196.5,-3339,1407,-3835,1232,1555,1410
559854,210.9,208.725,162.26,197.775,-3337,1396,-3833,1245,1556,1404
559856,211.3,209.625,163.06,197.55,-3334,1407,-3825,1244,1560,1408
559858,210.9,209.85,162.74,196.65,-3338,1409,-3827,1235,1558,1410
559860,209.62,208.875,162.1,198.15,-3350,1399,-3835,1252,1558,1406
559862,210.58,209.175,163.22,197.85,-3341,1402,-3824,1249,1562,1409
559864,210.1,210,163.38,196.725,-3346,1412,-3820,1239,1561,1410
559866,210.66,208.875,162.74,196.65,-3339,1401,-3827,1237,1561,1413
559868,210.5,209.4,163.38,196.65,-3342,1408,-3820,1239,1564,1410
559870,210.82,209.7,163.14,196.725,-3338,1411,-3822,1240,1565,1412
559872,211.22,209.175,162.42,197.025,-3334,1408,-3830,1244,1562,1412
559874,210.34,209.475,162.9,196.2,-3343,1409,-3824,1235,1569,1408
559876,210.98,209.4,162.82,196.125,-3336,1411,-3825,1236,1563,1408
559878,211.38,209.325,163.78,194.55,-3332,1410,-3813,1219,1559,1422
559880,210.18,208.125,163.38,195.825,-3343,1398,-3818,1234,1565,1415
559882,210.42,209.025,163.78,196.275,-3341,1408,-3815,1239,1568,1416
559884,210.34,209.025,162.9,194.925,-3342,1408,-3822,1226,1565,1420
559886,210.5,208.575,164.34,195.9,-3340,1404,-3809,1237,1568,1417
559888,210.1,208.8,162.82,194.7,-3344,1407,-3823,1224,1568,1419
559890,210.5,208.875,164.02,196.05,-3340,1409,-3811,1239,1564,1418
559892,210.74,209.025,163.54,195.075,-3337,1411,-3815,1230,1564,1420
559894,210.18,209.325,163.94,197.175,-3343,1414,-3813,1252,1568,1417
559896,209.7,208.65,164.26,195.9,-3347,1407,-3808,1240,1566,1420
559898,209.14,208.425,164.58,196.05,-3352,1404,-3805,1242,1573,1417
559900,210.02,208.725,164.98,195,-3343,1409,-3799,1231,1569,1422
559902,209.7,208.95,164.42,193.5,-3347,1411,-3803,1215,1569,1429
559904,210.1,208.425,164.42,196.725,-3341,1406,-3805,1251,1567,1423
559906,209.86,209.4,163.46,193.8,-3345,1417,-3812,1218,1567,1424
559908,209.94,208.275,164.66,196.05,-3342,1405,-3802,1244,1571,1421
559910,209.7,208.05,164.9,194.325,-3344,1403,-3797,1225,1567,1428
559912,209.38,208.425,164.42,194.7,-3347,1407,-3802,1230,1571,1426
559914,209.46,207.825,164.9,195.375,-3345,1401,-3797,1237,1574,1421
559916,208.9,208.575,164.9,195,-3351,1409,-3797,1233,1573,1425
559918,209.38,207.9,164.74,192.675,-3346,1402,-3795,1208,1572,1429
559920,209.7,207.525,165.38,194.775,-3341,1398,-3790,1231,1571,1420
559922,209.86,207.525,165.22,193.5,-3340,1398,-3791,1218,1569,1430
559924,209.62,207.45,164.26,191.775,-3341,1398,-3798,1199,1571,1428
559926,209.3,207,165.54,192.9,-3344,1393,-3786,1211,1572,1426
559928,210.18,206.625,165.22,190.35,-3334,1390,-3785,1185,1571,1438
559930,210.42,206.175,165.62,189.525,-3331,1385,-3781,1176,1573,1437
559932,209.46,206.4,165.38,191.4,-3340,1386,-3784,1196,1572,1428
559934,209.14,206.475,165.46,189.75,-3344,1387,-3782,1178,1574,1437
559936,209.94,205.875,165.46,190.275,-3334,1381,-3781,1184,1573,1433
559938,209.54,205.275,165.38,191.4,-3338,1374,-3783,1196,1577,1429
559940,209.86,205.125,164.58,188.175,-3334,1372,-3787,1160,1570,1436
559942,210.02,205.05,165.78,189.9,-3331,1372,-3777,1180,1572,1436
559944,209.38,204.825,165.14,189.975,-3337,1369,-3783,1180,1577,1431
559946,209.54,204.9,165.22,190.8,-3336,1370,-3783,1189,1574,1433
559948,209.3,204.675,165.3,189.825,-3337,1367,-3780,1178,1577,1434
559950,208.9,205.2,165.78,188.7,-3342,1373,-3774,1166,1576,1436
559952,208.66,205.275,165.3,190.725,-3344,1373,-3781,1188,1576,1435
559954,208.82,204.375,165.54,189.6,-3341,1363,-3777,1176,1581,1435
559956,208.02,204.975,165.62,191.625,-3350,1370,-3778,1198,1577,1434
559958,208.34,205.125,165.86,191.1,-3347,1371,-3775,1192,1579,1436
559960,208.58,205.35,165.54,192.525,-3344,1374,-3780,1207,1576,1434
559962,208.34,205.275,165.06,191.4,-3347,1373,-3783,1194,1577,1443
559964,208.58,205.95,164.98,190.8,-3344,1380,-3783,1188,1576,1434
559966,208.66,205.8,165.7,189.15,-3344,1379,-3774,1171,1578,1442
559968,207.78,204.6,165.38,190.65,-3351,1366,-3779,1187,1579,1443
559970,208.02,205.35,166.18,190.275,-3349,1374,-3770,1184,1580,1439
559972,207.38,205.125,164.74,190.875,-3356,1371,-3785,1189,1578,1437
559974,208.1,205.95,164.82,190.8,-3349,1380,-3785,1188,1581,1441
559976,208.26,205.05,165.3,189.525,-3346,1371,-3778,1175,1581,1441
559978,207.62,206.325,164.74,189.9,-3354,1384,-3784,1179,1579,1439
559980,207.46,205.275,165.3,191.25,-3354,1372,-3779,1194,1585,1439
559982,207.62,204.75,165.78,189.375,-3353,1368,-3773,1174,1582,1441
559984,207.38,205.8,166.5,189.675,-3356,1379,-3766,1178,1582,1443
559986,208.02,205.8,165.46,189,-3350,1379,-3775,1170,1582,1448
559988,206.98,205.8,166.74,190.125,-3360,1379,-3763,1184,1583,1440
559990,208.02,206.4,166.42,190.8,-3350,1386,-3767,1190,1582,1442
559992,208.1,205.425,165.86,189.6,-3348,1376,-3772,1178,1582,1448
559994,207.06,204.15,166.66,188.55,-3357,1362,-3762,1167,1587,1441
559996,207.46,205.275,166.58,187.875,-3354,1375,-3762,1160,1582,1447
559998,207.7,204.3,165.54,189.45,-3351,1364,-3775,1177,1588,1446
560000,207.86,205.2,166.82,189.375,-3351,1374,-3761,1177,1584,1445
560002,207.7,204.825,166.1,188.85,-3352,1370,-3768,1171,1587,1452
560004,207.78,205.5,166.58,189.15,-3352,1378,-3764,1175,1584,1438
560006,208.1,204.15,165.78,189.375,-3347,1363,-3773,1176,1586,1447
560008,207.3,204.975,166.02,188.475,-3356,1373,-3769,1167,1586,1449
560010,207.14,204.525,166.02,190.125,-3357,1368,-3771,1185,1587,1445
560012,207.7,204.75,166.5,188.475,-3352,1371,-3764,1168,1585,1449
560014,207.86,204.075,166.18,190.05,-3349,1363,-3769,1185,1588,1449
560016,207.14,205.95,166.26,189.225,-3359,1383,-3768,1177,1590,1447
560018,207.86,202.8,166.18,189,-3348,1350,-3768,1174,1592,1452
560020,207.54,205.05,166.1,188.4,-3354,1375,-3769,1168,1586,1453
560022,207.3,203.925,166.58,190.425,-3356,1363,-3766,1190,1591,1448
560024,206.82,203.55,165.38,187.5,-3361,1358,-3776,1158,1592,1454
560026,207.22,203.775,166.1,189.15,-3356,1361,-3770,1176,1592,1451
560028,207.14,205.125,166.5,189,-3360,1376,-3767,1176,1587,1448
560030,206.5,203.925,166.1,188.7,-3365,1362,-3771,1172,1592,1451
560032,206.1,205.725,166.42,189.6,-3371,1382,-3769,1182,1592,1450
560034,206.02,204,165.46,190.575,-3370,1363,-3780,1192,1594,1443
560036,206.5,204,166.02,188.7,-3366,1364,-3772,1172,1591,1454
560038,205.86,202.875,166.02,188.775,-3371,1351,-3773,1173,1600,1455
560040,205.54,203.25,166.34,189.075,-3376,1355,-3770,1177,1596,1451
560042,205.94,202.2,165.7,188.85,-3371,1344,-3776,1174,1597,1458
560044,206.18,203.475,166.5,188.775,-3370,1358,-3769,1174,1597,1449
560046,205.62,203.7,166.02,188.325,-3376,1360,-3774,1169,1599,1455
560048,205.94,202.725,167.3,189.45,-3373,1349,-3762,1181,1598,1450
560050,205.86,202.2,168.42,188.25,-3373,1344,-3749,1169,1603,1456
560052,209.54,202.95,170.74,188.775,-3336,1354,-3725,1176,1595,1455
560054,214.58,202.2,176.98,191.4,-3283,1349,-3663,1208,1608,1451
560056,224.5,205.125,187.86,196.95,-3183,1387,-3557,1275,1608,1455
560058,237.94,209.85,202.58,203.7,-3048,1447,-3410,1357,1607,1465
560060,257.46,217.275,222.98,209.625,-2854,1539,-3204,1434,1610,1468
560062,280.1,221.325,245.46,215.25,-2623,1597,-2976,1509,1623,1477
560064,303.94,226.95,269.06,220.95,-2382,1673,-2737,1586,1642,1487
560066,331.86,232.725,293.62,224.325,-2099,1753,-2486,1638,1656,1497
560068,358.74,237.45,320.58,226.275,-1826,1820,-2210,1676,1663,1504
560070,386.42,241.725,346.5,227.625,-1545,1884,-1944,1707,1674,1504
560072,413.78,245.1,371.94,227.85,-1268,1937,-1683,1725,1679,1501
560074,441.54,246.975,397.46,232.575,-985,1975,-1425,1792,1685,1502
560076,468.74,249.225,422.66,233.475,-709,2016,-1168,1817,1682,1492
560078,495.38,250.125,447.94,235.5,-439,2042,-911,1856,1683,1488
560080,522.9,255.225,473.62,237.375,-163,2113,-651,1891,1685,1488
560082,548.1,259.425,494.66,241.35,90,2174,-440,1947,1683,1488
560084,569.54,263.7,514.18,247.425,303,2232,-247,2023,1685,1488
560086,589.94,265.35,530.74,248.7,508,2263,-79,2048,1688,1487
560088,607.46,266.1,543.54,253.275,684,2280,46,2104,1682,1490
560090,621.78,266.775,553.22,255.15,828,2296,143,2129,1691,1484
560092,631.78,266.85,559.3,256.425,929,2303,203,2146,1685,1488
560094,638.26,265.725,562.02,255.75,994,2294,232,2141,1695,1489
560096,641.46,264.525,564.5,256.425,1027,2283,256,2149,1692,1495
560098,641.7,263.85,564.98,256.65,1030,2276,260,2151,1694,1494
560100,640.82,263.475,564.5,255.975,1021,2271,255,2144,1693,1498
560102,638.26,261.525,564.26,255.3,996,2249,254,2137,1695,1506
560104,637.46,262.35,565.7,255.525,987,2257,268,2139,1690,1499
560106,638.1,261.9,565.78,255.675,994,2252,268,2141,1691,1498
560108,639.3,262.35,568.18,256.65,1005,2257,292,2153,1689,1500
560110,640.26,262.125,569.06,257.925,1015,2255,300,2166,1684,1497
560112,641.46,263.475,570.26,258.675,1027,2270,312,2174,1687,1495
560114,640.58,264.9,570.58,259.125,1017,2285,315,2180,1690,1499
560116,641.3,265.65,570.82,258.975,1023,2293,317,2178,1690,1502
560118,640.98,266.175,570.74,258.075,1020,2299,317,2169,1694,1500
560120,640.9,265.725,569.06,258.675,1019,2293,299,2173,1694,1498
560122,640.1,264.9,570.1,258.6,1012,2284,310,2174,1690,1501
560124,640.74,265.05,569.7,258,1018,2287,306,2167,1693,1499
560126,640.1,264.75,571.3,257.325,1012,2283,323,2161,1697,1500
560128,639.14,265.05,570.9,258.375,1002,2285,318,2172,1698,1499
560130,639.22,264,571.38,257.775,1004,2275,323,2166,1699,1506
560132,639.14,264.525,571.7,258,1002,2280,327,2169,1698,1503
560134,638.98,263.625,570.74,256.65,1002,2270,318,2154,1700,1498
560136,639.06,263.325,571.46,257.85,1002,2267,324,2167,1695,1499
560138,638.18,262.05,573.14,256.275,995,2253,342,2152,1701,1506
560140,638.58,261.45,573.46,256.575,999,2247,345,2154,1697,1505
560142,639.06,261.3,573.46,256.275,1003,2246,346,2151,1699,1508
560144,638.18,261.45,573.94,256.35,995,2247,350,2153,1699,1507
560146,638.74,261.525,573.7,254.7,1001,2248,350,2135,1702,1510
560148,638.18,260.775,574.18,255.975,996,2239,354,2149,1701,1509
560150,637.7,261,574.82,254.25,991,2242,361,2131,1700,1510
560152,637.86,261,574.26,255.525,993,2242,355,2144,1701,1506
560154,637.94,261.075,575.86,254.775,994,2242,372,2137,1701,1512
560156,637.86,260.625,576.02,254.475,994,2238,374,2134,1699,1506
560158,637.86,260.55,575.14,254.625,994,2237,365,2135,1698,1503
560160,637.46,260.175,576.5,254.25,990,2233,379,2132,1702,1511
560162,637.22,259.65,576.5,253.65,988,2227,379,2125,1702,1511
560164,637.78,260.7,575.86,253.875,994,2239,374,2127,1702,1511
560166,637.94,260.4,576.18,253.65,995,2236,377,2125,1701,1512
560168,637.46,259.95,577.62,253.35,991,2230,392,2122,1702,1508
560170,637.94,260.1,577.22,253.725,996,2233,388,2127,1700,1506
560172,637.3,259.5,577.7,253.8,990,2225,393,2127,1705,1507
560174,637.46,258.675,577.22,253.875,992,2217,388,2128,1706,1514
560176,636.98,260.25,577.62,253.5,987,2233,392,2124,1704,1511
560178,636.9,259.875,577.14,253.875,986,2229,387,2128,1704,1511
560180,636.82,260.1,577.38,253.95,986,2232,390,2129,1706,1515
560182,637.06,260.175,577.7,253.65,987,2233,393,2126,1707,1511
560184,636.18,260.7,577.54,253.575,979,2238,393,2125,1705,1514
560186,636.34,258.825,578.1,254.175,982,2217,397,2132,1708,1517
560188,636.5,260.25,578.34,254.025,982,2233,400,2131,1708,1510
560190,636.34,258.375,578.9,254.4,982,2213,406,2135,1712,1510
560192,636.74,260.025,577.94,253.95,985,2231,397,2130,1708,1515
560194,636.74,260.25,578.98,253.125,985,2234,407,2122,1708,1514
560196,635.7,259.275,578.1,253.5,975,2223,399,2125,1709,1514
560198,635.86,258.225,578.18,254.325,978,2211,399,2134,1712,1511
560200,635.94,257.4,578.98,254.175,979,2204,408,2134,1712,1513
560202,635.78,256.275,579.78,252.6,978,2191,416,2117,1716,1516
560204,636.9,257.7,580.18,254.25,989,2207,419,2135,1713,1516
560206,636.1,257.4,580.9,253.875,981,2204,427,2132,1711,1514
560208,636.58,256.65,580.42,253.275,986,2196,423,2126,1710,1518
560210,636.42,257.175,580.26,254.175,985,2202,421,2135,1711,1516
560212,636.18,257.4,580.34,252.675,982,2204,422,2119,1711,1520
560214,635.54,255.45,580.98,252.45,977,2183,429,2117,1716,1519
560216,636.42,255.675,580.9,254.1,986,2186,427,2135,1717,1518
560218,635.86,255.825,581.78,253.65,980,2188,437,2131,1717,1515
560220,636.66,255.15,581.14,252.75,989,2181,432,2121,1720,1512
560222,636.18,256.35,582.74,253.8,983,2193,447,2133,1717,1512
560224,636.1,255.075,581.3,253.8,983,2181,433,2133,1721,1515
560226,635.06,254.7,582.42,253.2,973,2176,444,2127,1723,1515
560228,635.62,255.225,581.7,253.35,979,2182,438,2128,1723,1517
560230,635.54,254.25,581.94,252.75,979,2172,441,2122,1722,1520
560232,635.22,256.725,582.1,253.125,975,2199,443,2127,1718,1517
560234,635.38,256.425,582.34,253.575,977,2195,445,2131,1716,1516
560236,635.06,255.675,581.06,253.275,974,2187,432,2128,1722,1522
560238,636.5,254.7,582.66,252.525,989,2178,448,2121,1724,1517
560240,638.1,254.925,585.38,251.925,1006,2181,477,2117,1720,1515
560242,643.38,251.625,589.86,250.425,1060,2149,523,2103,1723,1516
560244,649.78,250.05,596.98,249.225,1125,2137,595,2095,1722,1520
560246,659.22,245.775,604.1,248.625,1222,2097,668,2093,1721,1521
560248,668.9,242.325,612.02,245.475,1322,2067,750,2065,1718,1521
560250,677.38,238.2,618.98,243.075,1408,2028,821,2044,1717,1519
560252,682.42,234,624.26,238.275,1461,1987,877,1996,1717,1521
560254,685.54,233.325,626.42,235.05,1493,1982,901,1963,1705,1524
560256,687.62,230.4,626.42,231.9,1515,1953,902,1930,1707,1519
560258,686.9,229.575,623.3,229.425,1509,1943,872,1902,1701,1515
560260,684.82,228.75,621.7,229.35,1489,1933,857,1900,1700,1522
560262,683.78,225.9,620.82,228,1480,1903,849,1885,1701,1521
560264,683.7,225.15,619.7,229.2,1479,1894,837,1897,1701,1521
560266,683.3,224.7,620.74,228.975,1476,1889,848,1895,1697,1519
560268,684.5,223.275,620.74,229.8,1489,1875,848,1904,1698,1522
560270,684.5,223.8,621.38,229.5,1488,1880,854,1901,1700,1523
560272,683.78,223.8,620.9,230.7,1481,1880,849,1913,1696,1521
560274,683.54,224.325,622.82,230.625,1478,1886,867,1914,1698,1528
560276,683.06,225.825,621.46,229.95,1473,1901,854,1906,1698,1527
560278,682.1,225.3,622.02,229.35,1464,1895,860,1900,1696,1523
560280,681.14,224.775,622.74,229.8,1454,1889,867,1905,1701,1528
560282,682.26,227.1,623.06,229.05,1464,1914,870,1897,1705,1528
560284,681.38,227.55,623.14,229.275,1455,1919,872,1900,1705,1529
560286,681.54,226.35,622.74,230.925,1457,1906,866,1917,1705,1528
560288,680.98,227.925,623.3,230.25,1451,1922,872,1911,1702,1529
560290,680.9,226.35,622.66,230.4,1450,1905,865,1912,1700,1526
560292,680.82,226.05,623.7,229.95,1450,1902,876,1908,1700,1528
560294,680.82,226.125,622.98,229.8,1450,1903,869,1906,1702,1527
560296,680.66,226.95,623.54,229.35,1447,1911,875,1901,1703,1529
560298,680.1,225,622.34,230.25,1443,1891,863,1910,1696,1527
560300,680.26,225.675,622.34,230.175,1444,1898,862,1910,1700,1529
560302,679.86,224.925,623.54,228.975,1440,1890,875,1897,1697,1534
560304,680.66,225.6,622.9,228.9,1449,1898,868,1896,1701,1527
560306,680.02,225.825,622.5,228.675,1442,1899,865,1893,1695,1527
560308,679.94,224.625,623.38,228.375,1441,1887,873,1891,1697,1528
560310,679.86,225.3,623.22,228.825,1440,1894,872,1895,1695,1530
560312,679.3,225,623.06,228.75,1434,1890,869,1895,1696,1529
560314,680.1,224.625,623.46,227.775,1442,1887,874,1885,1697,1530
560316,679.7,226.425,623.78,227.625,1437,1906,877,1883,1695,1531
560318,679.54,225.225,624.34,227.325,1436,1893,883,1881,1695,1528
560320,679.86,224.55,624.02,227.475,1439,1886,880,1882,1700,1526
560322,679.22,224.925,624.74,226.725,1433,1890,887,1874,1699,1527
560324,679.3,225.825,625.62,226.725,1433,1900,896,1876,1698,1524
560326,678.98,224.4,624.74,227.85,1431,1884,887,1887,1699,1531
560328,679.3,225.075,624.5,227.7,1434,1892,884,1885,1700,1531
560330,679.54,224.775,624.9,226.8,1436,1888,888,1875,1696,1527
560332,679.22,224.1,625.54,226.275,1433,1881,896,1870,1701,1530
560334,679.54,224.175,625.3,225.975,1436,1882,893,1868,1694,1529
560336,679.62,224.175,625.86,226.5,1436,1882,898,1874,1695,1524
560338,679.06,223.425,626.9,224.4,1432,1874,909,1852,1694,1527
560340,678.9,223.875,627.22,224.475,1429,1879,912,1853,1697,1524
560342,679.54,224.1,627.38,226.05,1436,1881,913,1869,1696,1522
560344,678.5,223.725,627.06,225.45,1425,1877,910,1862,1694,1524
560346,679.38,223.65,626.98,225,1434,1877,910,1858,1696,1524
560348,678.82,223.725,627.06,225.6,1428,1877,910,1864,1694,1524
560350,678.74,223.875,627.22,225.075,1427,1878,911,1859,1691,1521
560352,678.18,223.35,627.14,225.6,1422,1872,910,1864,1689,1527
560354,678.1,223.5,626.1,225.45,1421,1874,900,1861,1691,1523
560356,678.58,225.375,627.7,224.4,1425,1894,917,1852,1696,1524
560358,677.94,223.725,627.94,225.375,1420,1876,918,1862,1691,1524
560360,678.02,224.025,627.54,224.475,1419,1880,915,1852,1687,1522
560362,677.62,224.325,626.98,225.225,1416,1882,909,1860,1693,1526
560364,677.46,223.95,626.74,224.4,1414,1878,906,1851,1687,1522
560366,677.7,224.4,627.54,224.025,1416,1883,915,1847,1690,1522
560368,677.62,225,628.02,223.05,1415,1889,920,1837,1690,1521
560370,677.62,223.5,627.94,223.95,1416,1873,918,1847,1685,1525
560372,677.22,224.1,627.7,225.075,1411,1879,916,1858,1686,1521
560374,677.62,224.175,628.1,223.65,1415,1880,920,1843,1689,1520
560376,676.9,224.25,628.82,223.2,1408,1881,928,1839,1685,1523
560378,676.74,224.175,628.74,223.575,1407,1879,927,1843,1689,1520
560380,678.42,224.475,628.5,223.05,1423,1884,925,1838,1681,1520
560382,677.46,223.725,628.9,223.65,1414,1875,929,1844,1686,1521
560384,677.46,224.4,628.42,222.375,1413,1883,924,1830,1681,1519
560386,677.3,224.025,628.74,222,1412,1879,928,1826,1681,1517
560388,676.82,223.575,628.42,222.675,1408,1874,925,1834,1682,1522
560390,677.3,223.8,629.54,221.25,1412,1877,936,1819,1682,1519
560392,676.9,224.7,629.46,222.375,1408,1886,935,1832,1682,1523
560394,677.22,223.125,629.86,221.925,1412,1870,939,1828,1679,1521
560396,677.46,223.65,629.38,222.15,1415,1876,934,1829,1681,1522
560398,677.22,223.2,629.06,220.95,1413,1871,932,1817,1673,1515
560400,677.3,223.125,629.22,221.25,1413,1870,934,1821,1679,1518
560402,677.14,222.375,629.62,221.1,1412,1862,938,1819,1674,1522
560404,677.38,222.225,629.94,220.725,1415,1861,941,1816,1675,1521
560406,677.38,222.825,630.1,220.875,1414,1868,943,1817,1671,1518
560408,676.42,222.75,629.7,221.85,1406,1867,939,1828,1669,1519
560410,676.26,222.9,629.78,221.55,1403,1868,940,1825,1671,1519
560412,676.34,222.6,630.02,222.45,1405,1866,943,1835,1669,1519
560414,675.46,222.975,630.34,221.7,1396,1870,946,1828,1668,1519
560416,675.62,223.425,630.58,223.125,1398,1875,948,1843,1665,1522
560418,675.3,223.575,629.46,221.625,1395,1876,938,1827,1665,1521
560420,675.62,223.725,630.18,224.25,1398,1879,944,1856,1665,1520
560422,674.82,224.175,630.82,223.125,1390,1883,951,1845,1664,1519
560424,674.1,224.925,630.26,224.325,1383,1891,945,1858,1661,1519
560426,674.5,224.925,631.14,224.55,1387,1892,954,1861,1661,1520
560428,674.42,225.675,630.66,224.925,1386,1900,949,1866,1663,1511
560430,674.58,226.5,631.7,224.775,1387,1910,959,1864,1658,1519
560432,674.66,225.9,631.86,225.75,1389,1904,961,1876,1658,1511
560434,674.1,225.9,631.38,224.7,1383,1904,957,1864,1656,1517
560436,674.18,227.175,631.38,225.825,1384,1918,957,1877,1654,1515
560438,674.18,226.275,631.94,223.95,1384,1909,963,1857,1656,1517
560440,674.18,226.575,631.94,225.525,1385,1912,963,1875,1656,1510
560442,673.94,226.95,632.58,225,1382,1917,969,1870,1653,1517
560444,674.34,226.875,634.26,225.75,1386,1917,987,1879,1652,1512
560446,674.42,226.425,633.86,224.85,1388,1912,983,1870,1650,1513
560448,674.58,226.725,633.62,223.125,1390,1917,983,1853,1651,1516
560450,674.58,226.575,634.18,223.575,1390,1915,988,1858,1650,1514
560452,674.26,227.1,632.26,224.475,1387,1921,969,1867,1649,1511
560454,674.34,227.025,634.5,222.75,1388,1920,992,1850,1648,1513
560456,674.9,227.1,634.9,223.8,1395,1922,997,1862,1644,1512
560458,674.74,226.425,635.46,223.35,1394,1915,1003,1858,1645,1515
560460,675.06,225.525,635.14,223.65,1398,1906,1000,1861,1643,1510
560462,675.22,225.45,635.54,222.75,1399,1905,1005,1851,1644,1511
560464,675.38,225.15,636.34,222.45,1402,1902,1013,1848,1643,1507
560466,675.3,224.85,635.06,220.725,1401,1899,1001,1830,1639,1507
560468,675.06,224.7,636.66,220.2,1400,1897,1018,1825,1639,1508
560470,675.94,224.7,636.74,219.75,1409,1898,1019,1821,1639,1508
560472,675.38,223.8,636.58,220.35,1404,1887,1018,1827,1635,1506
560474,676.18,223.2,636.58,220.65,1412,1881,1018,1829,1633,1506
560476,675.94,223.35,636.42,220.8,1411,1882,1018,1830,1632,1501
560478,675.86,222.45,636.42,220.275,1410,1873,1018,1825,1636,1501
560480,675.78,222.675,636.58,220.125,1410,1874,1021,1823,1630,1504
560482,675.62,222.45,637.22,219.45,1409,1872,1027,1816,1631,1508
560484,676.42,223.2,636.66,220.8,1418,1879,1022,1829,1627,1503
560486,676.26,223.05,636.9,220.425,1416,1878,1024,1825,1632,1504
560488,675.78,223.875,637.06,221.175,1412,1885,1026,1832,1629,1502
560490,676.02,222.825,636.26,221.025,1415,1874,1018,1830,1632,1501
560492,675.7,223.575,636.66,221.4,1412,1881,1023,1833,1626,1501
560494,676.02,223.2,636.58,220.425,1415,1877,1022,1823,1628,1504
560496,674.66,223.05,635.46,221.025,1402,1873,1012,1827,1626,1497
560498,672.1,221.7,635.14,216.225,1377,1857,1011,1776,1624,1493
560500,669.22,218.325,630.9,213.375,1351,1819,971,1742,1618,1494
560502,664.58,212.25,626.34,209.1,1308,1751,927,1694,1617,1496
560504,659.06,205.875,621.22,202.575,1257,1680,881,1621,1609,1492
560506,652.58,195.675,614.1,189,1198,1568,818,1473,1608,1495
560508,648.1,184.8,608.5,179.925,1160,1450,768,1372,1601,1491
560510,646.66,173.775,604.42,171.525,1152,1333,732,1282,1592,1485
560512,647.06,165.75,599.86,161.775,1161,1248,693,1176,1585,1475
560514,646.82,154.65,598.58,154.275,1165,1132,685,1096,1566,1472
560516,647.62,144.075,597.3,145.875,1179,1021,677,1006,1562,1458
560518,647.78,137.1,593.94,135.975,1184,949,649,901,1552,1452
560520,648.58,130.95,593.7,131.925,1196,884,650,857,1539,1446
560522,647.3,125.4,591.46,127.275,1186,826,630,808,1529,1439
560524,648.82,122.175,589.46,124.05,1203,793,613,772,1523,1437
560526,649.78,121.65,589.3,123.375,1213,788,611,764,1520,1437
560528,651.06,121.875,589.14,123.375,1225,790,610,764,1521,1433
560530,651.62,122.325,588.5,123.3,1231,796,604,763,1521,1432
560532,652.02,122.1,589.3,125.025,1235,793,611,781,1524,1439
560534,652.82,121.875,588.74,124.5,1243,791,606,775,1527,1440
560536,651.54,122.025,588.9,124.125,1231,791,608,771,1528,1439
560538,650.9,121.05,589.54,124.875,1225,781,614,779,1526,1441
560540,649.38,120.975,591.54,122.775,1210,779,635,759,1524,1438
560542,649.62,120.9,591.62,123.45,1213,778,636,766,1525,1441
560544,648.58,120.675,591.22,124.2,1203,775,632,773,1524,1436
560546,648.42,120.3,593.38,123.525,1202,771,653,767,1526,1440
560548,648.58,120.6,593.22,124.2,1203,775,651,775,1523,1439
560550,648.18,120.75,593.7,124.8,1199,776,656,781,1525,1431
560552,647.54,120.9,593.7,124.875,1192,778,656,783,1527,1435
560554,647.22,121.35,592.9,124.275,1189,782,648,776,1524,1434
560556,647.46,120.6,594.26,124.95,1191,775,661,784,1524,1434
560558,647.22,121.05,594.02,124.05,1189,779,659,775,1523,1438
560560,647.06,121.125,593.54,123.75,1187,780,654,772,1521,1437
560562,646.98,120,594.82,124.65,1187,769,667,782,1525,1436
560564,646.66,120.525,594.34,124.125,1184,774,662,777,1518,1438
560566,646.74,121.05,594.18,124.425,1184,780,661,780,1516,1435
560568,646.74,119.775,594.42,123.975,1186,768,664,776,1517,1439
560570,646.74,120.075,594.58,123.9,1186,770,665,775,1518,1432
560572,646.66,120.9,595.22,123.825,1184,780,672,776,1515,1437
560574,646.02,118.65,594.42,122.25,1179,756,665,759,1520,1435
560576,643.86,119.775,594.26,123,1157,767,663,767,1521,1436
560578,644.9,119.85,595.7,123.6,1167,769,677,774,1517,1435
560580,644.5,120.675,595.62,123.375,1163,778,676,773,1513,1436
560582,643.78,119.55,596.42,123.075,1156,766,684,771,1518,1437
560584,644.34,120.3,596.34,123,1161,774,684,770,1515,1432
560586,643.14,120,596.5,122.7,1149,771,685,767,1518,1431
560588,643.46,120.225,595.7,122.4,1152,774,677,765,1518,1435
560590,644.1,119.55,596.58,121.65,1159,767,686,757,1513,1433
560592,643.14,118.95,596.82,121.2,1150,761,688,753,1517,1435
560594,643.14,118.95,596.58,121.05,1150,762,686,752,1517,1435
560596,643.14,120.375,596.82,122.475,1148,777,688,768,1512,1428
560598,642.82,119.7,598.02,121.425,1146,769,700,757,1515,1433
560600,642.18,119.85,597.62,121.65,1139,771,696,760,1514,1430
560602,642.58,119.475,597.38,122.025,1144,768,694,764,1517,1433
560604,642.74,119.925,597.46,122.325,1145,773,694,767,1515,1436
560606,643.22,119.175,597.62,122.1,1150,765,696,765,1516,1432
560608,642.34,119.925,597.86,121.875,1141,773,698,763,1514,1430
560610,642.18,119.175,598.1,120.15,1139,765,702,746,1514,1431
560612,641.7,119.475,598.18,120.15,1134,769,702,747,1513,1429
560614,642.5,119.175,597.62,120.975,1142,766,696,754,1517,1432
560616,642.34,118.95,598.34,122.325,1140,765,702,770,1513,1429
560618,642.34,118.575,599.22,120.9,1141,761,711,756,1515,1428
560620,642.34,118.8,598.9,120.375,1140,764,709,750,1513,1432
560622,642.34,119.025,599.54,120.675,1140,766,715,754,1515,1431
560624,641.46,118.95,598.82,121.125,1132,765,708,759,1514,1428
560626,642.02,119.175,599.06,120.9,1137,768,710,757,1514,1426
560628,641.3,119.025,599.86,121.725,1131,766,718,766,1510,1425
560630,640.58,118.725,599.54,120.9,1124,762,715,758,1510,1423
560632,641.46,118.8,599.46,120.3,1133,764,715,751,1511,1428
560634,641.22,119.325,600.26,120.3,1130,770,723,752,1513,1430
560636,642.1,118.05,600.18,119.475,1140,757,723,743,1512,1424
560638,641.22,118.425,600.66,119.625,1131,760,728,745,1511,1420
560640,641.46,117.75,600.5,119.7,1134,754,726,747,1512,1431
560642,642.18,118.125,599.62,120.225,1141,758,717,751,1515,1425
560644,642.26,118.2,601.22,118.8,1142,760,734,738,1510,1425
560646,641.54,118.125,601.78,118.95,1135,758,740,740,1509,1422
560648,641.78,117.225,600.9,119.4,1138,750,731,744,1512,1417
560650,641.62,117.075,601.22,118.5,1136,748,735,735,1511,1418
560652,640.98,116.4,600.74,118.05,1131,740,731,730,1514,1420
560654,641.78,116.85,601.14,117.9,1139,746,735,729,1514,1420
560656,641.46,117.15,600.74,116.925,1136,749,733,719,1509,1418
560658,641.3,116.475,600.98,117.6,1135,742,734,726,1512,1416
560660,641.54,116.325,601.54,119.025,1139,740,740,742,1512,1421
560662,641.38,116.7,601.62,118.5,1137,744,741,736,1512,1417
560664,641.38,115.725,601.22,118.5,1138,734,737,736,1511,1417
560666,641.14,115.5,601.06,119.25,1135,732,736,744,1515,1419
560668,641.14,116.175,600.34,118.875,1136,739,729,740,1511,1419
560670,640.74,116.55,601.78,117.825,1131,743,744,729,1508,1420
560672,641.3,116.475,600.74,119.925,1138,743,733,751,1511,1420
560674,641.3,116.25,600.34,119.925,1137,740,729,751,1513,1419
560676,640.26,116.7,601.62,119.625,1127,745,743,749,1510,1416
560678,641.22,116.1,601.78,119.925,1138,739,744,752,1511,1423
560680,641.14,115.8,600.66,119.55,1138,736,734,748,1510,1424
560682,641.14,115.5,601.78,120.675,1138,733,745,760,1515,1424
560684,641.14,115.725,601.62,119.1,1138,736,744,744,1516,1426
560686,641.86,114.6,602.58,119.475,1146,724,753,748,1514,1429
560688,642.58,115.95,602.42,119.325,1153,740,753,747,1518,1427
560690,641.94,115.8,601.62,119.7,1147,738,745,751,1514,1423
560692,642.42,116.1,602.34,119.1,1152,741,753,745,1514,1423
560694,642.42,115.575,602.02,118.35,1153,736,750,737,1517,1422
560696,643.22,116.1,603.06,118.95,1161,743,761,744,1515,1425
560698,643.14,115.05,601.86,116.475,1160,731,750,718,1511,1424
560700,641.54,111.675,600.98,114.3,1147,695,743,696,1512,1421
560702,641.3,107.4,599.94,106.875,1147,651,737,618,1507,1420
560704,640.5,101.4,599.14,97.05,1143,589,735,516,1508,1419
560706,640.18,92.325,597.86,93.225,1144,495,724,475,1502,1425
560708,640.5,87.975,596.18,90.15,1150,451,710,443,1496,1417
560710,642.1,86.85,595.54,89.85,1166,440,704,439,1492,1412
560712,643.38,86.4,593.86,87.975,1179,437,689,419,1490,1411
560714,644.02,85.725,593.94,88.125,1186,430,690,421,1489,1413
560716,644.34,85.2,594.9,87.225,1190,426,700,413,1489,1410
560718,645.46,85.425,594.02,87.75,1201,429,691,418,1488,1410
560720,644.98,84.9,593.54,88.275,1196,423,686,423,1491,1408
560722,644.66,84.75,593.22,89.25,1193,422,682,432,1493,1410
560724,644.02,85.2,593.86,88.95,1187,426,688,431,1492,1417
560726,643.7,85.425,594.02,89.175,1183,429,690,433,1492,1418
560728,643.3,85.35,594.1,89.775,1179,428,690,440,1493,1415
560730,644.18,86.475,593.94,89.325,1187,440,689,435,1493,1420
560732,643.22,86.175,594.02,89.1,1177,437,690,433,1495,1415
560734,642.82,85.5,594.58,90,1174,430,694,443,1494,1420
560736,642.58,86.775,593.62,90.45,1171,443,685,447,1492,1420
560738,641.3,86.25,594.74,89.475,1159,436,696,438,1492,1418
560740,640.66,86.1,595.14,90.45,1152,435,699,449,1491,1416
560742,639.22,87.675,593.86,91.875,1137,450,686,462,1491,1417
560744,638.74,88.575,593.62,91.35,1131,459,683,457,1491,1413
560746,637.86,87.9,594.5,91.125,1122,452,692,455,1492,1419
560748,638.58,87.75,594.42,91.35,1129,451,690,458,1495,1413
560750,638.5,88.2,593.7,91.65,1129,456,683,460,1496,1411
560752,638.02,87.975,593.3,91.65,1123,453,679,461,1495,1406
560754,638.34,87,594.26,91.05,1127,443,688,455,1496,1417
560756,638.26,87.525,594.1,91.875,1125,449,685,463,1496,1410
560758,638.18,86.7,593.86,91.05,1125,440,683,455,1498,1413
560760,638.42,86.55,593.94,89.775,1126,439,684,442,1495,1417
560762,637.78,86.55,592.42,90.15,1119,439,669,445,1496,1414
560764,637.3,86.625,593.46,89.4,1114,439,679,437,1498,1413
560766,638.02,85.65,594.42,89.775,1122,430,688,442,1501,1405
560768,637.62,84.975,593.62,89.25,1117,422,680,436,1503,1418
560770,637.46,85.275,594.58,88.425,1116,425,690,428,1501,1417
560772,638.58,84.675,595.06,89.25,1126,419,694,436,1502,1414
560774,637.38,84.9,594.02,89.325,1115,421,683,436,1501,1417
560776,637.7,84.825,593.86,88.8,1117,420,681,431,1500,1414
560778,637.86,84.075,596.1,88.125,1119,412,704,425,1504,1413
560780,637.62,84.6,595.06,87.9,1115,417,692,422,1501,1410
560782,637.86,84.075,595.94,86.175,1118,412,703,405,1503,1420
560784,639.06,83.4,594.58,86.25,1129,406,688,404,1504,1415
560786,638.18,84.15,596.1,86.175,1120,412,703,405,1505,1418
560788,638.5,83.7,596.42,87.3,1123,407,705,415,1499,1417
560790,638.82,83.25,595.94,85.725,1126,403,701,399,1506,1416
560792,638.34,83.55,596.42,85.95,1122,404,705,401,1506,1419
560794,638.34,83.1,596.5,85.2,1122,400,707,393,1503,1416
560796,639.14,83.55,596.34,86.175,1129,404,704,402,1502,1419
560798,637.78,83.1,596.9,86.475,1116,398,710,406,1508,1416
560800,638.34,82.575,596.66,87.075,1121,393,707,410,1507,1416
560802,638.9,83.025,596.82,86.175,1127,398,709,401,1505,1420
560804,638.26,82.8,596.58,86.775,1120,394,706,406,1509,1418
560806,639.22,82.5,597.14,85.65,1130,391,712,395,1506,1411
560808,639.14,83.4,597.62,87.15,1129,400,717,410,1505,1412
560810,638.66,82.575,597.22,86.625,1125,391,713,404,1506,1414
560812,638.58,83.1,597.54,87.15,1124,395,716,409,1509,1414
560814,638.9,83.475,597.78,85.725,1127,400,719,395,1503,1416
560816,638.82,83.175,597.22,86.55,1126,395,713,402,1511,1413
560818,638.9,83.925,597.54,86.475,1127,403,717,401,1512,1413
560820,639.22,84.225,598.02,87.45,1130,405,721,411,1504,1411
560822,638.18,84.15,598.26,86.85,1120,404,724,405,1509,1416
560824,638.58,83.85,597.54,87.975,1124,401,716,415,1507,1417
560826,639.14,83.85,598.42,88.125,1130,401,725,417,1509,1416
560828,639.62,84.6,597.62,88.5,1135,408,717,420,1511,1417
560830,638.9,83.85,598.5,88.425,1128,400,726,420,1508,1416
560832,638.66,85.575,597.46,87.75,1125,418,717,411,1509,1418
560834,638.9,84.075,598.1,87.525,1129,402,723,410,1511,1416
560836,639.54,84.45,597.7,87,1135,406,720,404,1511,1413
560838,638.42,84.9,597.94,87.675,1124,410,722,411,1508,1416
560840,638.26,85.125,598.58,87.6,1123,412,728,410,1511,1416
560842,638.26,84.975,599.22,88.275,1123,411,734,418,1512,1412
560844,638.18,84.675,598.34,88.275,1123,408,727,417,1514,1413
560846,639.38,85.125,598.74,87.825,1134,413,731,413,1510,1408
560848,638.66,84.825,597.86,87.6,1128,409,723,410,1513,1410
560850,638.42,84.975,598.1,88.05,1126,411,725,415,1514,1410
560852,638.58,85.425,598.18,87.9,1127,416,727,414,1512,1411
560854,639.06,84.675,598.66,89.325,1132,408,731,429,1511,1412
560856,638.66,84.9,598.42,88.425,1129,410,729,419,1513,1412
560858,638.82,85.2,598.66,88.5,1130,414,731,420,1511,1415
560860,639.38,84.75,598.66,87.75,1137,410,732,413,1514,1412
560862,638.5,84.525,597.86,88.2,1128,406,724,416,1514,1411
560864,638.98,85.425,597.54,87.975,1132,417,721,414,1515,1415
560866,639.06,85.125,599.06,87.075,1134,414,737,406,1515,1412
560868,638.9,84.45,598.5,87.675,1132,407,731,412,1514,1409
560870,638.98,85.5,597.94,88.5,1133,418,725,421,1515,1414
560872,638.26,84.825,597.54,87.225,1126,410,722,407,1514,1414
560874,638.5,84.45,597.78,88.2,1129,407,724,417,1513,1410
560876,638.34,85.425,597.38,85.95,1127,417,721,394,1517,1412
560878,638.74,84.75,596.9,87.675,1131,410,716,411,1516,1417
560880,638.66,84.825,597.14,87.225,1130,411,718,407,1514,1418
560882,638.74,84.375,597.3,87.9,1131,406,719,414,1517,1421
560884,638.42,85.275,597.54,88.2,1128,415,722,418,1516,1422
560886,638.1,84.375,596.74,87.45,1125,406,714,409,1516,1420
560888,638.58,85.425,597.3,87.525,1129,417,720,411,1514,1419
560890,638.26,84.15,597.22,87.6,1127,404,719,411,1518,1420
560892,638.1,84.75,596.82,86.625,1125,409,715,401,1516,1417
560894,637.86,85.35,596.9,87.15,1122,416,716,406,1519,1418
560896,637.62,85.275,597.3,87,1120,414,720,405,1520,1420
560898,637.54,85.725,596.9,88.575,1119,419,715,421,1517,1419
560900,638.02,84.6,597.14,88.725,1124,408,717,422,1520,1420
560902,637.62,84.975,596.9,88.125,1120,412,715,416,1520,1415
560904,637.86,85.425,596.98,88.2,1122,417,716,417,1518,1415
560906,637.3,86.25,596.98,89.025,1116,424,715,425,1518,1417
560908,636.9,84.675,596.9,88.575,1113,408,715,421,1523,1414
560910,638.34,85.65,597.06,88.275,1127,419,717,418,1520,1421
560912,637.54,85.5,596.26,87.975,1118,417,709,414,1519,1421
560914,637.22,85.35,596.18,88.35,1115,415,708,418,1521,1420
560916,637.54,85.875,596.42,88.125,1118,421,710,416,1517,1421
560918,637.54,84.9,596.02,87.525,1119,411,707,410,1519,1420
560920,638.02,85.2,596.02,86.925,1123,414,706,403,1521,1420
560922,637.78,85.65,596.1,89.025,1120,419,706,425,1518,1420
560924,637.46,85.05,596.9,87.6,1117,413,715,411,1521,1419
560926,637.7,84.75,596.18,87.6,1120,409,708,411,1520,1422
560928,637.46,85.05,596.42,89.025,1118,412,709,425,1521,1424
560930,637.54,84.825,595.54,87.375,1118,411,701,408,1522,1421
560932,637.38,84.3,595.86,87.9,1117,405,704,413,1522,1419
560934,637.78,85.5,596.66,87.525,1120,418,712,410,1519,1420
560936,638.02,84.9,597.3,87.825,1122,411,718,413,1523,1413
560938,637.62,85.05,596.9,87.15,1118,412,715,406,1522,1416
560940,637.86,85.35,597.46,88.125,1121,416,720,417,1521,1414
560942,637.54,84.825,597.3,87.375,1118,411,718,409,1522,1416
560944,638.02,86.1,596.02,88.95,1122,424,705,424,1519,1421
560946,637.62,87.225,595.3,89.325,1117,435,698,428,1519,1419
560948,636.18,91.875,593.46,93.9,1100,482,676,474,1521,1413
560950,634.66,103.275,587.86,98.7,1079,599,618,519,1522,1424
560952,630.66,111.3,582.82,109.05,1035,680,561,623,1529,1410
560954,628.5,121.125,576.18,121.2,1008,780,488,745,1530,1422
560956,626.98,132.525,570.34,133.125,987,897,422,865,1544,1438
560958,624.5,141.75,564.5,142.575,957,992,359,960,1556,1438
560960,625.14,150.075,563.54,149.7,959,1079,345,1034,1554,1443
560962,626.34,154.575,561.14,156.075,968,1127,317,1099,1559,1455
560964,628.42,156.15,561.94,159.375,989,1145,323,1134,1568,1456
560966,630.18,158.475,561.06,162.675,1005,1170,312,1169,1569,1458
560968,630.66,159,562.18,161.55,1009,1176,324,1157,1570,1458
560970,630.66,159.825,562.9,161.4,1009,1184,331,1156,1569,1458
560972,630.42,160.8,563.54,161.325,1006,1195,338,1156,1570,1460
560974,628.98,160.425,563.86,159.6,991,1190,342,1138,1566,1459
560976,628.5,160.425,563.78,157.05,986,1189,342,1111,1568,1457
560978,627.3,159.3,565.3,157.35,975,1177,358,1115,1570,1457
560980,626.66,158.625,565.46,156.15,969,1169,360,1103,1565,1453
560982,625.94,157.575,566.42,155.625,963,1158,370,1098,1565,1449
560984,625.7,158.4,566.74,158.475,961,1167,372,1128,1558,1441
560986,625.06,158.775,568.74,161.4,954,1170,390,1160,1555,1446
560988,625.3,160.05,567.78,162.825,955,1184,380,1175,1560,1444
560990,625.38,160.875,567.38,164.625,956,1192,374,1193,1560,1447
560992,624.98,160.125,567.46,163.275,952,1185,376,1179,1559,1451
560994,625.06,161.85,568.34,163.275,952,1203,385,1180,1564,1457
560996,624.9,161.475,568.42,163.275,951,1198,386,1180,1566,1455
560998,625.3,161.4,568.34,162.975,956,1198,386,1176,1562,1454
561000,624.82,161.625,568.26,162.225,951,1200,386,1169,1565,1450
561002,624.66,161.475,568.74,160.125,950,1198,392,1147,1561,1451
561004,624.26,161.4,568.9,160.8,946,1197,393,1154,1563,1448
561006,624.66,160.8,569.14,159.975,950,1192,396,1146,1566,1449
561008,623.62,161.025,569.54,159.3,939,1193,400,1139,1566,1450
561010,623.86,161.025,570.42,159.825,942,1193,409,1146,1563,1455
561012,624.1,160.5,570.18,158.625,945,1188,408,1133,1564,1451
561014,623.46,159.825,570.34,158.325,938,1181,409,1130,1561,1458
561016,623.78,159.6,570.74,157.575,942,1179,413,1122,1563,1453
561018,622.98,159.15,570.18,158.025,934,1173,408,1126,1563,1451
561020,623.22,159.225,571.14,156.225,937,1174,419,1109,1562,1450
561022,623.86,159.675,571.3,157.725,942,1179,419,1124,1562,1452
561024,622.98,158.4,571.22,158.7,935,1165,418,1134,1558,1452
561026,623.06,158.25,571.7,156.075,935,1164,424,1107,1561,1458
561028,623.38,157.875,571.22,157.425,939,1159,418,1121,1562,1456
561030,623.06,158.775,570.58,156.9,935,1169,413,1115,1561,1452
561032,622.98,159.3,571.62,157.725,934,1174,423,1124,1560,1452
561034,622.34,159.075,571.54,157.05,928,1172,422,1116,1562,1456
561036,622.74,159.225,571.14,158.775,932,1173,417,1134,1565,1453
561038,621.86,158.7,571.86,157.875,923,1167,425,1125,1563,1460
561040,621.54,158.025,571.22,159.075,920,1159,417,1137,1560,1456
561042,621.06,159.675,570.58,157.5,914,1176,412,1121,1565,1462
561044,620.9,160.275,570.82,158.25,912,1183,413,1128,1564,1451
561046,621.14,160.35,571.14,157.2,914,1184,417,1117,1569,1457
561048,620.98,160.575,571.38,158.925,913,1186,419,1136,1566,1460
561050,620.82,160.8,571.06,156.975,911,1188,416,1115,1569,1454
561052,620.82,160.35,570.42,158.4,910,1183,408,1130,1565,1452
561054,620.58,161.025,571.14,157.65,908,1190,416,1122,1566,1455
561056,619.46,161.55,570.26,156.9,896,1195,408,1114,1566,1455
561058,619.46,160.725,571.22,157.275,896,1186,417,1118,1564,1457
561060,620.26,161.325,570.42,157.65,903,1194,408,1122,1566,1463
561062,619.7,162,570.74,158.325,897,1200,410,1130,1567,1450
561064,619.86,161.25,571.46,157.125,899,1193,418,1117,1569,1450
561066,620.9,161.25,571.22,156.3,909,1193,416,1108,1565,1448
561068,620.42,160.95,570.98,157.2,904,1190,413,1118,1569,1452
561070,619.7,161.325,571.62,156.375,897,1193,420,1110,1570,1456
561072,620.58,161.025,572.26,154.875,905,1191,426,1095,1567,1460
561074,619.86,161.175,572.1,156.15,897,1192,423,1108,1568,1461
561076,619.14,161.25,572.1,154.8,889,1193,423,1094,1565,1461
561078,619.62,160.95,571.7,156.3,895,1190,418,1110,1565,1454
561080,619.94,160.8,572.02,155.775,896,1189,421,1104,1567,1453
561082,619.94,160.2,571.14,155.925,897,1183,413,1105,1566,1462
561084,619.7,160.425,572.02,155.4,894,1186,421,1101,1565,1457
561086,619.62,159.9,572.42,154.95,893,1179,425,1097,1569,1452
561088,620.34,159.525,572.5,155.25,900,1176,425,1101,1566,1462
561090,619.14,160.05,571.86,154.95,888,1181,418,1097,1569,1459
561092,619.06,159.675,572.5,155.175,887,1178,424,1100,1566,1452
561094,618.58,159,572.18,156.675,882,1171,420,1115,1565,1458
561096,619.06,159.825,572.1,155.625,885,1180,419,1105,1566,1458
561098,617.78,160.2,571.86,154.05,872,1182,418,1088,1566,1457
561100,617.86,161.1,572.66,156.375,873,1192,424,1113,1568,1460
561102,617.22,160.65,572.42,155.175,867,1188,422,1101,1569,1455
561104,617.54,161.1,572.18,156.825,869,1193,419,1118,1563,1462
561106,616.82,160.5,571.78,157.2,861,1186,414,1122,1568,1463
561108,617.14,161.775,572.26,157.95,864,1200,418,1131,1570,1460
561110,616.66,162.75,572.9,157.8,858,1211,424,1129,1569,1463
561112,616.58,162.975,573.06,158.475,856,1214,424,1137,1566,1462
561114,616.66,163.5,572.1,159.375,857,1219,414,1146,1568,1461
561116,617.06,163.35,571.86,158.25,860,1218,412,1135,1570,1469
561118,616.66,164.55,572.5,158.7,856,1231,418,1140,1567,1464
561120,616.9,163.575,573.06,159.45,858,1222,423,1149,1569,1466
561122,617.14,163.2,572.82,158.85,860,1217,420,1143,1570,1471
561124,617.14,163.875,573.78,158.85,860,1225,430,1144,1569,1464
561126,617.14,164.1,573.06,158.85,859,1227,422,1144,1572,1463
561128,617.54,162.9,573.7,159.525,864,1216,428,1151,1568,1463
561130,617.06,164.175,574.34,157.125,858,1229,436,1127,1571,1463
561132,618.34,162.825,574.26,157.725,871,1216,434,1133,1569,1461
561134,618.26,163.35,574.98,156.075,871,1221,443,1117,1571,1468
561136,618.26,163.275,574.58,156.375,870,1222,438,1120,1567,1466
561138,617.86,162.825,575.06,158.025,866,1216,442,1138,1568,1457
561140,618.9,162.675,574.98,156.075,877,1216,442,1117,1570,1461
561142,618.02,161.925,575.14,156.45,868,1207,444,1122,1570,1464
561144,618.58,162,575.54,155.85,874,1209,448,1116,1567,1462
561146,618.5,162.3,576.18,155.4,873,1211,455,1111,1573,1466
561148,617.86,161.325,575.7,155.175,867,1201,450,1109,1569,1467
561150,618.26,161.4,575.7,153.975,871,1202,451,1096,1569,1467
561152,618.26,160.725,575.86,153.9,871,1195,453,1095,1568,1466
561154,617.22,159.75,576.02,153.525,862,1184,455,1091,1570,1466
561156,617.86,159.675,576.1,153.6,869,1183,456,1092,1565,1469
561158,617.94,159.975,574.9,153.525,869,1186,444,1090,1571,1463
561160,616.9,159.075,576.5,154.8,861,1175,460,1104,1568,1463
561162,618.02,159.6,575.22,153,871,1182,448,1084,1565,1465
561164,617.62,158.625,575.06,152.775,868,1170,447,1081,1567,1464
561166,617.06,158.55,575.06,152.25,863,1169,447,1075,1567,1468
561168,617.62,158.625,575.46,151.95,869,1169,452,1071,1569,1464
561170,617.06,158.55,575.7,152.4,864,1168,455,1076,1570,1468
561172,616.74,158.55,575.54,153.975,861,1166,452,1092,1567,1471
561174,616.74,158.7,575.22,152.175,861,1168,450,1072,1571,1466
561176,616.66,158.85,575.22,152.925,861,1168,451,1078,1568,1469
561178,615.94,158.85,575.54,153.45,854,1167,453,1084,1568,1471
561180,616.1,159.675,575.14,152.85,856,1175,450,1076,1571,1462
561182,616.9,158.85,574.9,152.625,864,1167,448,1074,1569,1463
561184,616.18,158.925,574.42,153.525,857,1165,443,1081,1566,1466
561186,615.94,158.475,574.74,152.325,855,1161,447,1069,1566,1466
561188,615.78,159.9,575.22,153,853,1174,452,1075,1566,1467
561190,616.42,159.45,575.38,153.525,859,1170,454,1081,1565,1470
561192,615.46,158.925,574.9,153.675,851,1162,449,1081,1566,1469
561194,616.18,159.375,574.5,154.05,858,1167,445,1084,1569,1467
561196,615.86,159.375,574.9,154.125,855,1166,449,1084,1566,1465
561198,616.18,159.225,575.3,154.125,858,1164,453,1084,1568,1465
561200,615.7,159.15,576.66,153.675,854,1162,467,1078,1568,1470
561202,615.62,160.2,575.46,153.6,852,1173,455,1077,1565,1465
561204,615.22,160.65,575.06,154.875,848,1176,450,1089,1567,1472
561206,614.42,162.075,573.46,157.725,839,1190,432,1118,1567,1468
561208,613.22,165.375,571.3,160.575,826,1223,409,1146,1567,1467
561210,612.26,166.725,570.26,163.275,815,1236,397,1172,1575,1469
561212,611.78,168.45,568.74,164.25,809,1254,381,1181,1573,1471
561214,612.26,168.15,569.78,164.1,814,1251,391,1180,1574,1473
561216,613.7,167.7,569.46,165,829,1246,388,1188,1575,1469
561218,614.26,166.5,571.06,162.225,835,1234,406,1160,1579,1473
561220,615.14,164.4,572.02,160.5,845,1212,416,1142,1576,1474
561222,615.62,163.65,572.18,158.775,850,1204,420,1124,1574,1478
561224,616.42,163.35,571.86,159.6,858,1201,415,1132,1572,1474
561226,615.14,163.5,572.02,159.3,846,1201,418,1129,1568,1470
561228,615.54,164.4,572.82,159.3,849,1211,426,1129,1572,1473
561230,615.78,164.925,572.02,159.975,852,1216,417,1135,1569,1468
561232,615.22,164.85,572.02,161.1,846,1214,417,1147,1572,1467
561234,615.46,165.075,572.26,160.65,848,1217,420,1142,1574,1474
561236,615.14,165.225,572.42,160.65,845,1218,421,1142,1574,1470
561238,614.66,165.15,572.26,160.875,841,1217,420,1144,1573,1471
561240,615.14,164.85,571.54,161.175,846,1213,413,1146,1574,1467
561242,615.46,166.2,572.9,162.525,849,1228,425,1161,1570,1472
561244,615.22,165.6,572.98,161.85,847,1221,426,1154,1569,1472
561246,614.82,166.5,572.26,162.15,842,1230,420,1157,1574,1475
561248,614.82,166.275,572.82,162.3,843,1228,425,1159,1578,1472
561250,614.9,166.575,571.94,161.85,843,1231,416,1153,1573,1476
561252,614.26,166.35,571.7,161.775,837,1229,414,1152,1573,1471
561254,613.94,166.8,571.94,162.075,833,1233,417,1156,1576,1471
561256,614.02,166.35,571.94,161.775,835,1228,418,1153,1570,1476
561258,613.78,166.575,571.78,162.225,833,1230,415,1157,1573,1473
561260,613.94,166.8,572.74,163.275,834,1233,425,1169,1572,1475
561262,613.22,166.725,572.34,162.675,827,1232,421,1162,1575,1471
561264,613.46,167.175,571.62,163.2,829,1237,414,1167,1572,1467
561266,613.78,166.95,572.02,163.95,833,1234,417,1176,1573,1470
561268,613.14,166.575,572.02,161.925,827,1231,418,1155,1579,1474
561270,612.5,167.7,571.14,161.175,819,1242,410,1146,1573,1473
561272,612.74,166.275,572.02,162.45,823,1228,418,1161,1576,1472
561274,612.74,166.575,572.34,161.325,823,1231,422,1150,1575,1480
561276,612.82,166.95,571.54,163.5,823,1236,413,1172,1575,1470
561278,613.22,166.425,572.42,162.675,828,1230,422,1164,1577,1472
561280,612.58,166.425,572.42,163.2,821,1230,421,1170,1577,1470
561282,612.02,167.25,571.46,162.825,815,1239,412,1165,1573,1472
561284,612.58,166.425,572.66,164.775,821,1231,423,1188,1576,1472
561286,612.42,166.65,571.94,162,819,1233,417,1158,1577,1475
561288,612.34,166.725,572.66,162.975,818,1235,423,1169,1571,1473
561290,611.7,167.175,572.58,163.875,812,1239,422,1178,1577,1474
561292,611.62,165.975,571.62,163.2,811,1227,413,1172,1571,1474
561294,611.78,166.875,572.1,162.6,812,1236,418,1165,1576,1472
561296,612.26,166.125,571.94,163.2,818,1229,416,1172,1574,1471
561298,612.18,166.725,572.34,164.775,816,1236,419,1189,1571,1472
561300,612.82,166.65,572.66,164.025,823,1236,422,1181,1574,1472
561302,612.66,165.6,572.26,163.125,822,1225,419,1172,1575,1474
561304,612.26,166.2,572.1,162.525,817,1231,418,1166,1575,1476
561306,612.26,166.05,573.22,162.45,817,1230,429,1166,1573,1478
561308,612.34,166.05,571.86,163.125,817,1230,414,1172,1575,1477
561310,612.18,166.125,573.62,163.275,816,1230,432,1175,1576,1474
561312,612.42,166.05,573.86,162.375,818,1230,435,1166,1571,1474
561314,612.34,164.775,572.98,161.325,818,1217,427,1154,1576,1477
561316,612.98,165.15,573.22,162,824,1221,428,1161,1573,1475
561318,612.58,164.775,572.98,161.775,820,1217,426,1160,1571,1473
561320,612.66,164.775,572.66,160.95,820,1217,423,1150,1572,1478
561322,611.54,165.15,572.98,161.4,809,1220,426,1156,1573,1470
561324,608.26,166.2,571.7,161.4,776,1229,413,1155,1574,1474
561326,600.66,167.325,564.02,161.775,699,1236,336,1153,1572,1479
561328,589.7,172.5,553.78,163.05,586,1283,232,1160,1576,1475
561330,573.38,178.65,538.02,168,419,1337,71,1201,1588,1474
561332,553.78,184.275,519.14,171.825,219,1383,-121,1228,1586,1482
561334,532.82,189.075,495.86,176.25,5,1419,-359,1260,1586,1478
561336,510.9,191.175,472.82,178.5,-217,1427,-592,1268,1594,1488
561338,487.22,193.425,449.54,177.3,-457,1436,-827,1240,1600,1487
561340,466.74,193.2,426.74,176.25,-665,1420,-1058,1214,1600,1486
561342,444.9,192.525,403.7,172.725,-886,1398,-1290,1161,1592,1482
561344,423.22,190.65,381.06,170.475,-1105,1364,-1518,1121,1583,1479
561346,400.34,187.875,357.38,168.9,-1336,1319,-1759,1089,1575,1474
561348,378.9,186.75,335.14,167.325,-1553,1293,-1985,1057,1570,1465
561350,357.46,186.9,312.1,167.475,-1773,1280,-2221,1043,1563,1469
561352,338.02,187.2,290.5,168.825,-1972,1269,-2444,1042,1553,1460
561354,319.7,189.6,270.66,169.8,-2163,1283,-2650,1039,1547,1454
561356,303.94,192.3,253.06,170.1,-2327,1301,-2831,1030,1541,1459
561358,291.14,193.875,236.9,172.5,-2460,1309,-3000,1044,1539,1456
561360,284.34,195.525,225.94,176.4,-2532,1322,-3117,1078,1528,1457
561362,278.26,194.7,219.06,177.825,-2594,1309,-3190,1089,1534,1456
561364,276.98,194.625,215.7,177.3,-2606,1308,-3224,1081,1535,1451
561366,276.74,193.2,217.46,177.975,-2607,1292,-3206,1089,1537,1459
561368,278.98,190.35,220.1,175.65,-2582,1263,-3176,1066,1547,1461
561370,279.22,188.325,220.82,173.025,-2578,1242,-3166,1039,1550,1461
561372,279.22,186.6,221.86,171.675,-2576,1223,-3154,1025,1553,1460
561374,278.82,187.575,223.14,171.075,-2581,1233,-3141,1019,1552,1457
561376,278.34,188.55,222.42,171.075,-2587,1243,-3148,1019,1553,1456
561378,276.5,189.6,221.7,171,-2607,1253,-3155,1018,1553,1454
561380,276.02,189.9,221.46,171.375,-2612,1257,-3158,1022,1551,1453
561382,276.02,190.2,221.06,171.375,-2612,1260,-3163,1021,1551,1451
561384,275.86,190.575,219.94,173.175,-2614,1263,-3176,1040,1550,1455
561386,275.94,189.675,221.06,170.775,-2613,1254,-3162,1015,1553,1455
561388,275.94,189,221.78,172.35,-2612,1247,-3156,1033,1552,1459
561390,275.86,190.125,221.06,172.725,-2614,1259,-3164,1036,1546,1456
561392,275.86,187.875,222.42,172.275,-2612,1235,-3149,1032,1552,1450
561394,275.86,188.55,221.94,171.45,-2612,1242,-3154,1023,1551,1458
561396,275.7,188.7,222.58,171.525,-2615,1243,-3147,1025,1550,1459
561398,275.3,188.85,222.26,171.525,-2619,1245,-3150,1024,1551,1453
561400,275.06,188.25,222.18,171.45,-2621,1238,-3151,1023,1551,1453
561402,274.74,188.25,222.9,170.7,-2624,1238,-3143,1016,1551,1455
561404,273.86,188.4,222.5,170.925,-2633,1239,-3148,1018,1549,1455
561406,273.46,187.275,223.06,171.225,-2636,1227,-3142,1022,1548,1453
561408,273.14,186.9,222.58,170.475,-2640,1223,-3147,1014,1549,1458
561410,272.98,187.65,222.74,170.475,-2642,1231,-3145,1013,1546,1452
561412,272.26,186.975,222.66,170.325,-2649,1223,-3146,1012,1546,1453
561414,272.18,186.525,223.3,169.5,-2649,1218,-3139,1004,1547,1453
561416,271.62,186.6,222.66,169.575,-2656,1218,-3146,1004,1547,1457
561418,270.58,185.325,222.82,169.2,-2665,1203,-3144,1000,1551,1458
561420,270.9,184.875,223.7,170.4,-2662,1199,-3137,1013,1551,1454
561422,270.5,184.05,222.26,169.35,-2666,1190,-3150,1001,1550,1452
561424,269.7,184.275,223.7,169.95,-2675,1191,-3136,1008,1548,1457
561426,269.7,184.275,223.62,168.525,-2675,1191,-3136,992,1548,1451
561428,269.54,184.425,222.9,168.525,-2677,1192,-3144,992,1549,1453
561430,269.3,185.025,222.82,167.925,-2680,1199,-3144,986,1549,1453
561432,268.58,183.45,223.3,168.6,-2687,1181,-3141,993,1553,1451
561434,268.58,183.525,223.38,168.45,-2687,1182,-3140,991,1551,1454
561436,267.86,183.15,222.74,169.125,-2694,1178,-3148,997,1551,1451
561438,267.62,182.625,222.9,168.75,-2696,1172,-3146,993,1550,1449
561440,267.86,183.6,223.46,168.6,-2696,1182,-3141,991,1552,1451
561442,267.86,182.925,223.38,168.9,-2695,1174,-3142,995,1554,1452
561444,267.62,182.775,222.5,168.225,-2698,1172,-3151,986,1553,1450
561446,266.98,182.4,223.62,168.15,-2705,1168,-3139,987,1551,1449
561448,267.14,182.55,223.38,167.325,-2704,1169,-3143,977,1554,1449
561450,266.74,182.25,222.9,166.8,-2708,1165,-3147,971,1552,1454
561452,265.94,182.475,223.46,167.4,-2718,1166,-3143,977,1553,1448
561454,265.94,182.325,223.3,167.55,-2718,1165,-3144,978,1554,1452
561456,266.18,181.95,223.14,166.8,-2716,1161,-3147,970,1555,1451
561458,265.7,182.475,223.78,166.8,-2722,1165,-3141,970,1556,1450
561460,266.34,182.325,223.46,166.725,-2716,1164,-3145,968,1553,1449
561462,265.46,181.35,222.66,166.95,-2725,1153,-3153,970,1555,1448
561464,266.42,182.1,223.38,166.65,-2717,1161,-3147,967,1554,1452
561466,265.62,181.275,223.62,166.125,-2724,1152,-3144,962,1555,1455
561468,265.3,180.45,223.46,166.8,-2728,1142,-3148,968,1556,1451
561470,265.46,180.3,223.78,166.2,-2727,1140,-3144,962,1559,1450
561472,265.3,181.35,223.62,165.825,-2730,1150,-3146,957,1557,1451
561474,264.98,180.525,224.02,166.725,-2733,1141,-3143,967,1557,1452
561476,264.74,180.225,223.78,165.6,-2736,1138,-3145,954,1557,1453
561478,264.66,180.675,223.38,165.9,-2737,1143,-3150,957,1557,1451
561480,264.74,180.675,223.86,166.275,-2738,1142,-3147,961,1555,1449
561482,264.74,179.925,224.18,165.375,-2737,1134,-3142,952,1556,1451
561484,264.34,181.275,223.3,165.3,-2744,1148,-3153,950,1556,1453
561486,263.86,180.15,224.34,165.375,-2747,1136,-3142,951,1554,1451
561488,263.62,180.075,224.58,166.05,-2751,1134,-3141,958,1554,1449
561490,262.98,179.925,223.94,166.5,-2757,1132,-3148,962,1550,1448
561492,264.42,180.6,224.42,166.2,-2744,1139,-3144,959,1556,1452
561494,263.94,180.3,223.78,165.75,-2749,1136,-3150,954,1553,1451
561496,264.18,179.7,224.66,165.9,-2747,1129,-3142,956,1555,1454
561498,263.7,179.925,224.26,165.975,-2753,1131,-3147,956,1554,1451
561500,263.3,180.225,224.02,166.05,-2758,1134,-3151,956,1550,1450
561502,262.98,179.7,224.66,166.125,-2761,1128,-3144,957,1554,1451
561504,262.58,179.925,224.42,165.75,-2766,1130,-3147,953,1551,1452
561506,261.7,179.7,224.1,165.6,-2775,1127,-3151,950,1547,1450
561508,262.1,179.625,223.54,166.5,-2772,1126,-3158,960,1549,1447
561510,262.82,179.85,224.5,166.2,-2764,1128,-3147,957,1548,1449
561512,262.1,180,224.34,166.425,-2773,1129,-3150,959,1545,1446
561514,262.34,180.3,224.42,166.35,-2770,1132,-3149,958,1554,1450
561516,262.82,180.15,224.34,166.35,-2766,1130,-3151,957,1551,1447
561518,261.94,179.55,224.74,165.6,-2775,1124,-3146,950,1548,1450
561520,261.54,179.475,224.34,165.525,-2780,1123,-3151,948,1550,1448
561522,262.74,179.7,224.5,165.3,-2767,1125,-3148,946,1549,1446
561524,261.86,179.4,225.22,165.15,-2777,1121,-3142,944,1547,1448
561526,261.62,178.275,225.22,164.625,-2778,1109,-3141,939,1551,1449
561528,262.1,179.55,225.06,164.7,-2775,1122,-3144,939,1549,1449
561530,262.42,179.7,225.86,165.375,-2772,1124,-3136,947,1549,1453
561532,262.9,178.95,225.22,165.45,-2766,1116,-3143,946,1552,1449
561534,262.02,179.025,224.74,164.775,-2775,1116,-3148,939,1549,1449
561536,262.18,179.325,225.22,165,-2775,1120,-3143,941,1551,1449
561538,262.42,179.1,225.38,165,-2772,1117,-3141,941,1548,1445
561540,261.94,178.65,225.3,164.7,-2777,1111,-3142,938,1550,1450
561542,262.26,178.725,225.3,164.025,-2774,1112,-3142,930,1551,1447
561544,262.42,178.875,224.82,164.475,-2772,1114,-3147,935,1552,1448
561546,262.02,178.575,225.86,164.925,-2776,1110,-3137,940,1549,1448
561548,261.86,179.025,225.38,164.85,-2778,1115,-3142,939,1547,1445
561550,262.18,178.575,225.46,164.25,-2775,1110,-3141,932,1550,1450
561552,261.62,177.675,225.06,165.375,-2780,1099,-3146,944,1553,1443
561554,261.62,178.575,224.34,164.625,-2780,1109,-3152,935,1550,1448
561556,261.54,178.5,224.74,164.55,-2781,1108,-3149,934,1549,1445
561558,261.7,177.6,224.26,164.7,-2779,1099,-3154,935,1553,1448
561560,261.7,178.875,224.98,166.5,-2781,1111,-3148,954,1550,1443
561562,261.78,178.125,224.5,164.325,-2779,1103,-3152,931,1550,1446
561564,262.02,178.575,224.9,164.7,-2778,1108,-3148,934,1552,1443
561566,261.14,177.675,224.74,164.1,-2786,1097,-3149,928,1552,1446
561568,261.14,177.525,223.86,164.85,-2786,1095,-3159,935,1556,1445
561570,261.14,178.125,224.18,163.95,-2787,1101,-3155,926,1553,1443
561572,261.38,178.125,224.58,164.25,-2785,1101,-3152,928,1551,1446
561574,261.54,177.3,224.82,163.725,-2782,1093,-3149,923,1554,1446
561576,261.54,177.375,224.9,164.775,-2782,1093,-3149,933,1552,1443
561578,261.22,177.825,223.94,164.475,-2786,1097,-3159,929,1552,1446
561580,261.22,178.35,224.58,163.875,-2787,1102,-3152,923,1554,1441
561582,261.78,177.15,223.78,164.7,-2780,1090,-3161,931,1553,1442
561584,261.62,177.525,224.34,163.95,-2782,1093,-3155,922,1552,1445
561586,260.82,177.375,223.78,163.65,-2790,1091,-3160,919,1553,1441
561588,261.62,176.925,224.1,163.425,-2782,1086,-3158,916,1554,1443
561590,261.7,177.525,224.1,163.35,-2782,1093,-3157,916,1552,1439
561592,261.86,177.3,223.78,164.4,-2780,1090,-3162,926,1553,1442
561594,260.98,177.75,223.86,163.8,-2791,1094,-3161,920,1552,1445
561596,260.98,177.675,224.18,164.325,-2790,1093,-3158,925,1553,1440
561598,261.7,177.675,223.86,164.175,-2783,1093,-3162,923,1552,1443
561600,261.38,177.9,224.42,164.1,-2787,1094,-3156,922,1552,1441
561602,261.62,178.425,224.9,164.1,-2785,1100,-3151,922,1552,1440
561604,261.78,177.375,224.42,164.925,-2783,1089,-3157,931,1554,1440
561606,261.94,178.125,224.18,164.1,-2782,1097,-3159,922,1550,1443
561608,261.54,178.2,224.5,164.1,-2787,1097,-3156,921,1551,1439
561610,261.62,178.05,224.34,164.325,-2786,1096,-3158,924,1553,1442
561612,260.82,178.65,223.86,164.475,-2796,1101,-3164,925,1554,1445
561614,258.42,179.625,220.58,165.675,-2821,1110,-3199,936,1559,1437
561616,253.62,180.675,215.62,166.8,-2872,1117,-3252,943,1556,1441
561618,246.74,183.525,208.58,166.725,-2946,1143,-3325,938,1557,1438
561620,237.7,186.225,198.66,169.05,-3043,1166,-3431,956,1550,1434
561622,229.14,188.85,188.18,171.525,-3134,1188,-3542,975,1554,1442
561624,222.5,190.425,179.06,172.875,-3206,1200,-3639,983,1556,1439
561626,215.54,189.975,171.7,174,-3278,1190,-3717,989,1554,1440
561628,212.5,189.825,166.82,173.4,-3310,1186,-3768,979,1548,1440
561630,207.94,186.975,163.22,171.825,-3354,1153,-3804,960,1548,1433
561632,207.06,186.075,161.7,172.05,-3363,1142,-3821,961,1544,1437
561634,206.34,185.7,160.82,171.075,-3370,1138,-3828,950,1542,1432
561636,205.7,185.85,161.38,173.325,-3377,1138,-3825,974,1537,1432
561638,206.5,185.325,162.42,171.9,-3368,1133,-3813,960,1539,1429
561640,206.42,185.7,163.54,172.35,-3370,1137,-3803,965,1535,1431
561642,207.38,187.125,164.42,172.125,-3362,1153,-3793,963,1539,1434
561644,207.46,186.375,166.02,170.85,-3361,1144,-3776,950,1541,1428
561646,207.78,185.4,166.02,169.125,-3357,1134,-3775,932,1538,1427
561648,207.3,187.65,166.18,170.325,-3364,1158,-3775,945,1537,1429
561650,206.9,187.5,164.58,170.775,-3368,1156,-3791,948,1540,1424
561652,206.66,187.65,164.34,170.475,-3372,1157,-3795,944,1538,1422
561654,206.26,187.5,164.18,171.375,-3376,1155,-3797,953,1539,1428
561656,206.98,186.075,164.58,172.425,-3367,1140,-3795,964,1542,1426
561658,206.74,186.3,164.82,171.9,-3370,1142,-3792,959,1539,1421
561660,206.74,186.75,164.9,172.425,-3371,1146,-3791,964,1540,1427
561662,207.14,185.925,164.9,171.525,-3366,1137,-3790,955,1539,1422
561664,206.1,183.525,165.38,170.925,-3375,1111,-3786,947,1534,1420
561666,206.1,184.8,165.3,172.05,-3376,1124,-3788,960,1532,1423
561668,205.7,184.5,165.22,171.15,-3380,1120,-3788,950,1536,1423
561670,206.02,184.125,164.9,170.475,-3377,1117,-3791,942,1536,1421
561672,206.26,185.25,166.02,170.4,-3375,1128,-3779,941,1533,1418
561674,206.18,183.525,165.54,169.275,-3375,1109,-3783,929,1536,1419
561676,205.46,183.825,165.38,169.5,-3383,1111,-3785,930,1531,1417
561678,205.78,184.65,165.86,170.55,-3380,1120,-3781,942,1533,1419
561680,206.66,183.9,165.46,170.25,-3372,1112,-3786,938,1533,1419
561682,206.74,183.6,165.86,170.175,-3370,1109,-3782,937,1532,1416
561684,205.62,184.95,165.62,170.025,-3384,1122,-3784,935,1531,1416
561686,206.34,183.3,165.14,169.05,-3375,1105,-3789,924,1531,1419
561688,206.5,184.125,165.38,169.275,-3374,1113,-3787,925,1532,1418
561690,205.54,183.75,165.86,168.675,-3384,1108,-3781,919,1533,1417
561692,205.54,183.45,165.86,169.725,-3383,1103,-3783,929,1528,1412
561694,205.78,183.75,166.26,169.5,-3381,1107,-3778,928,1529,1408
561696,206.34,183.6,165.14,169.65,-3376,1105,-3791,927,1531,1413
561698,205.46,183.15,164.66,169.05,-3385,1099,-3795,921,1530,1412
561700,204.9,184.125,165.94,169.125,-3392,1109,-3782,922,1530,1412
561702,204.66,182.55,165.62,169.8,-3393,1091,-3786,929,1526,1409
561704,204.58,183.075,165.3,168.825,-3395,1096,-3789,917,1530,1413
561706,204.66,183.15,165.46,168.45,-3394,1097,-3787,913,1529,1411
561708,204.02,182.925,164.66,167.925,-3401,1093,-3795,905,1529,1413
561710,204.34,182.925,164.34,168.075,-3398,1093,-3799,907,1527,1413
561712,203.86,182.325,165.62,168.75,-3403,1086,-3787,914,1526,1409
561714,203.22,181.875,164.58,167.25,-3409,1081,-3796,897,1529,1406
561716,202.82,182.925,164.26,168.15,-3415,1090,-3801,906,1529,1413
561718,202.58,181.35,165.3,168.225,-3416,1073,-3790,907,1529,1408
561720,202.34,182.175,165.22,168.525,-3420,1081,-3792,910,1526,1408
561722,201.94,181.875,165.22,168.45,-3424,1077,-3792,909,1524,1406
561724,201.78,181.575,164.5,168.225,-3427,1073,-3800,905,1524,1409
561726,202.58,181.575,164.58,168.075,-3418,1074,-3799,903,1527,1409
561728,202.98,182.85,164.18,168.75,-3416,1087,-3805,910,1523,1407
561730,202.1,182.25,163.46,167.325,-3425,1080,-3811,894,1527,1405
561732,202.1,182.1,163.3,168.3,-3425,1078,-3815,904,1521,1407
561734,201.06,181.2,165.06,167.475,-3435,1068,-3795,896,1525,1400
561736,201.78,181.35,164.1,167.175,-3429,1069,-3806,891,1525,1400
561738,202.42,181.125,164.98,167.175,-3422,1067,-3797,892,1523,1397
561740,201.78,180.9,164.58,167.775,-3430,1063,-3803,897,1523,1400
561742,202.18,181.125,164.18,166.275,-3425,1066,-3806,882,1522,1406
561744,202.9,181.425,165.46,166.35,-3419,1070,-3793,882,1517,1401
561746,201.7,180.525,164.82,165.9,-3430,1059,-3799,878,1526,1405
561748,202.1,180.15,164.5,164.625,-3426,1055,-3802,863,1523,1401
561750,201.86,180.225,165.06,165.3,-3429,1056,-3796,871,1522,1403
561752,201.46,180.675,164.74,165.975,-3434,1060,-3801,878,1521,1399
561754,201.22,179.475,163.62,165.975,-3436,1047,-3813,877,1528,1397
561756,201.46,180.15,164.74,165.375,-3433,1055,-3800,871,1521,1402
561758,201.86,179.4,165.14,165.525,-3429,1047,-3797,873,1526,1399
561760,202.1,179.625,164.34,164.925,-3427,1049,-3805,866,1522,1400
561762,201.7,180,164.66,166.575,-3431,1053,-3803,883,1522,1397
561764,201.54,181.05,163.54,166.8,-3435,1064,-3816,885,1523,1402
561766,201.46,180.825,164.02,165.975,-3435,1061,-3809,877,1523,1400
561768,201.54,181.425,164.02,166.425,-3436,1067,-3810,881,1522,1395
561770,200.5,181.05,163.94,166.5,-3446,1063,-3811,882,1522,1400
561772,200.98,180.975,164.58,166.725,-3440,1062,-3805,885,1524,1398
561774,200.66,180.975,164.66,168.525,-3444,1062,-3805,904,1523,1402
561776,200.02,180.825,164.1,168.75,-3450,1060,-3811,906,1525,1400
561778,200.18,181.35,164.34,167.7,-3449,1066,-3808,895,1522,1400
561780,199.94,181.95,164.82,168.45,-3452,1072,-3804,904,1522,1400
561782,199.94,181.575,164.1,168.075,-3451,1068,-3811,899,1524,1397
561784,199.86,180.525,165.14,167.475,-3451,1058,-3799,894,1525,1395
561786,200.82,182.25,165.06,168.675,-3443,1077,-3802,907,1522,1400
561788,198.74,182.85,164.1,170.025,-3465,1082,-3812,921,1526,1400
561790,196.9,184.125,161.46,169.575,-3486,1094,-3839,915,1522,1399
561792,193.54,185.625,157.14,169.575,-3522,1108,-3885,912,1517,1399
561794,186.9,192,148.1,170.475,-3598,1173,-3980,915,1520,1399
561796,178.18,194.175,138.42,174.375,-3691,1190,-4086,951,1521,1405
561798,169.62,196.425,128.5,174.45,-3783,1209,-4189,944,1521,1403
561800,162.42,197.475,120.1,176.625,-3859,1216,-4280,963,1524,1402
561802,155.22,197.175,111.3,176.325,-3934,1208,-4372,953,1524,1403
561804,149.78,196.575,105.22,174.975,-3990,1197,-4433,935,1519,1396
561806,146.82,195.825,102.02,175.05,-4020,1188,-4467,934,1512,1395
561808,145.38,195.525,100.26,175.05,-4035,1184,-4485,933,1508,1395
561810,143.14,193.875,98.82,175.2,-4056,1164,-4500,933,1507,1388
561812,143.46,194.25,99.54,176.025,-4053,1169,-4494,944,1508,1394
561814,144.34,194.85,100.98,176.4,-4045,1176,-4479,948,1507,1394
561816,144.74,195.375,101.14,176.4,-4041,1182,-4476,948,1509,1397
561818,145.38,195.45,102.82,178.125,-4034,1184,-4461,968,1506,1401
561820,145.54,196.05,103.38,177.3,-4032,1190,-4454,960,1508,1400
561822,146.18,196.725,104.58,176.4,-4027,1198,-4440,951,1510,1396
561824,145.94,196.05,103.7,176.325,-4029,1190,-4449,949,1513,1399
561826,145.14,195.45,104.98,175.425,-4036,1184,-4435,941,1516,1394
561828,143.86,195.3,103.46,176.175,-4049,1181,-4451,947,1518,1395
561830,143.06,194.175,102.9,175.8,-4056,1168,-4456,943,1517,1392
561832,142.58,193.5,102.42,174.525,-4060,1160,-4460,929,1520,1395
561834,142.1,193.425,102.74,175.8,-4065,1159,-4458,942,1519,1396
561836,142.9,193.65,102.82,175.575,-4056,1160,-4456,939,1517,1391
561838,142.42,193.65,102.9,175.725,-4061,1160,-4456,941,1519,1394
561840,141.46,192.675,103.06,176.025,-4070,1149,-4454,943,1521,1396
561842,142.18,193.425,103.62,176.625,-4063,1157,-4448,950,1519,1395
561844,141.54,192.45,103.3,174.6,-4068,1144,-4449,927,1519,1397
561846,141.22,192.075,104.1,176.325,-4071,1140,-4443,946,1520,1397
561848,141.22,192.525,104.34,175.575,-4071,1144,-4440,937,1518,1395
561850,141.38,192.975,103.54,175.125,-4070,1148,-4447,931,1521,1398
561852,140.26,193.05,103.14,176.25,-4082,1147,-4453,941,1518,1399
561854,140.34,192.75,103.54,175.575,-4081,1144,-4448,934,1520,1397
561856,140.9,193.05,102.9,174.6,-4075,1146,-4453,922,1520,1395
561858,140.58,192.75,103.06,175.65,-4078,1143,-4453,933,1518,1402
561860,139.94,192.75,103.3,176.175,-4085,1141,-4450,937,1520,1393
561862,140.18,192.3,102.34,174.15,-4082,1136,-4459,915,1517,1398
561864,139.86,192.6,102.5,175.65,-4085,1137,-4458,930,1518,1401
561866,139.78,192.3,102.98,174.75,-4086,1134,-4452,920,1520,1401
561868,139.38,191.625,102.9,173.325,-4089,1124,-4451,903,1519,1402
561870,139.3,191.925,101.54,174.6,-4090,1128,-4467,916,1518,1401
561872,139.7,192.3,103.22,173.7,-4087,1131,-4448,906,1519,1404
561874,139.22,191.775,102.5,173.475,-4091,1124,-4456,903,1517,1397
561876,138.9,191.925,103.22,174.45,-4095,1124,-4450,912,1518,1395
561878,138.58,191.775,103.06,173.625,-4098,1123,-4451,903,1518,1401
561880,139.46,191.775,103.22,173.175,-4089,1122,-4448,897,1517,1398
561882,139.3,191.7,102.82,172.95,-4091,1120,-4453,894,1521,1404
561884,138.9,192.075,103.3,174.225,-4095,1123,-4449,907,1518,1401
561886,138.5,191.175,102.26,173.325,-4099,1113,-4458,896,1521,1402
561888,138.42,191.175,103.46,173.475,-4100,1112,-4447,897,1517,1402
561890,138.18,191.625,102.66,173.25,-4103,1116,-4455,894,1521,1407
561892,138.5,191.7,102.82,172.575,-4100,1116,-4453,886,1520,1402
561894,138.66,191.4,102.66,172.575,-4098,1113,-4455,886,1518,1405
561896,138.9,191.475,103.3,173.025,-4096,1112,-4449,890,1518,1403
561898,138.26,191.25,103.14,174.9,-4102,1109,-4453,910,1520,1401
561900,138.9,191.625,104.18,172.5,-4097,1113,-4439,884,1521,1404
561902,138.34,191.625,103.46,173.55,-4102,1112,-4448,894,1518,1408
561904,138.26,191.7,103.7,174.3,-4104,1112,-4447,902,1518,1409
561906,137.94,190.8,102.9,171.9,-4106,1103,-4453,875,1522,1409
561908,137.7,190.95,103.54,174.3,-4110,1103,-4449,901,1523,1411
561910,138.26,191.025,102.98,173.325,-4104,1105,-4454,890,1522,1409
561912,138.1,190.5,102.82,174.225,-4106,1098,-4457,899,1522,1407
561914,138.34,191.1,103.94,173.625,-4103,1104,-4445,893,1522,1412
561916,138.02,190.95,103.7,173.25,-4107,1103,-4447,888,1520,1409
561918,138.26,191.55,104.74,174.225,-4105,1109,-4437,900,1522,1411
561920,137.38,191.1,104.74,175.125,-4115,1103,-4439,909,1525,1411
561922,138.18,191.85,104.1,174.75,-4108,1112,-4446,905,1523,1413
561924,137.14,191.55,104.02,174.3,-4119,1108,-4447,899,1528,1411
561926,136.1,191.25,103.7,174.525,-4129,1104,-4450,901,1525,1413
561928,138.42,192,104.58,175.875,-4106,1113,-4443,917,1525,1416
561930,136.98,191.325,103.62,175.275,-4120,1105,-4453,909,1527,1417
561932,136.5,191.4,103.94,175.725,-4125,1105,-4450,915,1527,1413
561934,136.98,191.4,103.94,174.975,-4121,1106,-4449,906,1527,1414
561936,135.38,191.325,104.1,175.65,-4138,1104,-4449,914,1526,1413
561938,136.34,192.075,104.18,174.825,-4128,1112,-4446,905,1528,1415
561940,136.9,191.475,104.82,175.725,-4122,1107,-4441,915,1526,1416
561942,135.54,191.025,104.66,177.3,-4136,1101,-4444,932,1532,1420
561944,136.18,191.4,105.38,176.925,-4130,1106,-4437,929,1529,1418
561946,135.62,191.475,104.58,176.25,-4136,1106,-4445,921,1531,1416
561948,136.34,191.85,104.66,176.775,-4129,1111,-4444,927,1528,1422
561950,135.14,191.25,104.1,177,-4141,1104,-4451,929,1531,1423
561952,135.3,190.8,104.82,176.175,-4139,1100,-4442,922,1531,1421
561954,134.82,191.85,105.22,176.4,-4145,1111,-4439,924,1536,1424
561956,136.02,191.625,104.9,176.25,-4132,1110,-4442,923,1533,1420
561958,135.7,191.55,104.58,175.2,-4136,1109,-4444,912,1533,1425
561960,135.78,190.95,105.78,175.725,-4134,1103,-4432,919,1534,1422
561962,135.94,192.375,105.86,176.475,-4134,1118,-4432,927,1535,1425
561964,135.7,191.625,105.78,176.475,-4136,1111,-4433,927,1535,1422
561966,134.82,191.475,106.02,177,-4145,1109,-4430,933,1537,1428
561968,135.3,191.775,106.02,177.3,-4140,1113,-4431,937,1535,1424
561970,134.98,191.925,106.26,176.25,-4144,1115,-4427,926,1537,1427
561972,135.62,192.6,106.58,177.675,-4137,1123,-4425,942,1537,1429
561974,135.38,192.75,106.26,178.05,-4140,1125,-4429,946,1535,1428
561976,135.46,192.675,106.58,176.925,-4139,1124,-4425,935,1536,1428
561978,135.78,192.3,107.38,178.35,-4135,1121,-4418,951,1539,1433
561980,135.54,192.3,106.74,177.45,-4138,1121,-4424,941,1536,1431
561982,135.06,192.6,106.98,177.75,-4143,1124,-4421,945,1540,1432
561984,136.02,192.825,106.98,178.35,-4133,1128,-4422,952,1540,1431
561986,135.86,191.55,107.78,178.275,-4133,1114,-4413,951,1540,1433
561988,135.62,191.7,107.06,177.3,-4136,1116,-4419,941,1543,1433
561990,136.82,191.325,108.26,175.95,-4123,1112,-4405,928,1543,1435
561992,138.9,187.425,110.26,173.775,-4096,1072,-4381,906,1545,1431
561994,142.1,180.525,114.58,170.55,-4055,1001,-4332,874,1549,1433
561996,149.14,173.175,120.9,163.2,-3973,927,-4258,800,1544,1423
561998,158.42,162.3,129.22,152.625,-3865,817,-4159,693,1540,1433
562000,167.78,149.25,138.42,140.55,-3753,685,-4049,571,1546,1437
562002,178.42,129.675,148.66,123.075,-3623,485,-3924,393,1537,1420
562004,187.78,116.85,157.94,108.6,-3511,356,-3812,247,1529,1429
562006,199.94,99.15,166.18,90,-3368,178,-3708,57,1529,1419
562008,211.54,86.475,173.62,78.375,-3236,54,-3618,-58,1511,1410
562010,222.58,76.8,182.58,62.85,-3113,-38,-3510,-214,1500,1398
562012,234.5,69.225,190.66,51.975,-2983,-109,-3416,-322,1481,1385
562014,246.74,64.5,199.38,46.65,-2853,-150,-3321,-371,1467,1380
562016,258.66,62.85,209.06,43.275,-2730,-158,-3218,-399,1468,1370
562018,267.94,65.4,216.26,45.15,-2637,-125,-3147,-374,1461,1366
562020,277.54,70.275,221.06,51.45,-2544,-67,-3103,-305,1463,1368
562022,282.74,73.65,225.54,58.125,-2494,-28,-3065,-232,1467,1370
562024,286.74,78.6,227.94,65.025,-2457,26,-3046,-159,1478,1366
562026,287.62,83.475,228.42,66.15,-2453,77,-3043,-147,1501,1382
562028,289.22,84.3,228.42,68.025,-2437,86,-3044,-127,1510,1392
562030,288.18,82.875,228.1,64.875,-2447,71,-3044,-161,1508,1395
562032,285.7,80.4,226.74,58.8,-2470,42,-3052,-225,1512,1402
562034,284.58,77.025,228.42,54,-2478,7,-3030,-274,1513,1396
562036,283.54,74.1,229.06,51.375,-2486,-23,-3022,-302,1504,1401
562038,282.18,71.775,229.78,49.05,-2498,-49,-3013,-325,1497,1403
562040,281.86,70.425,231.46,50.325,-2500,-63,-2997,-311,1498,1400
562042,282.1,72.45,232.18,52.275,-2500,-42,-2991,-289,1494,1402
562044,281.78,72.525,232.9,53.175,-2503,-42,-2985,-280,1486,1397
562046,281.86,75.075,232.5,54.825,-2505,-15,-2991,-263,1496,1398
562048,281.3,75.6,232.5,56.475,-2511,-10,-2992,-245,1496,1400
562050,281.22,76.35,234.1,56.175,-2513,-2,-2976,-248,1499,1398
562052,280.1,76.2,232.82,54.975,-2525,-4,-2988,-261,1500,1399
562054,280.34,75.975,233.7,55.125,-2522,-6,-2979,-259,1502,1398
562056,280.58,76.725,233.38,55.125,-2521,0,-2983,-259,1502,1396
562058,280.26,76.05,233.54,53.775,-2523,-6,-2980,-273,1500,1404
562060,280.5,75.9,233.3,54.975,-2521,-7,-2984,-260,1501,1402
562062,280.9,75.75,235.3,54.45,-2517,-9,-2962,-264,1499,1406
562064,280.34,75.3,233.94,54.15,-2523,-13,-2977,-268,1505,1405
562066,280.34,74.55,235.3,53.025,-2522,-21,-2962,-279,1502,1405
562068,280.66,74.55,236.02,54.3,-2519,-21,-2957,-265,1501,1406
562070,280.26,74.25,235.86,51.825,-2523,-24,-2955,-291,1499,1412
562072,280.42,73.8,235.7,53.625,-2522,-28,-2960,-273,1504,1409
562074,279.78,72.6,235.46,53.85,-2527,-42,-2963,-270,1502,1405
562076,279.14,72.9,234.98,53.475,-2534,-39,-2968,-275,1502,1411
562078,279.38,72.825,237.54,52.8,-2532,-40,-2941,-280,1502,1408
562080,279.46,72.375,236.5,52.725,-2532,-45,-2953,-281,1499,1411
562082,278.66,72.15,235.78,52.35,-2540,-47,-2959,-286,1509,1409
562084,278.82,71.775,237.22,53.175,-2539,-52,-2947,-277,1506,1410
562086,278.18,69.675,237.94,51.525,-2544,-74,-2937,-294,1510,1410
562088,279.14,70.8,237.94,51.675,-2536,-62,-2939,-292,1504,1413
562090,278.5,71.475,237.62,52.2,-2543,-56,-2942,-287,1508,1414
562092,278.74,71.1,238.42,51.075,-2541,-60,-2934,-299,1507,1416
562094,278.26,70.2,237.3,51.525,-2545,-70,-2946,-295,1506,1416
562096,278.02,68.175,237.7,51.075,-2547,-91,-2943,-300,1512,1416
562098,277.22,67.275,238.34,50.7,-2554,-101,-2936,-303,1511,1415
562100,277.94,68.025,238.18,50.175,-2549,-94,-2938,-310,1514,1421
562102,278.34,67.275,239.94,50.55,-2544,-102,-2920,-305,1513,1414
562104,277.46,67.125,239.14,51.225,-2553,-105,-2930,-299,1510,1418
562106,277.46,67.2,239.06,50.55,-2553,-104,-2930,-306,1515,1419
562108,278.42,67.2,238.82,51.525,-2545,-104,-2934,-297,1510,1420
562110,277.86,66.375,238.5,50.4,-2549,-113,-2936,-309,1511,1420
562112,278.1,64.65,240.02,50.55,-2546,-132,-2922,-307,1512,1418
562114,277.86,66.15,239.94,49.875,-2550,-116,-2922,-314,1520,1423
562116,277.7,66.075,240.66,50.1,-2552,-118,-2916,-312,1508,1424
562118,278.26,67.125,239.86,50.325,-2547,-107,-2924,-310,1518,1419
562120,278.26,66.075,240.42,51,-2548,-119,-2920,-304,1515,1421
562122,277.46,66.825,239.94,50.625,-2556,-112,-2925,-308,1511,1424
562124,277.38,67.65,239.38,50.1,-2559,-104,-2930,-315,1517,1424
562126,277.3,65.85,239.78,50.1,-2557,-123,-2927,-315,1519,1425
562128,276.82,65.625,240.82,50.7,-2563,-126,-2917,-309,1518,1426
562130,277.14,65.4,240.9,50.025,-2560,-128,-2916,-316,1516,1426
562132,277.3,65.55,240.5,49.95,-2559,-128,-2921,-318,1518,1423
562134,277.86,65.325,241.62,50.325,-2553,-130,-2910,-313,1520,1426
562136,276.66,65.85,240.82,48.825,-2567,-126,-2917,-330,1519,1429
